# mean(lg_P) also median/mode
4.105835 4.087018 4.058770 4.026229 3.992640 3.937718 3.906530 3.872053 3.836935 3.814601 3.788546 3.755006 3.701178 3.653324 3.582233 3.521689 3.458095 3.421182 3.382515 3.313836 3.245453 3.190089 3.139035 3.077929 3.017528 2.964313 2.902982 2.849069 2.792970 2.740340 2.688436 2.638452 2.587288 2.538296 2.490559 2.444360 2.400036 2.356681 2.313121 2.271552 2.230370 2.190053 2.148515 2.106060 2.062976 2.018852 1.972587 1.923817 1.873090 1.819691 1.762968 1.704016 1.642632 1.578624 1.512165 1.443960 1.373641 1.301541 1.228075 1.153534 1.077684 1.000439 0.922455 0.843816
4.174952 4.147761 4.109769 4.066798 4.024687 3.960466 3.926091 3.890632 3.856380 3.836349 3.811415 3.774260 3.709843 3.648652 3.565354 3.503199 3.447333 3.417397 3.372417 3.288890 3.215331 3.168658 3.117456 3.046056 2.985741 2.933902 2.867520 2.813713 2.754482 2.700818 2.646932 2.595117 2.541895 2.490917 2.441249 2.393274 2.346881 2.301826 2.256737 2.213439 2.170493 2.128653 2.085596 2.041684 1.997551 1.952122 1.905038 1.855259 1.803827 1.749884 1.692833 1.633202 1.571154 1.505667 1.437655 1.368976 1.297113 1.223689 1.148656 1.073053 0.995961 0.917129 0.837685 0.757444
4.129685 4.105061 4.070379 4.031038 3.991586 3.930320 3.895812 3.859327 3.822711 3.799850 3.773064 3.736529 3.676517 3.621051 3.542826 3.479426 3.417704 3.383156 3.340620 3.264160 3.190916 3.137850 3.086047 3.019055 2.956608 2.902727 2.837578 2.781729 2.723185 2.668251 2.613581 2.561378 2.507461 2.455963 2.405467 2.356853 2.310286 2.264801 2.219459 2.176258 2.133781 2.092282 2.049820 2.007713 1.964505 1.920876 1.875557 1.828045 1.779075 1.727412 1.672952 1.615857 1.556430 1.493897 1.429098 1.361891 1.292456 1.221071 1.148840 1.073899 0.998130 0.922226 0.843957 0.765646
4.109416 4.093027 4.067885 4.038656 4.008738 3.957594 3.930093 3.898974 3.867295 3.846947 3.821446 3.788188 3.733857 3.686815 3.618689 3.563422 3.505055 3.470279 3.430025 3.359910 3.295311 3.245863 3.195455 3.133677 3.076604 3.026727 2.966195 2.915510 2.861392 2.811072 2.761845 2.714058 2.665611 2.619398 2.573967 2.529921 2.487958 2.446431 2.404855 2.364514 2.324355 2.284526 2.243595 2.201042 2.157538 2.112682 2.065494 2.015358 1.963009 1.907416 1.849035 1.788183 1.724546 1.660128 1.591764 1.522463 1.451516 1.378410 1.305007 1.229544 1.153395 1.076185 0.998574 0.919557
4.142441 4.126351 4.100605 4.070783 4.039566 3.985959 3.956262 3.922610 3.887772 3.865211 3.838974 3.806405 3.753839 3.709967 3.641846 3.583189 3.518465 3.480323 3.442464 3.376806 3.311942 3.256486 3.205289 3.146778 3.088705 3.036423 2.976836 2.926098 2.870691 2.820647 2.771152 2.723051 2.674756 2.628303 2.582930 2.539058 2.496904 2.455596 2.413795 2.373345 2.333016 2.293100 2.252278 2.209717 2.166016 2.121375 2.074303 2.024116 1.971570 1.916559 1.858394 1.797657 1.735073 1.669939 1.602297 1.534480 1.461433 1.388733 1.314044 1.240411 1.165034 1.087293 1.008538 0.929224
3.985468 3.970681 3.946858 3.918958 3.889860 3.841078 3.810977 3.777574 3.743196 3.720010 3.693872 3.662214 3.614616 3.572664 3.508584 3.449258 3.382760 3.340563 3.303705 3.243294 3.178542 3.117803 3.063415 3.007233 2.947647 2.889654 2.829929 2.773201 2.717440 2.662525 2.609035 2.557324 2.504565 2.453398 2.404050 2.356016 2.310519 2.265425 2.220763 2.178573 2.136785 2.095977 2.053849 2.012619 1.970396 1.927278 1.882562 1.835749 1.787616 1.736986 1.683444 1.627372 1.568916 1.506623 1.443065 1.375530 1.308445 1.237764 1.165390 1.091011 1.015522 0.939913 0.862053 0.785331
4.015289 3.989760 3.954305 3.914162 3.874354 3.815062 3.779939 3.744303 3.710242 3.688418 3.662595 3.625627 3.565559 3.506357 3.425919 3.362109 3.303674 3.271617 3.228147 3.147251 3.070973 3.020268 2.969023 2.896498 2.831864 2.777909 2.709114 2.649231 2.589649 2.530160 2.472104 2.415685 2.358539 2.302358 2.248349 2.196075 2.145948 2.097040 2.048295 2.002454 1.957108 1.913859 1.869492 1.827067 1.783467 1.740013 1.696743 1.652055 1.607037 1.560276 1.511187 1.460067 1.408281 1.349860 1.292545 1.230846 1.166981 1.100699 1.033011 0.962422 0.890853 0.815362 0.740292 0.664482
4.132951 4.114026 4.085842 4.053529 4.020843 3.966644 3.937644 3.905541 3.872871 3.852059 3.825957 3.790493 3.732744 3.681944 3.610548 3.554465 3.497159 3.462995 3.419993 3.345771 3.279749 3.231712 3.180245 3.115347 3.058007 3.007549 2.945083 2.894048 2.838353 2.787282 2.736896 2.688242 2.638743 2.591604 2.545215 2.500541 2.457697 2.415825 2.373710 2.333192 2.292962 2.253402 2.212810 2.171224 2.128245 2.084657 2.038893 1.990427 1.939506 1.885921 1.829296 1.770438 1.709441 1.645714 1.579292 1.513899 1.442247 1.370719 1.297689 1.224827 1.150183 1.075390 0.998346 0.919058
4.002678 3.980924 3.949447 3.913278 3.876379 3.819466 3.783757 3.746402 3.710012 3.686155 3.660699 3.628456 3.576813 3.527353 3.453004 3.385921 3.317200 3.279098 3.243739 3.177208 3.102922 3.040069 2.988709 2.928470 2.862787 2.804217 2.741579 2.680743 2.622743 2.564480 2.507684 2.452476 2.396493 2.341521 2.288808 2.237520 2.188576 2.140527 2.092806 2.047711 2.003226 1.959957 1.915938 1.873458 1.830115 1.786578 1.742265 1.696423 1.649469 1.600686 1.548813 1.495084 1.439382 1.378968 1.317499 1.252250 1.186387 1.117066 1.045946 0.972262 0.897063 0.821239 0.743558 0.666211
4.198567 4.182032 4.155669 4.124979 4.093868 4.038985 4.009756 3.976746 3.942676 3.921179 3.895473 3.862811 3.808568 3.763671 3.694920 3.637405 3.574304 3.538183 3.499937 3.432658 3.368783 3.316300 3.265858 3.207544 3.151059 3.101026 3.042015 2.994258 2.939743 2.891771 2.844334 2.797724 2.751393 2.707332 2.662874 2.620666 2.579324 2.539509 2.498043 2.457872 2.416568 2.375739 2.333518 2.289643 2.242240 2.194044 2.143584 2.090268 2.034376 1.975580 1.913948 1.849775 1.784047 1.715158 1.645535 1.574554 1.499769 1.425169 1.349440 1.272841 1.195107 1.117462 1.037584 0.955867
4.086052 4.072264 4.049536 4.022922 3.994765 3.945387 3.917244 3.884670 3.850320 3.827446 3.800659 3.768442 3.718619 3.678011 3.615010 3.558510 3.493044 3.452166 3.413974 3.351881 3.290117 3.233328 3.180074 3.123186 3.066605 3.012799 2.953914 2.902431 2.847516 2.796901 2.747081 2.698504 2.649907 2.602845 2.556825 2.512239 2.469826 2.427860 2.385502 2.344706 2.304118 2.264181 2.222579 2.179752 2.135693 2.090178 2.042966 1.992468 1.939743 1.884014 1.825526 1.764083 1.700335 1.634605 1.566313 1.495509 1.423961 1.351007 1.276726 1.200031 1.122450 1.043711 0.964735 0.884780
4.187415 4.161208 4.124005 4.081950 4.040418 3.976094 3.941468 3.905412 3.869777 3.848498 3.822744 3.785525 3.721890 3.662804 3.580641 3.517905 3.459557 3.428034 3.383807 3.302311 3.228949 3.180009 3.128827 3.058995 2.997910 2.945775 2.879824 2.826108 2.766815 2.713290 2.659611 2.608062 2.555172 2.504669 2.455105 2.407579 2.361553 2.316967 2.272106 2.229278 2.186752 2.145354 2.102910 2.059862 2.016386 1.972004 1.925476 1.876507 1.825655 1.772270 1.715800 1.656873 1.595424 1.531109 1.464253 1.395814 1.324269 1.251523 1.176819 1.102435 1.026295 0.947811 0.868190 0.788347
4.098491 4.073393 4.038196 3.998348 3.958397 3.897804 3.863127 3.826838 3.790525 3.767999 3.741091 3.703676 3.642920 3.585704 3.506123 3.442822 3.382640 3.348578 3.304948 3.225685 3.151537 3.099450 3.047628 2.977576 2.914885 2.860368 2.793677 2.736230 2.676445 2.619907 2.563753 2.509542 2.454234 2.400266 2.348568 2.298286 2.249979 2.202802 2.155823 2.111216 2.067036 2.024555 1.980583 1.936760 1.893233 1.848543 1.802552 1.754840 1.706120 1.654771 1.600652 1.543812 1.485614 1.421146 1.357366 1.290612 1.221938 1.150285 1.076877 1.001758 0.925371 0.847376 0.769405 0.690886
4.077898 4.060194 4.033721 4.003244 3.972143 3.920690 3.892604 3.861391 3.830132 3.809987 3.784580 3.750370 3.694882 3.645244 3.575502 3.519956 3.463480 3.429185 3.387396 3.314773 3.248746 3.200441 3.149370 3.085121 3.027316 2.976572 2.914346 2.861827 2.806942 2.754768 2.703845 2.654738 2.604203 2.556063 2.509065 2.463379 2.420021 2.376877 2.334217 2.293022 2.252429 2.212217 2.170976 2.128826 2.086310 2.042481 1.996353 1.947492 1.896489 1.842371 1.785420 1.725864 1.663895 1.599840 1.532167 1.464048 1.393333 1.320666 1.247088 1.172309 1.096272 1.019175 0.940412 0.861615
4.144534 4.128661 4.103435 4.074030 4.043454 3.990282 3.960757 3.927158 3.892361 3.870014 3.843967 3.812084 3.760648 3.717801 3.651176 3.592789 3.527364 3.488541 3.451176 3.387485 3.323841 3.268147 3.216091 3.159229 3.102118 3.049869 2.990989 2.941048 2.886405 2.836980 2.788060 2.740652 2.692765 2.647211 2.602001 2.558478 2.516606 2.475603 2.433872 2.393497 2.353059 2.313041 2.271695 2.228640 2.183983 2.137568 2.089380 2.038120 1.984454 1.927976 1.868061 1.805949 1.741684 1.674931 1.606460 1.534806 1.462452 1.388905 1.314620 1.238205 1.160997 1.082436 1.003213 0.923771
4.023378 4.008367 3.984288 3.956276 3.926727 3.876823 3.847233 3.814105 3.780527 3.757908 3.732380 3.701343 3.652726 3.610468 3.545230 3.486155 3.420869 3.380595 3.344329 3.282720 3.217701 3.158991 3.106330 3.050056 2.990222 2.935110 2.875850 2.820857 2.766145 2.713002 2.661115 2.611188 2.560180 2.511134 2.463359 2.417031 2.373482 2.329945 2.286955 2.246139 2.206009 2.166488 2.125970 2.085671 2.044254 2.002313 1.958194 1.912015 1.863910 1.813588 1.759718 1.703519 1.645395 1.583810 1.521240 1.455072 1.388156 1.318839 1.248395 1.175569 1.102040 1.024569 0.947870 0.869548
4.075911 4.051414 4.017109 3.978111 3.939074 3.879731 3.845993 3.810876 3.777018 3.756207 3.731091 3.695522 3.635903 3.578442 3.499201 3.436668 3.378842 3.347082 3.304877 3.225802 3.151633 3.101707 3.051428 2.981711 2.919425 2.866621 2.800599 2.743570 2.685622 2.629636 2.574337 2.521179 2.466533 2.413737 2.362660 2.313145 2.265808 2.219462 2.173289 2.129575 2.086356 2.044583 2.001407 1.958934 1.915371 1.871582 1.826362 1.779442 1.730981 1.680750 1.626654 1.570371 1.512939 1.449576 1.385788 1.319660 1.251567 1.180486 1.108523 1.034031 0.958163 0.881564 0.803937 0.725467
4.195155 4.173241 4.141139 4.104592 4.068504 4.009200 3.977880 3.943917 3.908872 3.886853 3.859480 3.822366 3.760610 3.707403 3.632308 3.574348 3.515528 3.481063 3.436502 3.359592 3.292054 3.243301 3.191076 3.124920 3.067094 3.015783 2.952335 2.901613 2.844066 2.793046 2.742073 2.692675 2.642651 2.594952 2.547536 2.502266 2.458160 2.415658 2.372115 2.330220 2.287943 2.246620 2.203983 2.159914 2.113825 2.066999 2.018155 1.966343 1.912120 1.855106 1.794986 1.732424 1.667131 1.600111 1.529760 1.458775 1.385129 1.310339 1.234500 1.156777 1.078364 0.998510 0.918410 0.838019
4.002253 3.979581 3.947147 3.910092 3.872571 3.815110 3.779113 3.741619 3.704525 3.680326 3.653897 3.620016 3.566773 3.515093 3.439933 3.372917 3.305171 3.267530 3.230055 3.161061 3.085841 3.024319 2.972886 2.910026 2.842725 2.785248 2.721126 2.659687 2.601427 2.542049 2.484528 2.428756 2.372246 2.316822 2.263453 2.211902 2.162390 2.114322 2.066250 2.021324 1.976859 1.933942 1.890655 1.849472 1.807235 1.765283 1.722463 1.679277 1.635069 1.588766 1.540748 1.490256 1.437033 1.381040 1.322822 1.261873 1.197630 1.131903 1.064362 0.994888 0.924312 0.852176 0.778249 0.702885
4.051560 4.033815 4.006697 3.975401 3.942845 3.889809 3.858556 3.824049 3.788731 3.765497 3.738996 3.705360 3.653128 3.606793 3.537450 3.476737 3.411812 3.372742 3.334141 3.267406 3.199190 3.141329 3.089084 3.028491 2.967397 2.911851 2.850137 2.794080 2.737214 2.682694 2.629168 2.577524 2.524788 2.473636 2.424476 2.376599 2.331038 2.286051 2.241367 2.198993 2.157185 2.116336 2.074294 2.032124 1.990169 1.946770 1.901473 1.854154 1.805227 1.753565 1.699152 1.642391 1.582838 1.520398 1.456121 1.388124 1.319721 1.248792 1.175671 1.102053 1.026911 0.949369 0.871918 0.793624
4.128068 4.117303 4.098087 4.075004 4.050697 4.004733 3.980515 3.951356 3.920882 3.901591 3.877162 3.847142 3.798814 3.759402 3.698589 3.646166 3.585318 3.548333 3.512137 3.450299 3.391535 3.339721 3.290010 3.235282 3.181185 3.132507 3.076376 3.029722 2.978187 2.931603 2.886410 2.841668 2.797569 2.755304 2.713402 2.672896 2.633881 2.595581 2.556118 2.517470 2.478187 2.438937 2.398200 2.355047 2.310169 2.263341 2.214598 2.162492 2.107818 2.050484 1.990318 1.927725 1.862762 1.796523 1.728020 1.658941 1.586951 1.514263 1.440563 1.365885 1.290279 1.215271 1.137799 1.059652
4.111198 4.087199 4.053211 4.014829 3.976486 3.917294 3.884927 3.850949 3.817883 3.797689 3.772360 3.736099 3.674817 3.617248 3.538334 3.478340 3.423057 3.391509 3.347197 3.266920 3.195316 3.148486 3.097198 3.027067 2.966786 2.915396 2.849719 2.795319 2.737593 2.683384 2.629642 2.578183 2.525139 2.474295 2.425089 2.377411 2.331738 2.287224 2.242833 2.200558 2.158793 2.118310 2.076814 2.035261 1.993106 1.950290 1.905875 1.859602 1.811663 1.761486 1.708007 1.652198 1.594250 1.532273 1.469049 1.402301 1.334832 1.264825 1.193948 1.121734 1.048588 0.969044 0.892095 0.812709
4.120704 4.093629 4.055678 4.012706 3.969260 3.904044 3.865740 3.826120 3.787091 3.762910 3.736526 3.701111 3.641760 3.585401 3.502835 3.433337 3.366462 3.331465 3.292153 3.216285 3.137995 3.079103 3.028306 2.961400 2.895266 2.838529 2.772407 2.713194 2.652351 2.594996 2.537651 2.482474 2.426130 2.371108 2.318231 2.266955 2.217599 2.169350 2.121556 2.075942 2.031144 1.987688 1.943137 1.898936 1.855229 1.810547 1.764433 1.716539 1.667464 1.616225 1.562180 1.505662 1.447091 1.384516 1.320570 1.253142 1.183547 1.111858 1.038320 0.962310 0.885253 0.806854 0.727776 0.646944
4.135435 4.116549 4.088393 4.056063 4.023156 3.968189 3.937943 3.904311 3.869435 3.847036 3.820079 3.785160 3.729124 3.680642 3.610166 3.551888 3.490154 3.453608 3.412520 3.341839 3.275132 3.222687 3.171008 3.108760 3.049899 2.998078 2.936363 2.884407 2.828604 2.777079 2.726290 2.677320 2.627494 2.580062 2.533176 2.488074 2.444910 2.402718 2.360159 2.319227 2.278556 2.238580 2.197665 2.155956 2.112329 2.068360 2.022113 1.973428 1.922231 1.868613 1.811456 1.752257 1.690479 1.626452 1.559662 1.492714 1.421095 1.349133 1.276240 1.201837 1.126365 1.050207 0.972548 0.893687
3.985273 3.968972 3.943864 3.914651 3.884699 3.835234 3.805285 3.772457 3.739279 3.716925 3.691136 3.658343 3.608333 3.562610 3.495893 3.436736 3.373636 3.334610 3.296541 3.231200 3.163761 3.106642 3.054334 2.994529 2.933306 2.877705 2.816365 2.759099 2.703520 2.647819 2.594051 2.542024 2.488707 2.437114 2.387462 2.339071 2.293452 2.247869 2.203336 2.160989 2.119269 2.078355 2.036749 1.995990 1.954894 1.912889 1.869096 1.823514 1.776670 1.726834 1.675500 1.621128 1.564020 1.504264 1.441300 1.377864 1.310636 1.241523 1.169971 1.098678 1.025473 0.951761 0.875666 0.799396
4.131993 4.118691 4.096233 4.069769 4.042092 3.992451 3.965634 3.934407 3.902091 3.881361 3.856266 3.824999 3.774358 3.732714 3.668154 3.612862 3.550461 3.513405 3.476301 3.412201 3.350383 3.297279 3.246943 3.190073 3.134210 3.083923 3.025955 2.977301 2.923857 2.875527 2.828189 2.781668 2.735277 2.690821 2.646807 2.604354 2.563363 2.523313 2.482027 2.441932 2.401517 2.361383 2.319684 2.275789 2.230401 2.183215 2.133865 2.081447 2.026220 1.967664 1.906510 1.842810 1.776718 1.709188 1.639719 1.568184 1.495716 1.421832 1.346894 1.269592 1.191859 1.114090 1.035071 0.954922
4.042724 4.016027 3.979312 3.938120 3.897709 3.837850 3.803621 3.768897 3.735257 3.713841 3.687021 3.647389 3.583049 3.521049 3.440233 3.379707 3.325230 3.292873 3.244086 3.158945 3.085577 3.038972 2.984778 2.909054 2.847505 2.793402 2.723178 2.664881 2.604303 2.545480 2.487472 2.431375 2.374419 2.318537 2.264834 2.212806 2.162977 2.114218 2.065980 2.020401 1.975368 1.932138 1.888177 1.845708 1.802823 1.759824 1.716438 1.671748 1.626482 1.578647 1.529602 1.478189 1.425293 1.368540 1.310700 1.247743 1.184760 1.118818 1.051080 0.980705 0.909422 0.831685 0.755773 0.679118
4.136865 4.114295 4.081808 4.044786 4.007434 3.947978 3.914867 3.879306 3.843532 3.821028 3.794527 3.759338 3.700955 3.648390 3.572463 3.510545 3.448709 3.413694 3.372596 3.298599 3.227574 3.174481 3.123251 3.058563 2.997543 2.944452 2.880946 2.826744 2.769241 2.715935 2.662927 2.612058 2.559724 2.509841 2.460861 2.413496 2.368047 2.323687 2.279030 2.236251 2.193801 2.152373 2.109703 2.066245 2.021803 1.976376 1.929026 1.879438 1.827610 1.773180 1.715318 1.654891 1.592255 1.526301 1.458438 1.387722 1.316719 1.242818 1.168687 1.090438 1.011874 0.933785 0.854805 0.775918
4.100381 4.078865 4.047717 4.012308 3.976068 3.918480 3.885266 3.849377 3.812905 3.789216 3.761953 3.726897 3.670307 3.619622 3.545647 3.483340 3.419402 3.381884 3.341473 3.269929 3.198950 3.142987 3.091050 3.027268 2.965196 2.910460 2.847123 2.791238 2.733291 2.678657 2.624581 2.572564 2.519373 2.467943 2.418238 2.370015 2.323981 2.278597 2.233844 2.190854 2.148673 2.107418 2.065203 2.022663 1.980200 1.936619 1.891344 1.844027 1.795144 1.743612 1.689083 1.631947 1.572505 1.509692 1.444817 1.378407 1.308685 1.237419 1.164196 1.091246 1.016342 0.939960 0.861879 0.782508
4.166944 4.150939 4.125042 4.094873 4.063524 4.009203 3.979018 3.944754 3.909144 3.886423 3.860413 3.828424 3.776570 3.733811 3.666266 3.607063 3.540400 3.501638 3.464714 3.400851 3.336955 3.280272 3.228714 3.172048 3.114712 3.062521 3.003608 2.954016 2.898942 2.849985 2.801251 2.753875 2.706389 2.661069 2.615993 2.572885 2.531015 2.490442 2.448817 2.408567 2.368037 2.328094 2.286849 2.243935 2.198725 2.152659 2.104357 2.053068 1.999121 1.942592 1.882485 1.820243 1.756480 1.689426 1.621557 1.551879 1.478618 1.405325 1.330322 1.254617 1.177825 1.101224 1.021708 0.942496
4.043262 4.031153 4.010479 3.985905 3.959776 3.913642 3.887322 3.856808 3.825687 3.805501 3.781361 3.751776 3.704951 3.664449 3.602165 3.546645 3.484210 3.445940 3.410612 3.349867 3.288001 3.232502 3.181678 3.126545 3.069554 3.017210 2.960022 2.908248 2.855582 2.805188 2.756310 2.708908 2.660706 2.614561 2.569708 2.525915 2.484352 2.443167 2.401809 2.362092 2.322809 2.283779 2.243400 2.201291 2.159006 2.115075 2.068832 2.019715 1.968664 1.914439 1.856853 1.796827 1.734285 1.670079 1.603248 1.534398 1.464215 1.392330 1.318968 1.245288 1.169884 1.094783 1.018045 0.941290
4.219506 4.193321 4.156126 4.114222 4.073736 4.009885 3.977007 3.942734 3.908092 3.887259 3.860290 3.821001 3.753780 3.693756 3.612986 3.554843 3.500211 3.468280 3.419650 3.335864 3.266926 3.221994 3.168343 3.097841 3.040117 2.988684 2.923082 2.871793 2.812835 2.761067 2.708890 2.658581 2.607321 2.558667 2.510348 2.464268 2.419353 2.376168 2.332418 2.290335 2.248101 2.207017 2.164983 2.121826 2.077056 2.031797 1.984521 1.934532 1.882325 1.827882 1.769210 1.708823 1.645966 1.579973 1.512029 1.441715 1.369790 1.296147 1.222041 1.146159 1.069203 0.989569 0.910244 0.830111
4.121907 4.100922 4.069927 4.034585 3.998423 3.940839 3.908638 3.873812 3.839016 3.817149 3.791412 3.756837 3.699664 3.647918 3.572770 3.511446 3.450149 3.415817 3.375586 3.301712 3.230902 3.178259 3.128078 3.062887 3.002085 2.949471 2.886206 2.832038 2.774594 2.721326 2.668576 2.617503 2.565614 2.515377 2.466878 2.419809 2.374641 2.330304 2.286036 2.243541 2.201458 2.160315 2.117969 2.074495 2.031219 1.986483 1.939725 1.890484 1.839446 1.785689 1.728658 1.669235 1.607412 1.542488 1.475432 1.405547 1.335182 1.262062 1.187271 1.112362 1.035463 0.954988 0.875718 0.795190
4.010737 3.990150 3.960454 3.926250 3.891517 3.836781 3.803700 3.768562 3.733689 3.710682 3.684509 3.651049 3.597721 3.547917 3.475312 3.412414 3.348445 3.311050 3.272736 3.203591 3.131721 3.074058 3.022453 2.960134 2.896404 2.840332 2.777373 2.718395 2.661479 2.604383 2.548943 2.495256 2.440387 2.387093 2.335694 2.285670 2.238166 2.191218 2.145011 2.101074 2.057416 2.015245 1.972171 1.930184 1.887136 1.844071 1.799492 1.753741 1.706370 1.657122 1.604327 1.549267 1.493300 1.430934 1.368565 1.303788 1.237034 1.166693 1.095732 1.021585 0.946374 0.870311 0.792882 0.715527
4.094985 4.080577 4.057601 4.030669 4.002701 3.953418 3.926440 3.895311 3.863133 3.842116 3.816535 3.784347 3.733079 3.689582 3.624875 3.569584 3.508478 3.471388 3.432728 3.367453 3.304556 3.251892 3.200742 3.142683 3.085486 3.034540 2.975546 2.924775 2.871605 2.821444 2.772673 2.725569 2.677410 2.632077 2.586805 2.543305 2.501747 2.460962 2.419396 2.379750 2.340157 2.301052 2.260467 2.219191 2.175776 2.131635 2.085015 2.035698 1.983685 1.928828 1.870962 1.810698 1.748413 1.683013 1.616144 1.548104 1.476240 1.403848 1.330856 1.255548 1.179534 1.105710 1.027881 0.949631
4.105511 4.091911 4.068909 4.041971 4.013112 3.962465 3.933575 3.900257 3.865866 3.843277 3.817750 3.787424 3.739514 3.700140 3.636443 3.578295 3.510904 3.469727 3.434013 3.374980 3.313389 3.254741 3.201526 3.147686 3.091172 3.037244 2.979525 2.928939 2.874688 2.825035 2.776062 2.728559 2.680739 2.634883 2.589819 2.546229 2.504564 2.463429 2.422023 2.381853 2.342105 2.302474 2.261817 2.219399 2.175775 2.130926 2.083873 2.033779 1.981385 1.926109 1.867549 1.806618 1.743852 1.677928 1.611017 1.541870 1.470255 1.397860 1.323780 1.248552 1.172173 1.095564 1.016877 0.938356
4.029537 4.004300 3.969505 3.930305 3.891762 3.833764 3.800016 3.765343 3.730958 3.708561 3.680866 3.641523 3.579136 3.519811 3.441717 3.381533 3.325196 3.290871 3.243053 3.160908 3.088224 3.039554 2.985260 2.911661 2.850161 2.795024 2.725776 2.666926 2.606829 2.547926 2.490076 2.433960 2.377019 2.321186 2.267483 2.215268 2.165794 2.116449 2.068419 2.022473 1.977312 1.933449 1.889067 1.846102 1.802621 1.759001 1.714774 1.668881 1.622284 1.573320 1.523250 1.470111 1.415498 1.356291 1.295993 1.234119 1.167899 1.099704 1.028843 0.956782 0.883266 0.808829 0.732101 0.654632
4.156751 4.134797 4.103007 4.066622 4.030087 3.971199 3.938866 3.903884 3.868647 3.846849 3.820881 3.785788 3.727779 3.675438 3.600219 3.539131 3.477766 3.443383 3.402345 3.328743 3.258660 3.206716 3.155556 3.091489 3.031351 2.979124 2.916357 2.863639 2.806685 2.754400 2.702540 2.652620 2.601532 2.552848 2.504884 2.458697 2.414346 2.370973 2.327368 2.285293 2.243582 2.202541 2.160570 2.117607 2.073365 2.028312 1.981222 1.931277 1.879245 1.824559 1.766611 1.706147 1.643335 1.577824 1.509672 1.440006 1.368110 1.294679 1.220485 1.144400 1.067409 0.987778 0.908246 0.828278
4.205206 4.186067 4.156754 4.122918 4.088974 4.031212 4.000204 3.965913 3.930326 3.908333 3.881971 3.847983 3.791277 3.743313 3.671068 3.611760 3.548597 3.513264 3.473747 3.403278 3.336882 3.284359 3.233932 3.173055 3.115028 3.064567 3.003983 2.954745 2.898963 2.849781 2.800855 2.753205 2.705384 2.659936 2.614566 2.571195 2.528858 2.488165 2.446114 2.405475 2.363907 2.323073 2.281339 2.237467 2.191353 2.144474 2.095051 2.042968 1.988418 1.931434 1.870255 1.807223 1.742035 1.674833 1.605559 1.533267 1.460749 1.386500 1.311609 1.234544 1.156883 1.077365 0.997726 0.917361
4.066373 4.049933 4.024384 3.994737 3.963776 3.912468 3.883158 3.850470 3.817691 3.796840 3.772275 3.740434 3.689144 3.642829 3.574141 3.515319 3.453586 3.417910 3.380861 3.313597 3.246310 3.192122 3.142592 3.082368 3.022448 2.970592 2.910275 2.856652 2.802139 2.749851 2.698909 2.649676 2.599440 2.551205 2.504308 2.458880 2.415680 2.373031 2.330485 2.289789 2.249780 2.210353 2.169886 2.128579 2.086697 2.043673 1.998712 1.951058 1.901821 1.849618 1.794345 1.736421 1.676576 1.613969 1.548534 1.482966 1.413000 1.342455 1.269767 1.197742 1.123499 1.048983 0.972649 0.896053
4.078225 4.062349 4.037163 4.007799 3.976666 3.924299 3.893631 3.859120 3.824004 3.800965 3.775272 3.744443 3.695618 3.653597 3.587230 3.526730 3.459097 3.418136 3.382387 3.321583 3.256830 3.196972 3.143826 3.088280 3.029494 2.974025 2.915168 2.861800 2.806419 2.754607 2.703354 2.654005 2.603763 2.555373 2.508475 2.462831 2.419480 2.376419 2.333589 2.292472 2.252010 2.212003 2.170791 2.128389 2.086043 2.042116 1.995888 1.947019 1.896487 1.842630 1.786018 1.726779 1.664977 1.600874 1.534173 1.465552 1.394475 1.322464 1.248615 1.174941 1.099282 1.022320 0.944393 0.865479
4.066497 4.039138 4.001683 3.959270 3.917155 3.854568 3.818062 3.780937 3.745402 3.723673 3.698364 3.662129 3.601804 3.542064 3.459749 3.393279 3.332697 3.300920 3.259080 3.179368 3.101468 3.048580 2.997930 2.927745 2.862328 2.807834 2.740434 2.680880 2.621592 2.563184 2.505798 2.450462 2.393775 2.338678 2.285381 2.233765 2.184535 2.136123 2.088287 2.042822 1.998246 1.954901 1.910847 1.868269 1.824763 1.781339 1.737051 1.691147 1.644476 1.595464 1.544403 1.490758 1.435582 1.376041 1.314330 1.252298 1.184763 1.116260 1.045984 0.973533 0.899177 0.825995 0.749562 0.671899
4.171985 4.148846 4.115069 4.076425 4.037227 3.975040 3.939996 3.902595 3.865353 3.842531 3.816989 3.783619 3.726825 3.675203 3.597547 3.532038 3.465976 3.430921 3.393223 3.321498 3.248913 3.192492 3.142244 3.079499 3.017595 2.964227 2.901494 2.847821 2.789795 2.737218 2.684489 2.633686 2.582162 2.532539 2.483935 2.437148 2.391934 2.347980 2.303705 2.261022 2.218625 2.177177 2.134655 2.090736 2.046253 2.000872 1.953363 1.903116 1.850828 1.796114 1.737947 1.677166 1.614086 1.548513 1.479894 1.411598 1.339029 1.265304 1.190301 1.114253 1.036800 0.957460 0.877097 0.795529
4.074213 4.057424 4.031660 4.001969 3.971157 3.919804 3.891289 3.859355 3.826911 3.805591 3.779607 3.746006 3.691759 3.644593 3.575620 3.518969 3.459617 3.423582 3.383280 3.313016 3.246798 3.195416 3.144533 3.081670 3.023088 2.971348 2.909769 2.856674 2.801282 2.748917 2.697725 2.648084 2.597619 2.548915 2.501878 2.455980 2.412529 2.369085 2.326301 2.284998 2.244154 2.203922 2.162606 2.120099 2.077537 2.033839 1.987809 1.939075 1.888277 1.834563 1.778031 1.719001 1.657315 1.593616 1.526423 1.458618 1.388253 1.315958 1.242184 1.168183 1.092756 1.015244 0.937578 0.858220
4.108530 4.093286 4.069156 4.041133 4.011910 3.961152 3.933319 3.901446 3.868767 3.847634 3.822037 3.789494 3.737750 3.693178 3.626941 3.570506 3.508953 3.472029 3.433414 3.367228 3.303382 3.250660 3.199600 3.140741 3.083281 3.032245 2.972681 2.922176 2.868288 2.818075 2.769100 2.721771 2.673652 2.628085 2.582967 2.539510 2.498061 2.457213 2.416257 2.376523 2.337516 2.298654 2.258948 2.218107 2.175640 2.132761 2.087434 2.038894 1.988380 1.935215 1.878588 1.820093 1.760142 1.696259 1.630989 1.566216 1.494163 1.423607 1.351401 1.279527 1.205914 1.132402 1.054793 0.976398
4.087128 4.072736 4.049212 4.021752 3.992772 3.942707 3.914518 3.882188 3.848777 3.826805 3.801071 3.769091 3.718621 3.676080 3.610754 3.553764 3.490117 3.451581 3.413936 3.349842 3.286191 3.230703 3.179193 3.121409 3.063635 3.010945 2.951716 2.899856 2.845306 2.794410 2.744575 2.696179 2.647215 2.600195 2.554189 2.509659 2.467092 2.425137 2.382730 2.342103 2.301760 2.261824 2.220574 2.178037 2.134555 2.089779 2.042618 1.992694 1.940420 1.885056 1.826692 1.765684 1.702538 1.636962 1.569313 1.499714 1.428586 1.355800 1.281640 1.205718 1.128670 1.050286 0.971497 0.891253
4.001973 3.972855 3.933300 3.888657 3.844832 3.781637 3.742468 3.703863 3.667130 3.643943 3.617735 3.579875 3.519080 3.456665 3.371957 3.302586 3.238554 3.207244 3.164743 3.082815 3.000967 2.945062 2.894091 2.820536 2.751684 2.694352 2.623677 2.559873 2.497771 2.434307 2.373198 2.312374 2.252768 2.192374 2.134890 2.078928 2.025194 1.972423 1.920040 1.870264 1.821100 1.773680 1.726595 1.680454 1.635616 1.590161 1.546108 1.500666 1.455610 1.407541 1.361009 1.311448 1.260482 1.208319 1.151376 1.097532 1.030173 0.967218 0.898599 0.833934 0.764775 0.691534 0.616847 0.540412
4.228492 4.207120 4.175427 4.138983 4.103345 4.043526 4.012421 3.978770 3.944525 3.923842 3.898166 3.862996 3.802789 3.750402 3.675224 3.616887 3.557811 3.525245 3.483380 3.408076 3.340960 3.292673 3.242353 3.178721 3.121429 3.072108 3.010417 2.961962 2.906122 2.857152 2.808439 2.760955 2.713175 2.668214 2.622460 2.579347 2.536978 2.496459 2.454584 2.414019 2.372450 2.331639 2.289613 2.246564 2.199729 2.152696 2.102992 2.050640 1.995820 1.938537 1.876995 1.813882 1.748759 1.680513 1.611282 1.540612 1.466402 1.392087 1.317228 1.240582 1.162718 1.085164 1.005844 0.924311
3.972918 3.954429 3.926975 3.895286 3.863306 3.811936 3.780499 3.746958 3.713482 3.690881 3.664828 3.631203 3.579056 3.530454 3.460767 3.400226 3.337787 3.300251 3.261329 3.192705 3.122671 3.066405 3.014652 2.952063 2.888965 2.833890 2.770764 2.711970 2.655773 2.598519 2.543399 2.489973 2.435343 2.382288 2.331052 2.281370 2.234278 2.187828 2.141933 2.098589 2.055831 2.014421 1.972265 1.931585 1.889385 1.847226 1.804374 1.759952 1.714664 1.667552 1.616979 1.564539 1.510493 1.451234 1.392256 1.327691 1.264578 1.197416 1.129847 1.057836 0.985665 0.908644 0.833163 0.756996
4.152778 4.136824 4.111781 4.082562 4.052608 4.000089 3.971766 3.939444 3.906152 3.884876 3.859097 3.826525 3.773444 3.728975 3.661834 3.605207 3.543013 3.506402 3.467909 3.401368 3.337706 3.285306 3.234369 3.176038 3.119175 3.068777 3.009667 2.960471 2.906490 2.857531 2.809370 2.762562 2.715263 2.670460 2.625675 2.582725 2.541329 2.500718 2.459448 2.419314 2.378898 2.338719 2.297358 2.254443 2.209472 2.163224 2.114522 2.062849 2.008614 1.951203 1.890881 1.828254 1.763494 1.696524 1.627381 1.556743 1.483709 1.410018 1.335608 1.259010 1.181520 1.104381 1.025340 0.944922
4.122459 4.109176 4.086585 4.059999 4.031763 3.981708 3.954076 3.922068 3.889133 3.867680 3.842424 3.811795 3.762149 3.721417 3.656869 3.600246 3.535916 3.497788 3.461859 3.399339 3.336986 3.281661 3.231215 3.175217 3.118644 3.067355 3.009617 2.960108 2.906249 2.857537 2.809606 2.762599 2.715888 2.670680 2.626637 2.583795 2.542721 2.502279 2.461185 2.421150 2.381039 2.341296 2.300157 2.256545 2.212443 2.166340 2.118143 2.066434 2.012545 1.955458 1.895239 1.832682 1.767470 1.701621 1.632317 1.561816 1.489447 1.416038 1.340591 1.264995 1.187440 1.109273 1.030748 0.951706
