# mean(lg_P) also median/mode
3.581441 3.560896 3.532444 3.500013 3.465195 3.417737 3.383368 3.348531 3.314554 3.290255 3.263805 3.230219 3.181475 3.128859 3.057665 2.991503 2.928977 2.890159 2.850290 2.781853 2.703115 2.639075 2.587438 2.521590 2.446179 2.385142 2.317195 2.243084 2.182313 2.111059 2.043920 1.976604 1.910443 1.840264 1.774569 1.709715 1.645745 1.582181 1.520334 1.458880 1.399074 1.341193 1.283358 1.226828 1.173784 1.120278 1.069014 1.018675 0.968899 0.919966 0.871150 0.822063 0.773644 0.723988 0.673447 0.622175 0.568616 0.513189 0.455067 0.394932 0.332104 0.266877 0.199250 0.129915
3.627563 3.598224 3.559820 3.517081 3.473372 3.417363 3.378945 3.342646 3.309727 3.287909 3.262347 3.224706 3.165248 3.097578 3.012714 2.943986 2.890499 2.860138 2.813151 2.725294 2.639391 2.588522 2.537554 2.453961 2.379847 2.324264 2.244979 2.172953 2.108024 2.034798 1.964749 1.894874 1.825896 1.752936 1.684642 1.616643 1.549337 1.482959 1.417736 1.352667 1.289376 1.227823 1.166845 1.107186 1.049876 0.993034 0.937802 0.884272 0.831365 0.779845 0.728791 0.678206 0.627891 0.577183 0.526131 0.474980 0.421866 0.367403 0.311974 0.253927 0.193251 0.130436 0.065378 -0.001952
3.624437 3.597887 3.562967 3.523788 3.483070 3.429334 3.391335 3.354257 3.318750 3.294145 3.266794 3.229823 3.174509 3.113938 3.034539 2.965352 2.904985 2.869090 2.825255 2.746763 2.662733 2.602915 2.551280 2.476427 2.399738 2.340283 2.266063 2.191705 2.128006 2.054834 1.985317 1.915711 1.847366 1.774813 1.706919 1.639488 1.572840 1.507074 1.442447 1.378306 1.315955 1.255075 1.194926 1.136194 1.079842 1.024625 0.970204 0.917409 0.865360 0.814525 0.763860 0.713291 0.663986 0.613625 0.562762 0.511147 0.457718 0.402592 0.345729 0.286728 0.225311 0.161494 0.095524 0.027330
3.574900 3.556931 3.531560 3.502471 3.471462 3.428030 3.397378 3.366171 3.335508 3.313414 3.287769 3.254562 3.205609 3.153677 3.085553 3.025193 2.968980 2.932310 2.890527 2.819580 2.745221 2.688925 2.637821 2.568810 2.498150 2.441286 2.372222 2.301996 2.242843 2.173817 2.108932 2.043963 1.980085 1.912574 1.849856 1.787207 1.726035 1.665455 1.606529 1.548011 1.491456 1.436661 1.382196 1.329437 1.278726 1.228453 1.179513 1.131718 1.084221 1.037110 0.989843 0.942265 0.894307 0.845040 0.794564 0.741937 0.687323 0.630411 0.570415 0.507884 0.443036 0.375540 0.305863 0.234298
3.626559 3.608535 3.582727 3.552889 3.520443 3.474603 3.441780 3.407904 3.373985 3.349667 3.323159 3.290190 3.243135 3.194388 3.126598 3.062338 2.998500 2.957872 2.918739 2.853799 2.778984 2.713715 2.660681 2.598086 2.525533 2.463229 2.398300 2.325376 2.265486 2.196561 2.131009 2.065995 2.001707 1.933913 1.871073 1.808304 1.747140 1.686454 1.627135 1.569216 1.512083 1.457769 1.403688 1.351192 1.299711 1.250018 1.200740 1.153212 1.105389 1.058190 1.010697 0.962580 0.914586 0.864803 0.813564 0.760061 0.704357 0.646588 0.585483 0.522196 0.456644 0.388060 0.317434 0.245744
3.452765 3.436370 3.412945 3.385012 3.354618 3.312240 3.280053 3.246317 3.212804 3.187531 3.161172 3.129750 3.087064 3.041397 2.977676 2.913705 2.848185 2.803852 2.765911 2.707514 2.635196 2.565077 2.509071 2.451594 2.379099 2.312151 2.248230 2.174175 2.111592 2.041474 1.973011 1.905512 1.838511 1.767257 1.700647 1.634533 1.569020 1.503788 1.439944 1.377064 1.315025 1.255013 1.194921 1.136946 1.081297 1.025987 0.972795 0.920327 0.869606 0.819468 0.770700 0.720514 0.672080 0.622814 0.573091 0.523375 0.471805 0.418276 0.363149 0.305954 0.246204 0.184567 0.119968 0.053920
3.537279 3.510119 3.474607 3.434785 3.393487 3.340438 3.302823 3.266574 3.233080 3.209715 3.183298 3.146318 3.090312 3.026263 2.945197 2.876506 2.820612 2.787171 2.742061 2.659259 2.573685 2.518665 2.467657 2.387859 2.311228 2.254160 2.176490 2.102425 2.037632 1.962490 1.891863 1.820387 1.750201 1.675602 1.605571 1.536006 1.466698 1.397914 1.330182 1.263159 1.197083 1.133072 1.069031 1.006569 0.946514 0.887840 0.830400 0.773989 0.719397 0.665513 0.612917 0.560557 0.510208 0.459121 0.408472 0.357696 0.306301 0.253949 0.200631 0.145188 0.088038 0.028984 -0.032345 -0.095417
3.636923 3.616335 3.587971 3.555683 3.521806 3.474996 3.442837 3.410437 3.378851 3.356354 3.329893 3.294236 3.241273 3.185512 3.113708 3.052535 2.997234 2.961461 2.916433 2.840289 2.764433 2.710713 2.658250 2.584562 2.514900 2.458191 2.385699 2.316675 2.255572 2.186535 2.120669 2.055513 1.990917 1.922933 1.859730 1.796849 1.735360 1.674424 1.615080 1.556507 1.499719 1.444831 1.390019 1.336945 1.286309 1.235862 1.186874 1.139155 1.091194 1.043892 0.996172 0.947805 0.899945 0.850308 0.799354 0.745894 0.690625 0.633593 0.572796 0.509868 0.444651 0.376650 0.306634 0.235526
3.471019 3.447552 3.416367 3.380227 3.341908 3.291420 3.253388 3.215249 3.179392 3.153766 3.127914 3.095646 3.048824 2.995030 2.920561 2.847985 2.780472 2.740528 2.704356 2.638779 2.555574 2.483643 2.432196 2.369825 2.289514 2.224102 2.157503 2.078767 2.015634 1.941071 1.870807 1.799597 1.729932 1.655281 1.585566 1.516126 1.446754 1.377944 1.310078 1.243046 1.177016 1.112351 1.048225 0.986055 0.925622 0.865743 0.808059 0.751607 0.695882 0.641922 0.589323 0.535359 0.484647 0.433510 0.382931 0.332419 0.280607 0.228974 0.175337 0.119516 0.062779 0.004014 -0.057359 -0.120166
3.645448 3.626886 3.600481 3.569980 3.537308 3.491066 3.458567 3.425206 3.392212 3.368801 3.342906 3.309839 3.261701 3.211485 3.142524 3.078906 3.017122 2.978537 2.938987 2.871905 2.796406 2.734083 2.682301 2.618014 2.545857 2.485819 2.419697 2.348375 2.289023 2.220846 2.156170 2.092006 2.028569 1.961768 1.899822 1.838076 1.777991 1.718449 1.660288 1.603423 1.547777 1.494253 1.440995 1.389144 1.339573 1.290539 1.242242 1.195487 1.147840 1.100771 1.052902 1.003727 0.955834 0.905533 0.853547 0.798743 0.742042 0.683311 0.620801 0.556116 0.489081 0.419549 0.347668 0.274598
3.535835 3.520291 3.497556 3.471020 3.441886 3.400112 3.369013 3.336372 3.303125 3.278140 3.251256 3.219032 3.174864 3.129751 3.067115 3.005722 2.941569 2.897757 2.858205 2.797800 2.727685 2.660568 2.604766 2.545083 2.474866 2.410234 2.345968 2.273912 2.212876 2.144219 2.077943 2.012347 1.947418 1.878843 1.815144 1.751325 1.689012 1.627109 1.566499 1.507136 1.448857 1.392778 1.336944 1.283249 1.230561 1.179527 1.129191 1.080337 1.031972 0.984134 0.936201 0.887651 0.839901 0.790557 0.740493 0.688272 0.634217 0.577769 0.518936 0.457524 0.393490 0.326883 0.258092 0.186853
3.674142 3.645697 3.608319 3.566297 3.523146 3.466842 3.428335 3.391545 3.357068 3.334096 3.307700 3.269782 3.210919 3.145656 3.062071 2.992958 2.936432 2.904160 2.857973 2.772664 2.687271 2.633197 2.582014 2.500958 2.426193 2.369190 2.291823 2.219062 2.154801 2.081832 2.012303 1.943085 1.874704 1.802434 1.735004 1.667850 1.601561 1.536169 1.471926 1.408407 1.346254 1.286223 1.226725 1.168746 1.112520 1.057684 1.003672 0.951551 0.899322 0.848897 0.798320 0.748326 0.698492 0.648005 0.596728 0.544153 0.490219 0.434377 0.376355 0.316287 0.253655 0.188599 0.121075 0.051693
3.564923 3.538001 3.502473 3.462762 3.421436 3.368148 3.330185 3.293165 3.258212 3.233531 3.206031 3.168437 3.112276 3.049350 2.969068 2.899915 2.841534 2.806346 2.760755 2.679567 2.594343 2.536317 2.484260 2.406652 2.329188 2.270134 2.193769 2.118146 2.053503 1.977910 1.907161 1.835649 1.765069 1.690315 1.620254 1.550518 1.481131 1.412226 1.344574 1.277371 1.211295 1.147349 1.083287 1.021050 0.960841 0.901664 0.844188 0.787566 0.732537 0.678637 0.625700 0.573428 0.522035 0.470691 0.419491 0.368005 0.315415 0.261968 0.206846 0.149993 0.091035 0.030275 -0.032907 -0.098648
3.538766 3.519508 3.492815 3.462387 3.430163 3.386093 3.354929 3.323576 3.293286 3.271329 3.245661 3.211483 3.161124 3.106729 3.036770 2.976307 2.921963 2.886253 2.842694 2.768711 2.693290 2.639164 2.587624 2.515270 2.444829 2.388807 2.316704 2.246574 2.185855 2.115718 2.049454 1.983164 1.917842 1.848663 1.784117 1.719811 1.656741 1.594247 1.533124 1.472488 1.413728 1.356473 1.299807 1.244710 1.191970 1.139786 1.089187 1.039455 0.990568 0.942638 0.895237 0.847575 0.799507 0.750626 0.700791 0.649621 0.596677 0.541591 0.483414 0.422983 0.360208 0.295033 0.227387 0.157723
3.600954 3.583238 3.557880 3.528611 3.496782 3.451706 3.418950 3.385131 3.351396 3.327127 3.300910 3.268782 3.223171 3.175700 3.109086 3.044954 2.980561 2.938913 2.900667 2.838291 2.764604 2.698331 2.644479 2.583901 2.512167 2.449071 2.384482 2.312791 2.252450 2.184547 2.118801 2.054164 1.990159 1.922660 1.859783 1.797223 1.736218 1.675746 1.616722 1.558634 1.502043 1.447332 1.393284 1.340218 1.289734 1.239701 1.190804 1.143237 1.095416 1.048215 1.000485 0.951813 0.904430 0.854733 0.804029 0.750779 0.695454 0.638163 0.577535 0.514468 0.448811 0.380725 0.310391 0.237724
3.527047 3.510331 3.486402 3.458536 3.427991 3.384808 3.352601 3.319368 3.286364 3.262230 3.236506 3.205355 3.161732 3.115778 3.050877 2.987155 2.922770 2.880550 2.843235 2.783124 2.710568 2.642853 2.588685 2.529906 2.457858 2.393767 2.330329 2.257411 2.196838 2.128138 2.061702 1.995894 1.931186 1.862379 1.798402 1.734531 1.672025 1.610061 1.549411 1.489623 1.431273 1.374821 1.318970 1.264586 1.212230 1.161358 1.111328 1.062283 1.014523 0.966904 0.920025 0.871549 0.825228 0.776475 0.727051 0.675882 0.623174 0.568216 0.510818 0.450857 0.388378 0.323388 0.256282 0.186977
3.547476 3.521240 3.486664 3.447824 3.407517 3.355363 3.318454 3.282802 3.249958 3.227393 3.201825 3.166113 3.111277 3.048621 2.968498 2.900346 2.844523 2.812047 2.768389 2.687001 2.602357 2.547235 2.497668 2.419347 2.343372 2.287332 2.211152 2.137377 2.074150 1.999966 1.930785 1.860449 1.791696 1.718424 1.649942 1.581709 1.513937 1.447027 1.381262 1.315592 1.251671 1.189378 1.127377 1.066963 1.008930 0.951954 0.896205 0.841619 0.788621 0.736544 0.685556 0.633572 0.584268 0.533723 0.483587 0.433386 0.381342 0.328809 0.274669 0.217481 0.158530 0.097818 0.034268 -0.031527
3.641514 3.617409 3.585185 3.548848 3.511138 3.460488 3.425437 3.390772 3.357023 3.333017 3.305156 3.267243 3.211069 3.151587 3.075571 3.011469 2.954782 2.918490 2.871484 2.791456 2.712456 2.657346 2.603816 2.527071 2.455189 2.396579 2.322091 2.250608 2.187400 2.115986 2.047711 1.980068 1.912919 1.842221 1.776295 1.710622 1.646090 1.582077 1.519577 1.457776 1.397482 1.339242 1.281239 1.224881 1.170780 1.117139 1.064895 1.014456 0.963675 0.914173 0.864247 0.814522 0.765111 0.714801 0.663375 0.610843 0.556299 0.499773 0.440798 0.379583 0.315738 0.249251 0.180570 0.110073
3.539839 3.515665 3.483189 3.446414 3.407288 3.355741 3.317688 3.279503 3.243083 3.217112 3.190297 3.156359 3.107256 3.051715 2.976143 2.904212 2.837736 2.797992 2.760105 2.691493 2.607341 2.537934 2.486673 2.420790 2.340416 2.277093 2.208496 2.130216 2.067274 1.992873 1.923098 1.852407 1.783246 1.709479 1.640333 1.571648 1.503655 1.436303 1.369731 1.304251 1.239429 1.176864 1.114532 1.053863 0.995270 0.938099 0.881820 0.827273 0.774595 0.722238 0.671391 0.620680 0.570991 0.520750 0.470696 0.421580 0.370890 0.318971 0.266393 0.211343 0.154232 0.095500 0.034343 -0.029017
3.532077 3.512545 3.485412 3.454169 3.420370 3.374325 3.340225 3.305351 3.271007 3.245800 3.218900 3.185146 3.137842 3.087060 3.017833 2.951976 2.888033 2.847088 2.807156 2.741277 2.663849 2.597261 2.543905 2.480184 2.404724 2.340979 2.274019 2.198924 2.137003 2.065077 1.996770 1.928474 1.861075 1.789496 1.722612 1.656233 1.590678 1.525415 1.461542 1.398536 1.336521 1.276784 1.217042 1.159170 1.103413 1.048343 0.995103 0.942991 0.891830 0.841702 0.792343 0.742893 0.693599 0.643741 0.593265 0.542883 0.490258 0.435863 0.379558 0.321206 0.260117 0.196922 0.131058 0.063160
3.597777 3.585682 3.566225 3.543299 3.517942 3.479621 3.452769 3.423850 3.394556 3.373304 3.349075 3.319669 3.276969 3.233393 3.173260 3.116089 3.057013 3.017613 2.980181 2.920007 2.851889 2.790915 2.739393 2.680615 2.613000 2.554140 2.492293 2.423777 2.367729 2.302641 2.241335 2.180480 2.120349 2.057202 1.998892 1.940596 1.884345 1.828570 1.774217 1.721110 1.669540 1.619852 1.570196 1.522159 1.476012 1.429616 1.384209 1.339311 1.294673 1.249028 1.202112 1.154942 1.105797 1.054740 1.001617 0.945899 0.887667 0.826749 0.763488 0.697677 0.628766 0.558181 0.484932 0.410185
3.622275 3.596498 3.562236 3.523871 3.484285 3.432225 3.396533 3.362143 3.330038 3.308196 3.282383 3.245683 3.189000 3.126187 3.046543 2.981131 2.927707 2.895537 2.849375 2.765987 2.684345 2.633244 2.581719 2.501658 2.429716 2.374303 2.297752 2.227172 2.163931 2.092587 2.024335 1.956444 1.889460 1.818646 1.752535 1.686639 1.621882 1.557982 1.495291 1.433059 1.372435 1.313913 1.255978 1.198858 1.144602 1.090906 1.038566 0.987809 0.937830 0.888559 0.839629 0.791078 0.742482 0.692802 0.642760 0.592153 0.539471 0.485225 0.429434 0.370746 0.308962 0.245438 0.179505 0.110754
3.586380 3.557108 3.519012 3.476178 3.431405 3.373858 3.331872 3.291265 3.253307 3.227278 3.200247 3.164203 3.109912 3.047815 2.964322 2.888164 2.822150 2.785884 2.745758 2.668808 2.578610 2.511208 2.461092 2.388634 2.305608 2.243007 2.170111 2.090302 2.025601 1.948620 1.876804 1.803804 1.732361 1.656168 1.584750 1.513853 1.443053 1.372961 1.303810 1.235257 1.167739 1.102029 1.036774 0.973096 0.911262 0.850463 0.791208 0.733412 0.676466 0.621330 0.566937 0.513710 0.460995 0.408895 0.356963 0.304632 0.251639 0.197934 0.142915 0.085794 0.027180 -0.033422 -0.096085 -0.160282
3.629400 3.608836 3.580497 3.548243 3.514190 3.466758 3.433342 3.399390 3.365661 3.341429 3.314115 3.278996 3.227918 3.174602 3.103733 3.040125 2.979819 2.941111 2.898593 2.827145 2.750352 2.690089 2.637449 2.568569 2.495793 2.436256 2.366708 2.294680 2.233852 2.163864 2.097519 2.031491 1.966328 1.897556 1.833676 1.769920 1.707625 1.645946 1.585631 1.526316 1.468590 1.412726 1.357239 1.303597 1.251687 1.200966 1.150978 1.102586 1.053919 1.006123 0.957980 0.908671 0.861327 0.811679 0.760975 0.708037 0.653147 0.596176 0.536076 0.473673 0.409108 0.341673 0.272105 0.201895
3.480062 3.462256 3.437295 3.408169 3.376840 3.333576 3.301411 3.268269 3.235797 3.211622 3.185511 3.153053 3.107465 3.057962 2.991221 2.927659 2.865856 2.825281 2.785978 2.721607 2.646182 2.581299 2.528280 2.465481 2.391387 2.329330 2.262321 2.188484 2.127117 2.055977 1.988346 1.920737 1.853996 1.782989 1.716755 1.650861 1.585754 1.521082 1.457627 1.395066 1.333695 1.274174 1.214931 1.157607 1.102234 1.047612 0.994880 0.942928 0.892749 0.843218 0.794963 0.746200 0.697734 0.648783 0.599312 0.549995 0.498706 0.445594 0.390300 0.332978 0.273054 0.211432 0.147125 0.081960
3.569013 3.553949 3.531385 3.505130 3.476234 3.434806 3.404899 3.373661 3.342450 3.319790 3.294719 3.263418 3.218858 3.172413 3.108349 3.047685 2.986964 2.947355 2.909038 2.846298 2.774227 2.711472 2.659535 2.598617 2.527565 2.467070 2.403370 2.331981 2.273766 2.205766 2.141770 2.077776 2.014781 1.948225 1.886429 1.824909 1.764983 1.705433 1.647447 1.590427 1.534871 1.481279 1.427713 1.375909 1.326658 1.277303 1.229351 1.182655 1.135437 1.088876 1.041712 0.994021 0.946154 0.896458 0.845344 0.791849 0.736107 0.677960 0.616210 0.552402 0.486217 0.417361 0.346072 0.273479
3.578647 3.550211 3.513407 3.472504 3.430638 3.377091 3.340089 3.304770 3.271914 3.248890 3.221441 3.181402 3.121029 3.054183 2.972372 2.907231 2.855406 2.821961 2.770703 2.682538 2.600559 2.551110 2.496075 2.411080 2.339708 2.281958 2.201086 2.130098 2.063154 1.989508 1.918105 1.847228 1.777053 1.702790 1.633082 1.563795 1.494969 1.426759 1.359683 1.293102 1.227928 1.164503 1.101409 1.039744 0.980524 0.922327 0.865512 0.810207 0.755966 0.702890 0.650608 0.598743 0.548069 0.496867 0.446329 0.394936 0.342582 0.289959 0.235226 0.178661 0.120522 0.059899 -0.002926 -0.068468
3.579094 3.554509 3.521800 3.484952 3.446261 3.395030 3.358311 3.322172 3.287588 3.263193 3.236251 3.200549 3.147741 3.089610 3.012918 2.944735 2.884402 2.847802 2.805503 2.729684 2.647488 2.586730 2.535440 2.462814 2.386785 2.326914 2.255057 2.180166 2.117582 2.044510 1.975654 1.906300 1.838342 1.766064 1.698589 1.631393 1.564989 1.499352 1.434843 1.370789 1.308435 1.247665 1.187762 1.129083 1.072559 1.017234 0.962927 0.910244 0.858326 0.807433 0.756922 0.706285 0.656979 0.606762 0.556246 0.505307 0.452492 0.398233 0.342039 0.283377 0.222454 0.159293 0.093414 0.024981
3.587979 3.564589 3.533231 3.497822 3.460480 3.410200 3.373626 3.337196 3.301584 3.276041 3.248270 3.212783 3.161181 3.105496 3.031164 2.963152 2.900203 2.860959 2.819139 2.747045 2.666272 2.602146 2.549366 2.480142 2.403799 2.341899 2.271711 2.196376 2.133723 2.060878 1.992064 1.922992 1.854931 1.782935 1.715753 1.648514 1.582436 1.516927 1.452548 1.388979 1.326621 1.266532 1.206892 1.148731 1.092129 1.037224 0.983195 0.930676 0.879405 0.828926 0.778890 0.729493 0.679842 0.629687 0.578999 0.527915 0.474861 0.420659 0.364637 0.306375 0.245367 0.181968 0.116253 0.048183
3.639688 3.621719 3.595850 3.565806 3.533213 3.486857 3.453503 3.418966 3.384448 3.359830 3.333596 3.301316 3.255189 3.207527 3.140157 3.075086 3.009162 2.967469 2.929519 2.867209 2.792784 2.725045 2.671449 2.611455 2.539045 2.474962 2.411500 2.339041 2.278978 2.210883 2.145457 2.080885 2.017032 1.949661 1.887223 1.825068 1.764425 1.704278 1.645581 1.588149 1.531855 1.477915 1.424006 1.371738 1.321635 1.272280 1.223601 1.176414 1.128595 1.081389 1.033628 0.983961 0.936794 0.886513 0.834743 0.780256 0.723809 0.665197 0.602991 0.538351 0.471510 0.402104 0.330536 0.257380
3.506682 3.493198 3.472456 3.447931 3.420768 3.381566 3.352662 3.322175 3.292034 3.269926 3.245804 3.216766 3.175216 3.130891 3.069263 3.009066 2.948017 2.907688 2.871540 2.812846 2.742343 2.677757 2.625798 2.568241 2.497716 2.436236 2.374426 2.302963 2.244990 2.177590 2.113490 2.049549 1.986716 1.920079 1.858065 1.796314 1.736039 1.676321 1.618018 1.560577 1.504512 1.450462 1.396720 1.344243 1.294678 1.244601 1.196478 1.149365 1.102858 1.056357 1.009985 0.963715 0.915785 0.866925 0.817076 0.765411 0.711761 0.655339 0.596482 0.535154 0.470503 0.403676 0.334455 0.263788
3.704512 3.676030 3.638811 3.596967 3.554846 3.499255 3.462553 3.427445 3.394191 3.371625 3.344040 3.303723 3.241411 3.174643 3.092298 3.028120 2.976206 2.943280 2.891384 2.802234 2.722073 2.673895 2.618336 2.533868 2.465075 2.407312 2.328607 2.259294 2.193707 2.122981 2.053543 1.985705 1.918187 1.847148 1.781124 1.715165 1.650249 1.586193 1.523699 1.461737 1.401246 1.343093 1.285228 1.228721 1.174699 1.121198 1.068863 1.018227 0.967413 0.917935 0.867793 0.817525 0.768585 0.717953 0.666615 0.613350 0.558659 0.502163 0.443069 0.381111 0.316779 0.249788 0.180777 0.109382
3.580586 3.557593 3.526416 3.491114 3.453599 3.403853 3.368155 3.332814 3.299067 3.275342 3.249176 3.214149 3.162288 3.105023 3.029490 2.962195 2.902420 2.866710 2.824981 2.749890 2.667941 2.607942 2.557668 2.485541 2.409292 2.350671 2.278953 2.204430 2.142720 2.069628 2.001587 1.932770 1.865136 1.793446 1.726534 1.659900 1.594169 1.528886 1.465068 1.401823 1.339748 1.280087 1.220442 1.162476 1.106570 1.051416 0.997980 0.945907 0.894353 0.844155 0.794369 0.744906 0.695093 0.644989 0.594325 0.543176 0.489838 0.434891 0.378234 0.318995 0.257373 0.193198 0.126710 0.057570
3.480728 3.458525 3.428927 3.394752 3.358701 3.310674 3.275064 3.239313 3.205185 3.180385 3.153851 3.120183 3.071793 3.017703 2.944961 2.876719 2.814241 2.775168 2.735815 2.666853 2.586014 2.520536 2.468796 2.402587 2.325007 2.263006 2.194181 2.117738 2.055428 1.981780 1.912586 1.842623 1.774009 1.700756 1.632417 1.564187 1.496353 1.429137 1.363018 1.297526 1.233290 1.170693 1.108431 1.048116 0.989545 0.932067 0.876303 0.821615 0.768113 0.715988 0.665161 0.613590 0.563988 0.513502 0.464011 0.414299 0.362848 0.310866 0.257155 0.200546 0.143048 0.083394 0.021196 -0.043075
3.573830 3.557897 3.534720 3.507935 3.478927 3.437136 3.407240 3.376146 3.344978 3.322224 3.296579 3.264422 3.218528 3.170973 3.106431 3.046228 2.986752 2.947358 2.907641 2.842864 2.770864 2.709940 2.657788 2.594572 2.524120 2.464684 2.399160 2.328477 2.269838 2.201885 2.137666 2.073690 2.010796 1.944107 1.882273 1.820663 1.760633 1.701357 1.643271 1.586174 1.531124 1.477117 1.423579 1.372347 1.322787 1.274167 1.226125 1.179253 1.132374 1.085716 1.038850 0.990551 0.943830 0.894416 0.843480 0.790157 0.734992 0.677009 0.616075 0.552733 0.487060 0.418619 0.347866 0.275294
3.575626 3.560249 3.537252 3.510397 3.480464 3.437439 3.405511 3.372134 3.338636 3.314250 3.288603 3.258269 3.215979 3.172427 3.109326 3.045855 2.979191 2.934988 2.898410 2.841661 2.771719 2.701862 2.645901 2.589897 2.520814 2.454372 2.392874 2.321607 2.261053 2.194462 2.128785 2.064824 2.001321 1.934253 1.871867 1.809831 1.749367 1.689334 1.630741 1.573165 1.517005 1.462749 1.408999 1.356593 1.306475 1.257136 1.208735 1.161548 1.114159 1.067499 1.020487 0.972042 0.925225 0.875897 0.825170 0.771709 0.716616 0.658878 0.598006 0.534918 0.469394 0.401114 0.330786 0.258851
3.525714 3.498797 3.463907 3.424938 3.384969 3.333486 3.297115 3.261759 3.228297 3.204036 3.175728 3.136330 3.078129 3.013804 2.934864 2.870038 2.816130 2.780517 2.730221 2.645659 2.564462 2.511807 2.456483 2.374406 2.301872 2.243344 2.163378 2.090864 2.023969 1.949330 1.877545 1.806086 1.735112 1.659906 1.589384 1.519132 1.449122 1.379606 1.311124 1.243257 1.176613 1.111548 1.046983 0.984164 0.922824 0.863144 0.804529 0.747182 0.691260 0.636680 0.583183 0.530259 0.478714 0.427351 0.376427 0.324429 0.272257 0.219517 0.165117 0.108606 0.051182 -0.008809 -0.070376 -0.133557
3.618075 3.594241 3.562091 3.525862 3.487906 3.437036 3.401125 3.365621 3.331586 3.307828 3.281367 3.246062 3.193207 3.135440 3.059232 2.992040 2.932238 2.896262 2.853923 2.778686 2.697167 2.637514 2.586385 2.514439 2.439293 2.380503 2.308564 2.235420 2.173378 2.101836 2.033899 1.966125 1.899327 1.828650 1.762632 1.696974 1.632482 1.568595 1.506093 1.444097 1.383913 1.325214 1.267425 1.210700 1.156603 1.103049 1.050993 1.000274 0.949697 0.900536 0.851405 0.801914 0.753390 0.703607 0.652677 0.600690 0.546889 0.491310 0.433383 0.373255 0.310259 0.245106 0.177578 0.107826
3.668276 3.647124 3.617785 3.584117 3.548639 3.499309 3.464975 3.430128 3.395863 3.371912 3.345268 3.310804 3.259770 3.206086 3.133461 3.067833 3.006064 2.968363 2.927638 2.856382 2.777665 2.716094 2.664915 2.597137 2.522925 2.463058 2.395352 2.322547 2.262586 2.192761 2.127048 2.061445 1.996828 1.928757 1.865602 1.802582 1.740965 1.680021 1.620677 1.562300 1.505086 1.450404 1.395925 1.342808 1.291959 1.241474 1.192057 1.144531 1.096132 1.048424 1.000049 0.950078 0.901941 0.851439 0.799789 0.745732 0.689116 0.631178 0.569886 0.505732 0.439386 0.369936 0.298728 0.225038
3.562654 3.544680 3.519026 3.489480 3.457443 3.413016 3.380849 3.348023 3.316170 3.293562 3.268794 3.237094 3.190595 3.140045 3.071414 3.007685 2.947206 2.910000 2.872039 2.805029 2.728352 2.666241 2.616783 2.551672 2.477892 2.419147 2.352611 2.279861 2.221147 2.151035 2.085954 2.020044 1.955645 1.887249 1.823723 1.760329 1.698303 1.636902 1.576908 1.517539 1.459879 1.404047 1.348452 1.294522 1.243068 1.192252 1.142588 1.094044 1.046067 0.998679 0.951211 0.903080 0.855569 0.806504 0.756394 0.704723 0.651004 0.595397 0.536893 0.475583 0.411975 0.345779 0.277399 0.207478
3.543473 3.525826 3.500494 3.471170 3.438980 3.393991 3.360288 3.325574 3.291245 3.266380 3.240433 3.209637 3.166238 3.119940 3.053882 2.987961 2.920917 2.877409 2.840859 2.782218 2.708690 2.638149 2.582892 2.525653 2.453248 2.386700 2.324091 2.250625 2.189140 2.120584 2.053313 1.987272 1.922003 1.852753 1.788264 1.723928 1.660880 1.598424 1.537212 1.476825 1.417675 1.360751 1.304418 1.249412 1.196065 1.144276 1.093412 1.043659 0.994824 0.946904 0.899343 0.851367 0.803578 0.754640 0.704752 0.653880 0.600660 0.545515 0.488037 0.427573 0.364563 0.299160 0.231644 0.161828
3.562619 3.533510 3.495799 3.453667 3.410101 3.354405 3.314847 3.276968 3.242432 3.219014 3.193122 3.156709 3.100731 3.036138 2.952418 2.880449 2.821862 2.789118 2.746231 2.664188 2.575909 2.517504 2.468043 2.389958 2.311014 2.253249 2.176685 2.101171 2.036841 1.961474 1.890803 1.819087 1.749003 1.674298 1.604184 1.534651 1.465270 1.396750 1.329272 1.261898 1.196432 1.132011 1.068460 1.006099 0.946327 0.887268 0.829793 0.773433 0.718437 0.664644 0.611855 0.559094 0.508463 0.457292 0.406202 0.355281 0.303389 0.250875 0.196576 0.140162 0.082232 0.022709 -0.039417 -0.102943
3.626361 3.601046 3.567082 3.528624 3.488032 3.434149 3.395196 3.357099 3.320875 3.296232 3.270188 3.236334 3.184996 3.127598 3.049059 2.976706 2.911440 2.874634 2.836433 2.764181 2.679081 2.612894 2.563069 2.494675 2.415402 2.354190 2.284653 2.208343 2.146233 2.073369 2.004662 1.935602 1.867902 1.796053 1.729047 1.662212 1.596371 1.531254 1.467370 1.404139 1.342204 1.282479 1.223302 1.165382 1.109405 1.054836 1.001169 0.949131 0.897382 0.847109 0.796845 0.746787 0.697665 0.647333 0.596801 0.544913 0.491128 0.436365 0.378847 0.319073 0.257185 0.192642 0.125708 0.057297
3.542955 3.524452 3.498611 3.468918 3.437089 3.393194 3.361529 3.329433 3.297801 3.274734 3.248481 3.214601 3.165724 3.113705 3.045022 2.983290 2.925639 2.887979 2.845872 2.775153 2.699694 2.641312 2.589443 2.520564 2.448255 2.389920 2.320507 2.248381 2.188089 2.117268 2.050964 1.984306 1.918612 1.849117 1.784477 1.719804 1.656486 1.593490 1.532128 1.471243 1.411781 1.354685 1.297586 1.242346 1.188915 1.136454 1.085525 1.035492 0.986360 0.938104 0.890307 0.842518 0.793857 0.744595 0.694576 0.643387 0.589819 0.534434 0.476367 0.416086 0.353044 0.287575 0.219893 0.150844
3.620115 3.603296 3.578982 3.550946 3.520670 3.477033 3.446279 3.414479 3.382727 3.359844 3.334084 3.301570 3.254648 3.206049 3.139790 3.078533 3.018325 2.979215 2.939631 2.873817 2.800532 2.739681 2.687587 2.623895 2.553196 2.493809 2.427724 2.357957 2.298841 2.231683 2.167468 2.104092 2.041339 1.975356 1.914257 1.853055 1.793776 1.735201 1.677684 1.621677 1.567069 1.514296 1.462398 1.411652 1.362405 1.314890 1.267359 1.221347 1.175026 1.128798 1.082133 1.034406 0.987877 0.938438 0.887430 0.832817 0.777037 0.719360 0.657699 0.594043 0.528108 0.459170 0.388413 0.315742
3.545430 3.529273 3.505732 3.478351 3.448273 3.405843 3.374680 3.342246 3.309841 3.286003 3.260116 3.228076 3.183174 3.136145 3.071307 3.009136 2.946814 2.905952 2.866958 2.804319 2.731276 2.666412 2.613229 2.552231 2.479933 2.417575 2.353099 2.280296 2.220521 2.151177 2.085471 2.019858 1.955211 1.886678 1.822948 1.759584 1.697479 1.635736 1.575544 1.516228 1.458234 1.402343 1.346374 1.292404 1.240722 1.189562 1.139767 1.091019 1.042771 0.995072 0.947544 0.898992 0.851394 0.801817 0.751394 0.699091 0.644735 0.588116 0.528665 0.466597 0.402210 0.335197 0.265873 0.194669
3.519818 3.488950 3.449425 3.405127 3.359468 3.302092 3.260809 3.221086 3.185066 3.160096 3.133194 3.095462 3.038245 2.971116 2.885293 2.810903 2.750571 2.716742 2.672884 2.589246 2.497817 2.436938 2.386594 2.307313 2.225195 2.165106 2.087052 2.008541 1.942130 1.863459 1.790397 1.715860 1.642523 1.564458 1.491041 1.418216 1.344828 1.271878 1.199607 1.128698 1.058209 0.988904 0.920297 0.853670 0.787806 0.722460 0.659515 0.598655 0.537099 0.477660 0.419201 0.362755 0.307428 0.253807 0.201204 0.145598 0.092118 0.040237 -0.015157 -0.071243 -0.126736 -0.184213 -0.243125 -0.302390
3.694368 3.670981 3.639258 3.603009 3.565640 3.514372 3.479838 3.445559 3.412538 3.390089 3.364089 3.328404 3.273720 3.215230 3.138971 3.074223 3.017232 2.983070 2.939375 2.861214 2.781551 2.726639 2.675873 2.601448 2.529675 2.472917 2.400804 2.330777 2.269790 2.200534 2.134759 2.069431 2.004968 1.937067 1.874161 1.811381 1.750052 1.689451 1.630472 1.572327 1.515717 1.461092 1.406714 1.353848 1.303627 1.253680 1.204531 1.157072 1.108904 1.061362 1.012942 0.962689 0.914917 0.864127 0.812285 0.757830 0.700964 0.642487 0.580774 0.515988 0.449203 0.379738 0.308070 0.234417
3.487766 3.467780 3.440591 3.409149 3.375707 3.330344 3.296889 3.262881 3.229967 3.205713 3.179313 3.145821 3.097978 3.045641 2.975825 2.910840 2.850152 2.810953 2.770755 2.702246 2.624438 2.561383 2.509328 2.442552 2.367443 2.306622 2.237680 2.163494 2.101790 2.029433 1.961394 1.892628 1.825212 1.753465 1.686306 1.619563 1.553465 1.487863 1.423502 1.359848 1.297427 1.236915 1.176546 1.117766 1.061720 1.006473 0.952833 0.899832 0.849262 0.798847 0.749661 0.699562 0.651263 0.601774 0.552362 0.503163 0.452143 0.399358 0.345539 0.289521 0.230778 0.169919 0.106581 0.040875
3.606857 3.589170 3.563946 3.534905 3.503699 3.459318 3.427743 3.395293 3.363084 3.339944 3.314014 3.281232 3.233949 3.184683 3.117472 3.055228 2.994606 2.955525 2.915818 2.849647 2.775520 2.713913 2.661817 2.597814 2.526256 2.466872 2.400343 2.329450 2.270198 2.202082 2.137309 2.073089 2.009726 1.942806 1.880608 1.818691 1.758408 1.698711 1.640412 1.583029 1.527390 1.473333 1.419880 1.367690 1.318064 1.268721 1.220583 1.173574 1.126188 1.079500 1.032290 0.983898 0.936496 0.886774 0.835434 0.782010 0.726302 0.668327 0.606958 0.543030 0.476847 0.408146 0.337138 0.264331
3.576333 3.561293 3.538639 3.512173 3.482847 3.440751 3.410073 3.378019 3.345995 3.322722 3.297493 3.266809 3.223099 3.177556 3.113547 3.051671 2.988729 2.947900 2.910837 2.850022 2.778110 2.712357 2.660072 2.601228 2.529666 2.467315 2.405458 2.332863 2.274739 2.206648 2.142450 2.078236 2.015190 1.948435 1.886675 1.824917 1.764757 1.705070 1.646887 1.589847 1.533923 1.480462 1.427169 1.375540 1.325551 1.276174 1.227896 1.181136 1.133779 1.087088 1.039813 0.992268 0.943953 0.894306 0.843168 0.789612 0.733964 0.675811 0.614778 0.550623 0.484101 0.415216 0.344025 0.271381
