# mean(lg_P) also median/mode
4.238883 4.220583 4.192392 4.159637 4.126606 4.069036 4.038990 4.004414 3.969204 3.947122 3.921120 3.888019 3.832338 3.786293 3.715673 3.656935 3.593456 3.557302 3.518884 3.450565 3.386231 3.333762 3.283692 3.224719 3.168746 3.119212 3.060382 3.013677 2.959028 2.911838 2.865158 2.819247 2.773914 2.730746 2.687616 2.646686 2.606466 2.567624 2.527909 2.489124 2.449194 2.409709 2.369275 2.326546 2.281954 2.236159 2.188038 2.136611 2.083231 2.026577 1.967362 1.905803 1.841953 1.776347 1.708752 1.639726 1.568540 1.494729 1.423273 1.347467 1.273031 1.197802 1.120525 1.042853
4.309298 4.283073 4.245107 4.202085 4.160422 4.093348 4.060535 4.024804 3.990420 3.970665 3.946046 3.909333 3.843540 3.784618 3.702378 3.642299 3.586077 3.556277 3.511995 3.430592 3.361860 3.316067 3.265945 3.199073 3.142907 3.093513 3.031145 2.983840 2.926638 2.878204 2.829742 2.782384 2.735050 2.690543 2.645144 2.602806 2.560602 2.520145 2.478831 2.438730 2.397167 2.356331 2.314699 2.270774 2.224812 2.177950 2.128668 2.076155 2.021338 1.964317 1.904005 1.840931 1.775605 1.708249 1.638159 1.568326 1.494494 1.419841 1.347135 1.270492 1.194317 1.116198 1.037373 0.957405
4.252765 4.228986 4.194417 4.154812 4.115793 4.052005 4.018681 3.982156 3.945440 3.922846 3.896184 3.860112 3.798529 3.745017 3.667113 3.605947 3.544117 3.510084 3.468001 3.392599 3.323439 3.272365 3.221440 3.157068 3.099147 3.048196 2.985854 2.936602 2.879362 2.829964 2.780193 2.732308 2.684097 2.638417 2.592654 2.549502 2.507186 2.466612 2.425500 2.385615 2.345120 2.305594 2.265588 2.223731 2.180276 2.136173 2.089904 2.040601 1.989351 1.935457 1.878720 1.819129 1.757372 1.693590 1.626613 1.559384 1.489053 1.417558 1.346158 1.271367 1.196708 1.120306 1.042292 0.964446
4.246444 4.230828 4.205499 4.176302 4.146710 4.092731 4.066477 4.034952 4.002921 3.983090 3.957654 3.924533 3.868446 3.823230 3.755216 3.701705 3.643252 3.609122 3.569356 3.500027 3.439394 3.391924 3.342810 3.284105 3.231244 3.184539 3.127020 3.083202 3.030381 2.985746 2.941436 2.897562 2.855005 2.814255 2.773161 2.734316 2.695813 2.658313 2.619907 2.581908 2.542144 2.502510 2.461339 2.418005 2.372325 2.324454 2.274620 2.221535 2.165843 2.107498 2.047209 1.984209 1.919130 1.852244 1.784039 1.714898 1.642539 1.570069 1.497045 1.421341 1.345909 1.269210 1.190432 1.111996
4.275538 4.259739 4.234246 4.204076 4.173623 4.117334 4.088490 4.054958 4.019940 3.997784 3.971383 3.939178 3.884923 3.842632 3.774876 3.718212 3.654029 3.616585 3.578951 3.513537 3.452598 3.400521 3.350524 3.293993 3.240196 3.192051 3.135170 3.091519 3.038012 2.993112 2.948639 2.904246 2.861697 2.820936 2.779789 2.741071 2.702472 2.664983 2.626723 2.588839 2.549219 2.509610 2.468368 2.425846 2.380294 2.332816 2.283538 2.230261 2.176387 2.117462 2.056797 1.994241 1.929524 1.863176 1.795742 1.724409 1.655231 1.580253 1.506622 1.434635 1.360435 1.282451 1.205374 1.126766
4.123094 4.108531 4.084969 4.057338 4.028235 3.977032 3.947723 3.914742 3.880019 3.857027 3.830886 3.799441 3.749914 3.709319 3.645178 3.587754 3.521213 3.480105 3.443400 3.382377 3.320729 3.263652 3.210416 3.155258 3.099565 3.045937 2.987602 2.938095 2.883675 2.834233 2.785968 2.738801 2.691224 2.645694 2.601455 2.558752 2.517473 2.477109 2.436345 2.396793 2.357427 2.318902 2.279214 2.237340 2.194928 2.151177 2.105648 2.056816 2.005648 1.951316 1.894265 1.834672 1.772844 1.708642 1.643100 1.574975 1.504734 1.431116 1.359902 1.284913 1.210543 1.137623 1.060679 0.984836
4.136973 4.112198 4.076827 4.037098 3.997111 3.935591 3.900618 3.866202 3.831359 3.810107 3.784200 3.747553 3.686254 3.628390 3.548671 3.486724 3.428275 3.396108 3.353048 3.273260 3.200510 3.151222 3.100359 3.031033 2.970076 2.918082 2.852200 2.798199 2.739804 2.685798 2.632075 2.580148 2.527874 2.477302 2.428031 2.381144 2.335441 2.291529 2.247514 2.205700 2.164519 2.124741 2.084298 2.043192 2.002052 1.960537 1.917456 1.874001 1.826917 1.776853 1.725963 1.672328 1.616201 1.557843 1.497775 1.434725 1.369498 1.304137 1.233007 1.165669 1.093005 1.014419 0.939825 0.862236
4.256769 4.238589 4.210272 4.177946 4.145622 4.088826 4.060944 4.028604 3.995818 3.975342 3.949246 3.914232 3.854899 3.805836 3.734866 3.680448 3.623063 3.589383 3.546978 3.473950 3.411652 3.365141 3.314983 3.253227 3.199546 3.152186 3.092955 3.048183 2.994005 2.948127 2.902548 2.857746 2.813956 2.772253 2.730270 2.690707 2.651703 2.614066 2.575571 2.537891 2.498882 2.460160 2.420397 2.378923 2.335027 2.289719 2.242387 2.191301 2.138679 2.083035 2.024565 1.964254 1.901462 1.837029 1.771077 1.703054 1.633971 1.562740 1.490153 1.417265 1.342868 1.264590 1.187569 1.108373
4.135659 4.114359 4.083287 4.047202 4.010304 3.950991 3.915710 3.879450 3.842380 3.818950 3.793336 3.761394 3.708331 3.659965 3.586202 3.521203 3.452940 3.415296 3.379832 3.313258 3.242533 3.183233 3.132134 3.073040 3.012325 2.956963 2.895804 2.842097 2.785036 2.732556 2.680507 2.630062 2.578891 2.529830 2.481946 2.436119 2.391609 2.348677 2.305187 2.263778 2.223026 2.183476 2.142840 2.100908 2.058992 2.016072 1.971972 1.925141 1.875591 1.823820 1.768960 1.711911 1.652251 1.590039 1.525532 1.458686 1.389468 1.319318 1.246849 1.174997 1.100623 1.022089 0.945181 0.866643
4.338546 4.322593 4.296558 4.265625 4.234944 4.177012 4.148528 4.115837 4.081663 4.060379 4.034556 4.002489 3.946191 3.903204 3.834736 3.779557 3.717049 3.681469 3.643527 3.576891 3.517451 3.468012 3.419193 3.363205 3.311671 3.265507 3.209798 3.168867 3.116142 3.073602 3.030630 2.987563 2.947007 2.907948 2.867881 2.830609 2.792652 2.754976 2.716086 2.677670 2.636495 2.594814 2.551283 2.504941 2.456435 2.404956 2.351995 2.294481 2.235392 2.174609 2.111165 2.045353 1.977615 1.908149 1.837338 1.764751 1.692909 1.618280 1.542729 1.468579 1.391562 1.311160 1.231963 1.150494
4.230809 4.217327 4.194723 4.167929 4.140346 4.088116 4.061044 4.028334 3.993858 3.971259 3.944409 3.912536 3.860536 3.821713 3.758095 3.703957 3.638932 3.599083 3.561223 3.498983 3.440714 3.387568 3.336008 3.281179 3.228479 3.179244 3.122738 3.078742 3.025463 2.980387 2.936096 2.891477 2.848629 2.807413 2.766009 2.726743 2.687851 2.649814 2.610757 2.572175 2.531902 2.491716 2.449958 2.405637 2.359146 2.310549 2.260020 2.205965 2.149746 2.089896 2.028644 1.964353 1.898094 1.830592 1.761102 1.689517 1.617581 1.542530 1.469414 1.393151 1.316700 1.242916 1.163551 1.086306
4.310445 4.284997 4.247992 4.205711 4.164736 4.097859 4.064525 4.028357 3.992737 3.971654 3.946026 3.909388 3.844389 3.787448 3.706045 3.645488 3.587044 3.555671 3.512008 3.432410 3.363459 3.315858 3.265540 3.199534 3.142425 3.092944 3.030776 2.983303 2.926060 2.877452 2.829019 2.781485 2.734412 2.690112 2.644865 2.602784 2.560996 2.520975 2.480223 2.440645 2.399804 2.359576 2.318873 2.276491 2.231538 2.185795 2.137789 2.086913 2.034188 1.977920 1.919497 1.858150 1.794604 1.728750 1.662205 1.592664 1.522502 1.450028 1.376345 1.301078 1.225114 1.147072 1.069864 0.990519
4.233228 4.208899 4.173633 4.133712 4.094264 4.031025 3.997416 3.961367 3.925012 3.902632 3.875891 3.839102 3.776589 3.721322 3.642754 3.581386 3.520890 3.487380 3.444258 3.366371 3.296425 3.246202 3.195166 3.129058 3.070112 3.018426 2.955081 2.904589 2.846685 2.795410 2.744966 2.695410 2.645451 2.598176 2.551055 2.506365 2.462567 2.420628 2.378075 2.336831 2.295293 2.254724 2.213644 2.170788 2.126601 2.081767 2.034744 1.986037 1.933755 1.878197 1.820397 1.760144 1.697704 1.633104 1.565414 1.496376 1.424647 1.351000 1.278175 1.203012 1.126537 1.050579 0.971602 0.892282
4.212632 4.195707 4.169044 4.138708 4.107801 4.053614 4.026597 3.995288 3.963738 3.943969 3.918687 3.884584 3.827496 3.779638 3.710036 3.656181 3.599286 3.565777 3.524476 3.452733 3.390456 3.343864 3.293897 3.232699 3.179049 3.131187 3.071905 3.026116 2.972446 2.925955 2.879953 2.834905 2.790261 2.747762 2.705335 2.664880 2.625237 2.587012 2.547805 2.509207 2.469613 2.430278 2.389778 2.347719 2.302997 2.256741 2.208232 2.156922 2.102432 2.045709 1.986555 1.924522 1.860140 1.793880 1.726792 1.658434 1.586288 1.514276 1.441519 1.365499 1.289649 1.213219 1.135536 1.056786
4.284575 4.269194 4.244224 4.214472 4.184447 4.128363 4.099777 4.066219 4.031257 4.009276 3.983153 3.951670 3.898161 3.857229 3.790489 3.734270 3.669462 3.631548 3.594359 3.530686 3.471103 3.418829 3.368439 3.313135 3.260855 3.212986 3.156626 3.113855 3.060779 3.017023 2.972970 2.929297 2.887524 2.847394 2.806625 2.768243 2.729878 2.692305 2.653724 2.615488 2.575037 2.534477 2.492515 2.447760 2.400652 2.351277 2.299974 2.245265 2.188372 2.128426 2.066874 2.002478 1.936134 1.868295 1.798612 1.727522 1.655657 1.581872 1.507468 1.432412 1.356355 1.278945 1.200020 1.122319
4.153374 4.138574 4.114848 4.086789 4.057480 4.005146 3.976377 3.943427 3.909221 3.887243 3.861562 3.830586 3.780400 3.739490 3.674087 3.616873 3.551595 3.512361 3.476178 3.414340 3.352455 3.297003 3.245435 3.190053 3.134521 3.083407 3.025764 2.977793 2.924142 2.876566 2.829505 2.783894 2.738187 2.694608 2.651743 2.610681 2.570937 2.532423 2.493279 2.454984 2.416711 2.378894 2.340093 2.299639 2.257716 2.214295 2.168995 2.120383 2.069786 2.016109 1.960124 1.901485 1.840821 1.777991 1.713922 1.647933 1.579749 1.511390 1.440649 1.368928 1.295891 1.220282 1.145315 1.067999
4.206839 4.183181 4.148791 4.109921 4.071108 4.009206 3.975946 3.941549 3.907352 3.886891 3.861817 3.826591 3.765569 3.709769 3.631279 3.570635 3.512376 3.481122 3.439309 3.361469 3.291425 3.243018 3.193268 3.127118 3.069088 3.018520 2.955488 2.905133 2.848392 2.797896 2.747696 2.699183 2.649872 2.603024 2.556671 2.512566 2.469532 2.428142 2.386293 2.345848 2.305190 2.265630 2.225209 2.183205 2.140069 2.096256 2.050234 2.001994 1.950358 1.896699 1.839965 1.780676 1.719032 1.655188 1.587620 1.521276 1.449350 1.378486 1.306917 1.233960 1.158608 1.080162 1.001221 0.922637
4.333837 4.312821 4.280845 4.244114 4.208472 4.146094 4.116067 4.082097 4.046931 4.025176 3.997848 3.961318 3.897936 3.847020 3.772401 3.716737 3.658070 3.623948 3.580238 3.505109 3.441995 3.395037 3.344431 3.282531 3.228700 3.180604 3.121279 3.077275 3.021953 2.976194 2.930689 2.885092 2.841248 2.799654 2.756683 2.716886 2.676704 2.637686 2.597532 2.558139 2.516555 2.475037 2.432194 2.386582 2.338696 2.288807 2.236806 2.181330 2.123668 2.063562 2.000973 1.935574 1.867960 1.798399 1.727893 1.655693 1.582183 1.507881 1.432647 1.355009 1.276250 1.198064 1.117966 1.036508
4.122516 4.100526 4.068384 4.031459 3.993806 3.934246 3.899803 3.862098 3.824455 3.800563 3.774266 3.740483 3.685932 3.635448 3.561069 3.495662 3.428390 3.390941 3.353600 3.284615 3.212651 3.154096 3.102984 3.041128 2.978456 2.924424 2.861607 2.806738 2.749267 2.695807 2.642096 2.590968 2.539383 2.489148 2.440752 2.394411 2.349404 2.305816 2.262624 2.221684 2.181690 2.142895 2.103313 2.063244 2.023417 1.982917 1.941618 1.898282 1.851867 1.802955 1.752453 1.699262 1.643895 1.585991 1.525558 1.462732 1.398270 1.331368 1.261128 1.191561 1.120839 1.046324 0.972694 0.896904
4.183010 4.165575 4.138616 4.107239 4.075150 4.019715 3.989551 3.955021 3.919620 3.896564 3.870134 3.836794 3.782746 3.738043 3.668899 3.610076 3.545196 3.506961 3.468624 3.401992 3.337342 3.282718 3.231199 3.172493 3.115383 3.063609 3.004111 2.955158 2.899757 2.850571 2.802313 2.754944 2.707578 2.662409 2.617882 2.575298 2.533910 2.493915 2.453216 2.413704 2.373979 2.335096 2.295177 2.253368 2.210457 2.166165 2.119808 2.070936 2.019535 1.964246 1.907030 1.847223 1.784796 1.720432 1.655973 1.586871 1.517962 1.444555 1.372502 1.297854 1.223709 1.148845 1.072409 0.994125
4.266138 4.255881 4.236470 4.213462 4.189497 4.140656 4.117396 4.087954 4.057394 4.038230 4.013649 3.984015 3.933521 3.895548 3.834963 3.783985 3.723282 3.687197 3.651221 3.589281 3.534210 3.485367 3.437353 3.384458 3.334601 3.290083 3.236417 3.196665 3.146313 3.105291 3.064050 3.022943 2.984185 2.946111 2.908332 2.872351 2.836139 2.800063 2.762989 2.726023 2.686393 2.646520 2.604232 2.559475 2.512520 2.462951 2.411879 2.356432 2.299038 2.240141 2.177615 2.114555 2.049723 1.984107 1.913152 1.843269 1.771819 1.696246 1.625589 1.550459 1.477059 1.403408 1.325942 1.249725
4.234351 4.211123 4.177193 4.138799 4.100739 4.039019 4.007760 3.973718 3.940450 3.920608 3.895395 3.859195 3.796931 3.740984 3.663070 3.604543 3.548774 3.517793 3.474119 3.395304 3.327631 3.281670 3.231572 3.164793 3.108399 3.059576 2.997089 2.948729 2.892475 2.843528 2.794530 2.747501 2.699843 2.654864 2.609938 2.567449 2.525968 2.486161 2.445768 2.406823 2.367242 2.328621 2.289220 2.248169 2.205716 2.162539 2.117315 2.070067 2.019555 1.965521 1.910241 1.851825 1.791061 1.728219 1.664693 1.599067 1.530172 1.461546 1.389700 1.317976 1.244626 1.165166 1.089362 1.010486
4.252858 4.226318 4.188743 4.145277 4.102601 4.034759 3.997713 3.958297 3.919073 3.895211 3.868958 3.833911 3.773143 3.718737 3.636828 3.569822 3.503295 3.468682 3.429402 3.354448 3.280819 3.224920 3.174264 3.110208 3.048811 2.995066 2.931844 2.879945 2.820797 2.768851 2.717095 2.666522 2.615658 2.567397 2.519067 2.473511 2.428767 2.385984 2.342683 2.300893 2.258724 2.217883 2.176324 2.133582 2.089204 2.044457 1.997365 1.947951 1.896185 1.841481 1.784094 1.724144 1.662043 1.597463 1.529546 1.459959 1.389189 1.317105 1.242624 1.167503 1.090442 1.012949 0.934031 0.853106
4.264065 4.245965 4.217788 4.185227 4.152751 4.095113 4.065896 4.032188 3.997157 3.975146 3.948097 3.913750 3.855877 3.809220 3.739035 3.682640 3.621094 3.585231 3.544588 3.474743 3.411900 3.361725 3.311387 3.251718 3.197156 3.148793 3.089998 3.044777 2.990428 2.944477 2.898537 2.853559 2.809611 2.767803 2.725517 2.685777 2.646370 2.608341 2.569583 2.531516 2.492047 2.452830 2.412335 2.370252 2.325752 2.279567 2.231523 2.179472 2.126033 2.069889 2.010507 1.949178 1.885545 1.820215 1.752261 1.683605 1.613102 1.540584 1.468647 1.394313 1.319760 1.243248 1.165442 1.087296
4.114062 4.098330 4.073316 4.044485 4.014339 3.962603 3.933614 3.900950 3.867365 3.845308 3.819568 3.786983 3.735208 3.690913 3.624232 3.566749 3.503425 3.465253 3.427429 3.362008 3.297709 3.243471 3.191916 3.133452 3.076377 3.024149 2.964583 2.914042 2.859428 2.809335 2.760081 2.712608 2.664239 2.618150 2.573364 2.530104 2.488557 2.448009 2.407242 2.367782 2.328963 2.291202 2.252101 2.211802 2.170853 2.128885 2.085181 2.038010 1.988573 1.937057 1.881304 1.824139 1.764667 1.703055 1.639757 1.573767 1.505913 1.434409 1.364187 1.291082 1.218519 1.144514 1.069134 0.993786
4.278190 4.265226 4.242828 4.216255 4.189136 4.136441 4.110949 4.079265 4.046880 4.026344 4.001269 3.970253 3.917378 3.877514 3.812982 3.759710 3.697683 3.661366 3.624536 3.560525 3.502817 3.453006 3.404076 3.349565 3.298172 3.251937 3.196829 3.155554 3.103615 3.060832 3.018388 2.975410 2.934882 2.895563 2.855805 2.818281 2.780535 2.743135 2.704741 2.666460 2.625605 2.584401 2.541209 2.495531 2.447301 2.396192 2.343254 2.286459 2.227334 2.166669 2.103733 2.038129 1.970589 1.901334 1.830571 1.758429 1.685667 1.611734 1.537436 1.461426 1.383969 1.308356 1.229285 1.149218
4.158160 4.132340 4.095596 4.054818 4.014232 3.952173 3.918589 3.884522 3.850401 3.829318 3.802622 3.763217 3.697680 3.637455 3.556883 3.498291 3.443448 3.411187 3.363186 3.279546 3.209251 3.163530 3.110160 3.038193 2.979364 2.927461 2.860510 2.807490 2.748320 2.694671 2.640988 2.589260 2.537144 2.486775 2.437544 2.390832 2.345273 2.301645 2.257691 2.216130 2.174952 2.135571 2.095496 2.054186 2.013366 1.971948 1.928897 1.885836 1.838846 1.788944 1.738414 1.684870 1.629123 1.570981 1.511969 1.449345 1.384929 1.320747 1.248883 1.181556 1.109062 1.030851 0.956588 0.877384
4.277994 4.256205 4.223877 4.186553 4.149723 4.087296 4.055600 4.019900 3.983854 3.961808 3.935435 3.900527 3.840492 3.790114 3.714421 3.654900 3.593068 3.558739 3.517993 3.445089 3.378614 3.327993 3.277689 3.216083 3.160158 3.110100 3.049824 3.002941 2.946995 2.899534 2.852045 2.805443 2.759378 2.715812 2.671372 2.629752 2.588385 2.548624 2.507845 2.468034 2.426718 2.385778 2.343693 2.299329 2.252810 2.205128 2.154818 2.101742 2.045787 1.987776 1.927105 1.863185 1.797034 1.728812 1.657509 1.587425 1.512751 1.438265 1.365636 1.287013 1.209471 1.134116 1.053006 0.974012
4.231186 4.210378 4.179393 4.143669 4.107961 4.047771 4.015886 3.979876 3.943096 3.919877 3.892786 3.857803 3.799868 3.750992 3.677413 3.616920 3.553189 3.516537 3.476389 3.405564 3.338564 3.285343 3.234239 3.172775 3.115201 3.063900 3.003173 2.954280 2.897827 2.848696 2.799893 2.752316 2.704632 2.659507 2.614277 2.571497 2.529603 2.489521 2.448703 2.409015 2.368777 2.329405 2.289024 2.247166 2.203447 2.159110 2.112265 2.063487 2.011649 1.955985 1.898436 1.838526 1.776130 1.711588 1.646326 1.577827 1.508213 1.435927 1.362648 1.288248 1.213347 1.136576 1.059112 0.980275
4.300864 4.285147 4.259569 4.229018 4.198378 4.141265 4.111985 4.077826 4.042149 4.019672 3.993517 3.962122 3.908249 3.867143 3.799918 3.742856 3.676980 3.638906 3.602129 3.538381 3.478444 3.425513 3.375299 3.320350 3.267347 3.219547 3.163439 3.120930 3.067667 3.023836 2.980084 2.936152 2.894638 2.854667 2.814053 2.775991 2.737771 2.700486 2.662160 2.624221 2.584044 2.543697 2.501900 2.457924 2.411178 2.362102 2.311195 2.256441 2.200645 2.140838 2.080015 2.016230 1.950141 1.882323 1.814379 1.742405 1.672655 1.599349 1.524087 1.450471 1.374471 1.295880 1.217829 1.139255
4.182484 4.170755 4.150006 4.125584 4.099749 4.050915 4.025586 3.994902 3.963539 3.943634 3.919531 3.890015 3.841322 3.802183 3.740121 3.685959 3.623520 3.586215 3.550984 3.489813 3.431374 3.379126 3.329582 3.275767 3.222961 3.174824 3.119351 3.074936 3.023309 2.978491 2.934623 2.890989 2.848700 2.807582 2.767289 2.728493 2.690442 2.653313 2.615192 2.577692 2.538832 2.500147 2.459903 2.417153 2.372719 2.326323 2.277813 2.225521 2.171246 2.114118 2.053911 1.992030 1.928101 1.862682 1.793411 1.724553 1.652869 1.577447 1.507676 1.431713 1.357947 1.286494 1.209446 1.135988
4.345295 4.320148 4.283116 4.241120 4.200935 4.134256 4.102813 4.068294 4.033556 4.013009 3.986115 3.947481 3.879024 3.821304 3.741334 3.685321 3.630456 3.598596 3.551110 3.469839 3.405046 3.360637 3.308887 3.243160 3.188650 3.140029 3.078830 3.033493 2.976917 2.929902 2.883161 2.836710 2.791493 2.748882 2.704950 2.664426 2.623573 2.584610 2.544394 2.505381 2.464452 2.423696 2.382384 2.338886 2.292610 2.245208 2.195515 2.143270 2.088536 2.030309 1.970382 1.907606 1.842566 1.775759 1.707272 1.637413 1.565619 1.492404 1.419050 1.343153 1.266386 1.187973 1.108970 1.029833
4.257941 4.237385 4.206558 4.170960 4.135480 4.075195 4.044275 4.009292 3.974409 3.952847 3.927224 3.892966 3.834198 3.784385 3.709711 3.650516 3.589238 3.555422 3.515490 3.442645 3.376236 3.326024 3.276414 3.214619 3.158047 3.108498 3.048447 3.001370 2.945790 2.897721 2.850523 2.803658 2.757433 2.713621 2.669418 2.627775 2.586696 2.546983 2.506605 2.467071 2.426374 2.386259 2.344929 2.301919 2.256612 2.209960 2.161114 2.109483 2.055443 1.997685 1.937770 1.875117 1.810160 1.743279 1.675494 1.604959 1.533446 1.459524 1.385938 1.310590 1.234166 1.156247 1.078099 0.997972
4.146822 4.126904 4.097391 4.063357 4.028553 3.971346 3.938856 3.904418 3.868846 3.846441 3.820249 3.786851 3.732059 3.683719 3.611509 3.550516 3.486458 3.449842 3.411685 3.342740 3.274551 3.219721 3.168769 3.108141 3.049349 2.996361 2.935299 2.883372 2.827436 2.776363 2.725711 2.676998 2.627261 2.579848 2.533423 2.488904 2.445675 2.403990 2.361824 2.321368 2.281304 2.242136 2.201558 2.160204 2.117804 2.074638 2.029463 1.982045 1.931177 1.878667 1.821962 1.763679 1.703354 1.640403 1.574841 1.508355 1.437182 1.365501 1.293583 1.219325 1.144553 1.068331 0.990885 0.913767
4.225944 4.212209 4.189126 4.162173 4.134487 4.082581 4.056568 4.025217 3.992872 3.972154 3.946536 3.914583 3.861437 3.819579 3.754883 3.701270 3.640193 3.603866 3.565546 3.500465 3.441076 3.391037 3.341221 3.284856 3.232232 3.185004 3.128223 3.084382 3.032106 2.987857 2.943489 2.900162 2.858153 2.817616 2.777182 2.738691 2.700769 2.663796 2.626079 2.588653 2.549686 2.510677 2.470398 2.428033 2.383244 2.336486 2.287973 2.234507 2.179699 2.124137 2.064385 2.002424 1.938325 1.872689 1.804302 1.735867 1.665149 1.593696 1.520899 1.445732 1.370300 1.295114 1.217214 1.139228
4.241633 4.228103 4.205442 4.178170 4.149988 4.096652 4.068774 4.035349 4.000702 3.978563 3.952951 3.922889 3.872947 3.835143 3.771277 3.715185 3.648404 3.608250 3.572599 3.513040 3.454923 3.400241 3.348623 3.295553 3.243273 3.194247 3.138549 3.095134 3.042427 2.998229 2.954099 2.910386 2.868360 2.827890 2.787365 2.748836 2.710760 2.673630 2.635610 2.597747 2.558294 2.518799 2.477752 2.434937 2.389346 2.341592 2.292016 2.238095 2.183473 2.125385 2.064949 2.002440 1.937721 1.871288 1.803308 1.732603 1.662807 1.589248 1.515731 1.441447 1.366622 1.290749 1.213298 1.136211
4.153454 4.129228 4.094277 4.055510 4.016782 3.956433 3.923092 3.889372 3.854635 3.832436 3.804898 3.765843 3.702085 3.644489 3.566735 3.508334 3.451685 3.417725 3.370654 3.289766 3.220371 3.172965 3.119522 3.049678 2.991203 2.938340 2.872205 2.819217 2.760589 2.707140 2.653862 2.602368 2.550252 2.500241 2.451276 2.404608 2.359229 2.315485 2.271638 2.229671 2.188288 2.148287 2.107694 2.066036 2.024091 1.981741 1.937682 1.892336 1.844055 1.792281 1.739255 1.683563 1.625531 1.565261 1.503331 1.438111 1.370753 1.302940 1.229691 1.159791 1.085022 1.006364 0.929462 0.848917
4.289270 4.268176 4.236448 4.199842 4.163781 4.102108 4.071025 4.035919 4.000699 3.979077 3.953273 3.918724 3.858931 3.808559 3.733860 3.674887 3.613664 3.579764 3.539125 3.466557 3.400914 3.351070 3.301167 3.239775 3.184505 3.135533 3.075797 3.029848 2.974472 2.927834 2.880966 2.835128 2.790055 2.747316 2.703866 2.663166 2.622592 2.583581 2.543753 2.504622 2.463981 2.423683 2.382326 2.339135 2.293358 2.246085 2.196654 2.143768 2.088705 2.031119 1.971093 1.907988 1.842610 1.775189 1.706553 1.636534 1.564256 1.491646 1.417690 1.341396 1.265280 1.186954 1.108605 1.028970
4.342705 4.324296 4.295205 4.261082 4.227627 4.166896 4.137057 4.102666 4.066973 4.045264 4.018786 3.985539 3.926778 3.880882 3.809253 3.752281 3.689607 3.654643 3.615544 3.546069 3.484263 3.434555 3.385515 3.327746 3.274325 3.227427 3.170499 3.128079 3.074428 3.030414 2.986582 2.942386 2.900709 2.860805 2.819577 2.781480 2.742764 2.704896 2.665818 2.627490 2.586691 2.545536 2.502480 2.457421 2.409483 2.358985 2.306655 2.251344 2.193919 2.132486 2.070647 2.005359 1.938025 1.868621 1.799306 1.727061 1.654975 1.581776 1.505545 1.431524 1.353972 1.272754 1.193212 1.112843
4.193039 4.176987 4.151453 4.121794 4.091234 4.037472 4.009043 3.976401 3.943477 3.922884 3.898289 3.866722 3.813727 3.768845 3.700396 3.643372 3.581517 3.546556 3.509634 3.442711 3.379043 3.327445 3.278549 3.220423 3.164561 3.116022 3.057979 3.011212 2.957796 2.910806 2.864767 2.819490 2.774721 2.731995 2.689638 2.649286 2.609966 2.572041 2.533174 2.495278 2.456623 2.418599 2.379464 2.338297 2.295565 2.251354 2.204907 2.154896 2.103408 2.048811 1.991791 1.932043 1.870196 1.806477 1.741181 1.673977 1.605236 1.534332 1.463622 1.390322 1.317087 1.241338 1.166159 1.089117
4.217164 4.201539 4.176647 4.146999 4.116499 4.061480 4.031935 3.997323 3.961832 3.939324 3.913651 3.882976 3.832328 3.791871 3.725537 3.666988 3.599760 3.559933 3.524182 3.462957 3.401810 3.345871 3.294066 3.239435 3.185242 3.134379 3.077310 3.031324 2.977450 2.931166 2.885161 2.839996 2.795497 2.753025 2.710637 2.670251 2.630665 2.592353 2.553083 2.514429 2.474766 2.435480 2.394940 2.352511 2.307784 2.261578 2.213128 2.161180 2.107702 2.050200 1.990445 1.928320 1.864008 1.798133 1.730131 1.660340 1.589631 1.514651 1.443315 1.368152 1.293880 1.219380 1.142376 1.066387
4.189466 4.163050 4.125659 4.083329 4.041275 3.976262 3.940398 3.903938 3.868055 3.846661 3.821307 3.785616 3.723797 3.665726 3.583809 3.519653 3.458939 3.427344 3.385826 3.307216 3.233242 3.182017 3.131830 3.064247 3.003536 2.951230 2.886425 2.833213 2.774768 2.722188 2.669168 2.618417 2.566891 2.517555 2.468958 2.422794 2.377841 2.334693 2.291155 2.249661 2.208384 2.168662 2.128224 2.086616 2.044726 2.002358 1.958219 1.912276 1.863407 1.811947 1.758515 1.702542 1.644121 1.583309 1.518467 1.453805 1.384697 1.315578 1.245054 1.173219 1.100073 1.023446 0.946785 0.869110
4.310330 4.287723 4.254369 4.215212 4.176794 4.111711 4.078065 4.040559 4.003050 3.980735 3.955371 3.922295 3.863832 3.814340 3.737064 3.674249 3.608762 3.574174 3.536439 3.465640 3.398032 3.344702 3.295155 3.235151 3.178325 3.128369 3.068790 3.022436 2.966431 2.919168 2.872106 2.825502 2.779948 2.736841 2.692632 2.651536 2.610351 2.570821 2.530482 2.490796 2.449470 2.408486 2.366292 2.322348 2.275796 2.227726 2.177519 2.124228 2.068825 2.009592 1.948802 1.884949 1.818914 1.750406 1.680985 1.609961 1.536828 1.463042 1.389021 1.312089 1.234808 1.156880 1.077597 0.998062
4.211008 4.194685 4.168906 4.139217 4.108842 4.054779 4.027307 3.995345 3.962478 3.941676 3.915748 3.882054 3.826356 3.780854 3.712103 3.657209 3.597701 3.562452 3.522559 3.452965 3.390607 3.341548 3.291565 3.231819 3.177039 3.128558 3.069865 3.023799 2.969924 2.922954 2.877105 2.831601 2.786675 2.744084 2.701395 2.660759 2.621023 2.582665 2.543261 2.504554 2.464917 2.425636 2.384991 2.342905 2.298355 2.252236 2.203920 2.152686 2.099017 2.041753 1.981971 1.920276 1.856170 1.790183 1.723493 1.654316 1.583061 1.509431 1.437305 1.362443 1.287249 1.211474 1.134096 1.055609
4.233707 4.219030 4.194940 4.166780 4.137946 4.084675 4.057719 4.025774 3.992907 3.972131 3.946430 3.914335 3.860616 3.817744 3.751478 3.696918 3.635500 3.599302 3.560924 3.495132 3.434836 3.384591 3.334827 3.277468 3.224551 3.177229 3.120076 3.076099 3.023346 2.978835 2.934136 2.890732 2.848490 2.808038 2.767407 2.728945 2.691164 2.654583 2.617307 2.580262 2.541981 2.503650 2.464397 2.423714 2.380075 2.334788 2.287582 2.236458 2.184407 2.128966 2.070843 2.010897 1.948756 1.885115 1.819110 1.751632 1.684045 1.613594 1.540629 1.470783 1.398174 1.318167 1.241501 1.163005
4.225476 4.211299 4.187879 4.160280 4.131905 4.079100 4.052016 4.019493 3.985947 3.964246 3.938476 3.906785 3.854351 3.813463 3.748213 3.693055 3.629664 3.591946 3.554564 3.490398 3.430464 3.378338 3.327946 3.272197 3.218437 3.169854 3.113046 3.068585 3.015500 2.970058 2.925531 2.880877 2.837798 2.796359 2.754947 2.715569 2.676700 2.638942 2.600232 2.561953 2.522205 2.482471 2.441240 2.398256 2.352595 2.304954 2.255272 2.201716 2.146548 2.088407 2.027840 1.964639 1.899299 1.832246 1.763558 1.692965 1.621652 1.548668 1.475262 1.399325 1.323320 1.249063 1.171321 1.093789
4.121044 4.092760 4.053391 4.009231 3.965037 3.899732 3.861477 3.823646 3.786357 3.763348 3.737198 3.699891 3.637561 3.576526 3.492366 3.425275 3.362729 3.329873 3.287685 3.206654 3.128264 3.074457 3.023369 2.952628 2.887667 2.832176 2.764038 2.705928 2.645011 2.587371 2.529897 2.472668 2.418233 2.363276 2.310272 2.260057 2.210518 2.162760 2.115320 2.071005 2.027182 1.985096 1.942329 1.898843 1.857260 1.814624 1.772142 1.728611 1.683424 1.634651 1.586682 1.535930 1.483330 1.427552 1.370682 1.305033 1.245871 1.180765 1.112823 1.041292 0.968162 0.897252 0.828858 0.750347
4.359399 4.339020 4.307498 4.270941 4.235521 4.172737 4.143023 4.109097 4.074742 4.054246 4.028668 3.994185 3.932266 3.881953 3.807428 3.751300 3.692445 3.660090 3.618800 3.545214 3.482615 3.436018 3.387274 3.327171 3.274415 3.228152 3.170353 3.128119 3.074205 3.030415 2.986398 2.942405 2.900703 2.860886 2.819606 2.781739 2.743124 2.705391 2.666304 2.627920 2.587107 2.545959 2.503529 2.458581 2.411009 2.360941 2.308925 2.253009 2.195221 2.135728 2.074219 2.009235 1.942060 1.873101 1.802558 1.731690 1.658926 1.587212 1.511723 1.436126 1.358858 1.278742 1.199599 1.119007
4.098993 4.081196 4.053863 4.022672 3.990245 3.936596 3.905719 3.872921 3.838670 3.816588 3.790449 3.756953 3.703394 3.656041 3.586515 3.527726 3.465151 3.428189 3.389528 3.321147 3.254140 3.200382 3.149301 3.088407 3.029387 2.977292 2.916036 2.863698 2.808271 2.756778 2.705976 2.657197 2.607436 2.559775 2.513430 2.468990 2.426099 2.384647 2.342844 2.302911 2.263571 2.225631 2.186521 2.146068 2.105648 2.064422 2.021230 1.977246 1.928952 1.877767 1.825386 1.769925 1.712258 1.652006 1.591308 1.527965 1.461039 1.394833 1.323977 1.254534 1.182105 1.104543 1.029355 0.951856
4.292013 4.276781 4.251821 4.222404 4.192835 4.137347 4.110009 4.077644 4.044152 4.023226 3.997402 3.965235 3.910057 3.867634 3.800382 3.745874 3.684037 3.648175 3.609979 3.543868 3.484356 3.434765 3.385466 3.329116 3.277258 3.230677 3.174382 3.132239 3.079605 3.036476 2.992786 2.949704 2.908468 2.868783 2.828557 2.790669 2.752633 2.715359 2.676967 2.638831 2.598452 2.557698 2.515426 2.471006 2.423625 2.374020 2.322348 2.266825 2.209231 2.149771 2.087560 2.023042 1.956582 1.888652 1.818115 1.747413 1.674825 1.601608 1.527381 1.452158 1.375804 1.297771 1.218813 1.139195
4.265211 4.252090 4.229630 4.202836 4.175334 4.122356 4.096061 4.063616 4.030366 4.009380 3.984102 3.953629 3.902038 3.862891 3.798163 3.743716 3.679960 3.642619 3.606774 3.544124 3.485785 3.434195 3.384903 3.331077 3.278616 3.231584 3.176478 3.134409 3.082354 3.038737 2.996132 2.952612 2.911602 2.871913 2.831961 2.794125 2.756344 2.719226 2.681002 2.642985 2.602814 2.562425 2.520153 2.475494 2.428256 2.378557 2.327174 2.271769 2.215159 2.154440 2.092198 2.027848 1.961226 1.893069 1.824782 1.752668 1.681524 1.607787 1.532762 1.458438 1.381998 1.305029 1.226471 1.148453
