# mean(lg_P) also median/mode
3.903377 3.883803 3.855494 3.822882 3.788930 3.737298 3.704662 3.670202 3.635537 3.612405 3.586271 3.552559 3.501038 3.451127 3.379702 3.316663 3.253219 3.215449 3.176258 3.107474 3.034214 2.974925 2.923283 2.859860 2.792849 2.735570 2.671253 2.607643 2.549945 2.489157 2.430218 2.373328 2.315351 2.257281 2.202555 2.149224 2.097701 2.047240 1.997369 1.949468 1.902833 1.857620 1.812300 1.767867 1.724303 1.679542 1.635285 1.589655 1.543522 1.494732 1.444460 1.391936 1.337032 1.279591 1.219235 1.156575 1.090897 1.022611 0.951866 0.879278 0.804922 0.728850 0.651271 0.572620
3.962827 3.934683 3.896404 3.853625 3.810824 3.750330 3.713987 3.678437 3.644565 3.624017 3.598889 3.561252 3.499070 3.434935 3.350546 3.285346 3.230201 3.200255 3.154392 3.068508 2.988990 2.940534 2.889030 2.811707 2.745443 2.691075 2.619112 2.555994 2.494875 2.432519 2.371015 2.311804 2.251517 2.190898 2.134142 2.077940 2.024242 1.971497 1.919079 1.868715 1.819524 1.771920 1.724222 1.678029 1.632603 1.586793 1.541333 1.494228 1.447534 1.398904 1.348812 1.296033 1.239663 1.182091 1.123753 1.061097 0.996254 0.928083 0.857890 0.785672 0.710901 0.634539 0.556740 0.477291
3.938555 3.913046 3.878279 3.838946 3.799030 3.741073 3.704974 3.668369 3.632145 3.608686 3.581626 3.544779 3.486826 3.428991 3.350189 3.284135 3.222659 3.187646 3.144624 3.066936 2.988686 2.932671 2.880618 2.809815 2.741341 2.684369 2.615712 2.550833 2.490145 2.427674 2.365982 2.307036 2.246531 2.185815 2.129050 2.072773 2.019113 1.966154 1.913770 1.863771 1.814735 1.767483 1.720804 1.674155 1.629852 1.583835 1.538966 1.493076 1.446636 1.398224 1.348613 1.297318 1.241952 1.185868 1.128043 1.066776 1.002725 0.935549 0.866152 0.794643 0.721271 0.645638 0.568955 0.490477
3.901398 3.884321 3.859056 3.829798 3.799585 3.751943 3.722934 3.691956 3.660624 3.639678 3.614204 3.580783 3.528991 3.479593 3.411421 3.353821 3.296221 3.260518 3.219607 3.148976 3.079587 3.027113 2.975959 2.910596 2.847690 2.793970 2.729883 2.669773 2.613709 2.555317 2.498779 2.444572 2.388855 2.333405 2.281582 2.230337 2.181763 2.133706 2.086425 2.040931 1.996378 1.953142 1.909507 1.866389 1.823846 1.779936 1.736124 1.690284 1.643552 1.594148 1.542699 1.488595 1.430584 1.370925 1.310231 1.245464 1.177851 1.108856 1.036734 0.962829 0.887929 0.811552 0.733827 0.655057
3.942669 3.925652 3.899958 3.870159 3.838319 3.788345 3.757297 3.723547 3.689030 3.665868 3.639506 3.606579 3.556600 3.510299 3.442424 3.381297 3.316689 3.277239 3.238872 3.173475 3.103786 3.043905 2.991532 2.930773 2.866604 2.809362 2.747069 2.685963 2.629334 2.570838 2.514426 2.459586 2.404151 2.348904 2.297070 2.245463 2.196779 2.148131 2.100729 2.055815 2.011187 1.968012 1.924359 1.881542 1.838877 1.795213 1.751128 1.705093 1.658438 1.609191 1.557368 1.502712 1.447111 1.387686 1.322618 1.258287 1.190137 1.120517 1.048356 0.974677 0.899957 0.823130 0.745247 0.666155
3.778678 3.763151 3.739498 3.711833 3.681986 3.636152 3.605242 3.571498 3.537633 3.513588 3.487327 3.455703 3.410406 3.366752 3.302779 3.241298 3.174982 3.131768 3.094533 3.034819 2.966526 2.901312 2.846015 2.788979 2.723680 2.661005 2.599231 2.533976 2.475818 2.414040 2.353453 2.295388 2.236064 2.175992 2.120078 2.064691 2.011375 1.958582 1.907358 1.857319 1.809108 1.762232 1.715566 1.670687 1.625743 1.581330 1.537249 1.492305 1.446819 1.400272 1.352342 1.302399 1.251814 1.197140 1.139735 1.077727 1.015094 0.949326 0.881731 0.811134 0.738115 0.663951 0.588323 0.510892
3.831947 3.805640 3.770134 3.730427 3.689712 3.633301 3.597133 3.560981 3.527167 3.504833 3.478778 3.441652 3.383503 3.321982 3.241155 3.175150 3.117920 3.084966 3.040825 2.958867 2.878286 2.825602 2.774251 2.698101 2.628345 2.572488 2.499962 2.432784 2.371261 2.305027 2.240790 2.178440 2.115188 2.050792 1.990380 1.930923 1.873238 1.816219 1.760506 1.705970 1.653671 1.602510 1.552734 1.503858 1.456296 1.408471 1.362446 1.317651 1.271183 1.224872 1.178435 1.130587 1.081906 1.030751 0.977437 0.920804 0.862184 0.801786 0.738249 0.671681 0.603100 0.532618 0.460150 0.386004
3.944137 3.924497 3.896226 3.863842 3.830815 3.779854 3.749413 3.717368 3.684991 3.663628 3.637450 3.601749 3.546116 3.493082 3.421402 3.363021 3.306395 3.271464 3.227616 3.152344 3.081650 3.031217 2.978948 2.909904 2.847412 2.793585 2.727127 2.667301 2.609649 2.551035 2.493670 2.438804 2.382317 2.326448 2.273851 2.222108 2.172847 2.124219 2.076330 2.030571 1.985691 1.942168 1.898554 1.855137 1.812815 1.768669 1.724761 1.679714 1.633493 1.584010 1.533221 1.479543 1.423237 1.364652 1.302930 1.239629 1.172859 1.104145 1.032844 0.959760 0.885570 0.809812 0.732263 0.653609
3.798023 3.775499 3.744197 3.708191 3.670540 3.616649 3.579973 3.542049 3.505828 3.481374 3.455708 3.423292 3.374003 3.322474 3.247996 3.178346 3.110165 3.070940 3.035311 2.969268 2.890501 2.823436 2.771780 2.710172 2.638186 2.575975 2.511427 2.441621 2.381853 2.316396 2.252840 2.191302 2.128952 2.064897 2.005694 1.946488 1.889523 1.832599 1.777390 1.724382 1.671940 1.621794 1.571813 1.523825 1.475785 1.429688 1.383560 1.337184 1.290574 1.245154 1.197708 1.148976 1.099304 1.046956 0.991886 0.932898 0.872743 0.809819 0.745246 0.676586 0.605952 0.533419 0.458438 0.382416
3.982614 3.965111 3.938807 3.908302 3.876368 3.825549 3.794926 3.761790 3.728014 3.705948 3.680205 3.647127 3.595725 3.548349 3.479424 3.419042 3.356317 3.318899 3.280196 3.212678 3.143221 3.086286 3.034801 2.973420 2.910223 2.855075 2.792874 2.733919 2.677684 2.621132 2.565973 2.512828 2.458221 2.404907 2.353992 2.304215 2.257013 2.209864 2.163526 2.119404 2.076049 2.033189 1.990183 1.946404 1.903559 1.858396 1.812777 1.765816 1.716875 1.664382 1.610357 1.553303 1.494139 1.431587 1.365533 1.298139 1.227929 1.155978 1.081766 1.006204 0.929857 0.851907 0.772735 0.692608
3.869551 3.854982 3.832285 3.805686 3.777109 3.731259 3.701870 3.669323 3.635448 3.611759 3.584972 3.552490 3.505394 3.462502 3.399987 3.341045 3.275955 3.233576 3.194774 3.133348 3.067526 3.005929 2.951086 2.892683 2.830077 2.770779 2.708997 2.647748 2.590945 2.531985 2.474758 2.419475 2.363094 2.306770 2.254401 2.202028 2.152909 2.103265 2.055231 2.009109 1.963820 1.919680 1.875497 1.831870 1.788592 1.744541 1.700534 1.654305 1.606940 1.558406 1.506976 1.454035 1.398272 1.339234 1.276017 1.209910 1.142085 1.072585 1.000920 0.928074 0.852011 0.775552 0.697409 0.618010
3.993508 3.966286 3.928992 3.887057 3.844738 3.784046 3.747630 3.711403 3.676104 3.654338 3.628321 3.590562 3.529014 3.467001 3.384163 3.318543 3.260632 3.228899 3.183867 3.100449 3.021295 2.970250 2.918683 2.843443 2.776794 2.721775 2.651161 2.588011 2.527122 2.465282 2.404528 2.345918 2.286268 2.226571 2.170485 2.114853 2.061972 2.009667 1.958044 1.908983 1.860309 1.813869 1.767122 1.721418 1.676708 1.630964 1.585779 1.539072 1.492084 1.442804 1.391900 1.339027 1.283409 1.225697 1.164592 1.101091 1.034839 0.966417 0.894876 0.821899 0.747523 0.670604 0.592678 0.513565
3.891452 3.865506 3.830145 3.790411 3.749863 3.692489 3.656280 3.619782 3.584177 3.560740 3.533640 3.495967 3.437238 3.377553 3.297241 3.231295 3.171639 3.137080 3.092559 3.012189 2.932677 2.877927 2.825713 2.752051 2.682665 2.625419 2.554084 2.487582 2.426510 2.361216 2.298195 2.236544 2.174493 2.111519 2.052518 1.994082 1.937671 1.882160 1.827682 1.774524 1.723348 1.673603 1.624099 1.576642 1.529637 1.482171 1.435922 1.389895 1.343199 1.294993 1.246391 1.195570 1.144277 1.089166 1.032166 0.972486 0.909595 0.844659 0.776291 0.706386 0.633507 0.558951 0.482160 0.403815
3.869523 3.851176 3.824581 3.794036 3.762597 3.714505 3.684977 3.653879 3.622913 3.602108 3.576715 3.542304 3.489238 3.437309 3.367465 3.309619 3.253852 3.218944 3.176399 3.103081 3.032343 2.981512 2.929872 2.861526 2.798350 2.744359 2.678342 2.616917 2.559819 2.499886 2.441634 2.385988 2.328686 2.271263 2.217850 2.164799 2.114388 2.064697 2.015757 1.968308 1.922280 1.877699 1.832924 1.789323 1.746368 1.702012 1.658359 1.613333 1.567491 1.518886 1.468689 1.415774 1.359626 1.301493 1.242752 1.179591 1.113235 1.044834 0.974143 0.901449 0.826929 0.751063 0.673517 0.595113
3.932291 3.915590 3.890345 3.860915 3.829900 3.780463 3.749473 3.715869 3.681472 3.658447 3.632339 3.600190 3.551469 3.506421 3.439813 3.378757 3.313495 3.273306 3.235617 3.172263 3.103854 3.043271 2.990004 2.931183 2.867724 2.809972 2.748571 2.688304 2.631458 2.573983 2.517442 2.463482 2.407978 2.353024 2.301307 2.250418 2.202105 2.154124 2.106932 2.062021 2.017719 1.974599 1.931039 1.887535 1.845066 1.800822 1.756366 1.709795 1.661813 1.611765 1.559050 1.504830 1.446907 1.386808 1.322701 1.256651 1.187897 1.117623 1.044905 0.970726 0.894801 0.817869 0.739472 0.660379
3.831426 3.815532 3.791618 3.763666 3.733610 3.686878 3.656169 3.622953 3.589487 3.566415 3.540792 3.509440 3.463293 3.419071 3.354244 3.293038 3.227782 3.186689 3.150023 3.089159 3.020361 2.957495 2.903973 2.846129 2.781145 2.721482 2.660514 2.596999 2.539916 2.480035 2.421340 2.365371 2.307921 2.250016 2.196509 2.143078 2.092459 2.042198 1.993135 1.945810 1.899865 1.855341 1.811166 1.767651 1.725429 1.681593 1.638725 1.595493 1.550671 1.503035 1.454514 1.403841 1.351137 1.295930 1.238122 1.177427 1.113660 1.047604 0.979389 0.908625 0.836146 0.762212 0.686865 0.610201
3.872700 3.847431 3.812928 3.774096 3.734472 3.678434 3.643145 3.607892 3.574444 3.553039 3.527797 3.491885 3.434514 3.374660 3.294838 3.229708 3.172417 3.140481 3.097654 3.017353 2.938043 2.885896 2.835616 2.761652 2.693461 2.638516 2.568104 2.502724 2.442805 2.378829 2.316747 2.256751 2.195596 2.133578 2.076083 2.018736 1.963812 1.909758 1.856538 1.804611 1.754661 1.705937 1.657930 1.611038 1.565299 1.519089 1.474001 1.428224 1.382101 1.335315 1.287199 1.236453 1.182687 1.127260 1.072806 1.014341 0.951386 0.885617 0.818563 0.748164 0.675445 0.601050 0.524608 0.446756
3.978953 3.956015 3.923902 3.887526 3.850675 3.795371 3.762342 3.728191 3.693568 3.670848 3.643306 3.605527 3.546419 3.490047 3.414653 3.353778 3.295659 3.260381 3.214658 3.136089 3.062842 3.011413 2.958039 2.886636 2.822845 2.767529 2.699239 2.638163 2.578737 2.518779 2.459953 2.403229 2.345236 2.287866 2.233414 2.180098 2.129161 2.078714 2.029295 1.981674 1.934965 1.889641 1.844147 1.798984 1.754720 1.709195 1.663862 1.616263 1.568454 1.518170 1.465733 1.411211 1.352894 1.292400 1.229809 1.164034 1.096059 1.025444 0.952374 0.877541 0.801218 0.722941 0.643604 0.563391
3.824428 3.801068 3.768597 3.731886 3.693510 3.638534 3.601790 3.563819 3.527135 3.502202 3.475620 3.441763 3.390288 3.337269 3.261340 3.192157 3.125062 3.086114 3.048626 2.979433 2.900297 2.835031 2.783610 2.719228 2.646103 2.585628 2.519597 2.449961 2.389754 2.324187 2.260530 2.198883 2.136315 2.072577 2.013367 1.954447 1.897501 1.841147 1.786117 1.733478 1.682029 1.632156 1.583534 1.535511 1.489393 1.442727 1.397536 1.354076 1.309228 1.262835 1.217400 1.171096 1.121896 1.070542 1.017194 0.965170 0.907050 0.845960 0.783830 0.717361 0.648252 0.578025 0.505305 0.431008
3.851971 3.833396 3.806332 3.775080 3.741950 3.692048 3.659641 3.624925 3.590091 3.566071 3.539364 3.505519 3.455599 3.407126 3.337877 3.274829 3.210100 3.170108 3.130950 3.064411 2.991882 2.929997 2.877005 2.814834 2.747405 2.687742 2.623431 2.558053 2.499755 2.437393 2.377088 2.318639 2.259488 2.199515 2.143559 2.088231 2.035194 1.982576 1.931221 1.881641 1.833505 1.786880 1.740163 1.695288 1.650425 1.605610 1.561299 1.515784 1.469981 1.422648 1.373604 1.322924 1.271355 1.215904 1.156297 1.094145 1.030126 0.963380 0.894204 0.822718 0.749080 0.673974 0.597132 0.519278
3.921473 3.910191 3.890798 3.867739 3.843211 3.800565 3.775098 3.746334 3.716404 3.696350 3.672127 3.642336 3.596476 3.555690 3.494590 3.440058 3.379817 3.341518 3.304800 3.243482 3.180337 3.124340 3.073447 3.016669 2.956674 2.902901 2.844095 2.787341 2.734229 2.679712 2.627370 2.576811 2.524943 2.474328 2.426398 2.379125 2.334566 2.290069 2.246069 2.204468 2.163132 2.122542 2.080890 2.039319 1.997330 1.953955 1.909205 1.862314 1.813590 1.762257 1.708699 1.652047 1.592834 1.530615 1.464508 1.396953 1.327434 1.256547 1.184385 1.109860 1.034856 0.958440 0.880780 0.801718
3.923945 3.899072 3.864924 3.826552 3.787749 3.731763 3.697771 3.663815 3.631094 3.610350 3.584876 3.548086 3.488983 3.428916 3.349527 3.287194 3.232298 3.200610 3.155509 3.073757 2.997368 2.948657 2.896966 2.822099 2.756909 2.703248 2.633000 2.570495 2.510776 2.449166 2.388645 2.330705 2.271485 2.211885 2.156293 2.101229 2.048590 1.997053 1.946021 1.896956 1.849236 1.802978 1.756991 1.712008 1.668203 1.623503 1.579610 1.534513 1.489010 1.442302 1.394017 1.343845 1.288917 1.233410 1.176631 1.117737 1.054846 0.988558 0.920986 0.850417 0.777256 0.702958 0.627385 0.550160
3.914920 3.886784 3.848898 3.805925 3.761873 3.700180 3.660228 3.620225 3.581494 3.556700 3.529979 3.494046 3.437094 3.377874 3.294927 3.222336 3.155510 3.119951 3.080314 3.003748 2.919697 2.856984 2.806149 2.736296 2.662865 2.602796 2.533380 2.464071 2.402205 2.335999 2.271760 2.208993 2.145993 2.081666 2.021529 1.961868 1.904480 1.847571 1.791641 1.737839 1.685161 1.634561 1.584014 1.535315 1.487575 1.439678 1.392897 1.345609 1.298338 1.250211 1.200855 1.150397 1.098743 1.044044 0.986515 0.926852 0.864767 0.799819 0.732053 0.661866 0.589170 0.514698 0.438066 0.360121
3.940850 3.921236 3.892996 3.860612 3.827332 3.775740 3.744033 3.710370 3.675944 3.652870 3.625802 3.590672 3.536826 3.486139 3.415430 3.354674 3.293342 3.255787 3.214151 3.142869 3.071391 3.015451 2.963052 2.897617 2.832735 2.776858 2.712043 2.650506 2.592679 2.533442 2.475551 2.420081 2.363064 2.306469 2.253507 2.200920 2.151182 2.101792 2.053382 2.007286 1.961722 1.917719 1.873931 1.829794 1.787407 1.742820 1.698842 1.653647 1.607514 1.557780 1.506749 1.453556 1.396745 1.338372 1.276640 1.213850 1.147098 1.078376 1.006890 0.933891 0.859765 0.783888 0.706505 0.627991
3.791584 3.774647 3.749613 3.720610 3.689873 3.643200 3.612430 3.579295 3.546474 3.523377 3.497487 3.464791 3.416778 3.369550 3.302616 3.241343 3.178623 3.138919 3.100389 3.035219 2.964119 2.903348 2.850611 2.789245 2.722332 2.663163 2.599600 2.534077 2.476379 2.414022 2.353565 2.295457 2.236181 2.175843 2.120279 2.064520 2.011335 1.958558 1.907331 1.857432 1.809218 1.762501 1.716040 1.671626 1.627079 1.582942 1.539257 1.495287 1.450756 1.404328 1.357172 1.307560 1.257116 1.203342 1.146782 1.087776 1.025497 0.960703 0.893693 0.824297 0.753006 0.679612 0.604640 0.527983
3.909728 3.895610 3.873130 3.846738 3.818579 3.772743 3.744569 3.713482 3.681581 3.660138 3.635110 3.603637 3.555934 3.511991 3.447639 3.389835 3.328065 3.289598 3.251977 3.188275 3.121497 3.063950 3.012436 2.953494 2.890920 2.835328 2.774451 2.715037 2.660115 2.603000 2.548105 2.494948 2.440519 2.386917 2.336102 2.286500 2.239285 2.192247 2.146102 2.101747 2.058533 2.015791 1.972834 1.929899 1.887425 1.842751 1.798090 1.752029 1.703907 1.652394 1.599116 1.543159 1.485151 1.423054 1.358924 1.291810 1.222335 1.151236 1.077846 1.002908 0.926694 0.849551 0.771074 0.691472
3.867240 3.839774 3.802980 3.762102 3.720966 3.663841 3.628473 3.593465 3.560083 3.538094 3.510999 3.470994 3.408498 3.344043 3.262915 3.200283 3.146962 3.114017 3.064152 2.977464 2.900103 2.852362 2.797452 2.717381 2.651735 2.595525 2.521068 2.455949 2.393121 2.327935 2.263594 2.201731 2.138821 2.074726 2.014992 1.955776 1.898685 1.842235 1.786733 1.733259 1.681185 1.630861 1.581262 1.532988 1.485893 1.438566 1.392942 1.347337 1.300895 1.254790 1.207251 1.159038 1.109492 1.058563 1.004594 0.945607 0.886258 0.825164 0.760696 0.693729 0.624186 0.553095 0.480004 0.405609
3.918073 3.894512 3.861959 3.825006 3.787050 3.731509 3.696641 3.660919 3.625548 3.602451 3.575746 3.540032 3.484366 3.428918 3.352685 3.287847 3.226251 3.190640 3.149051 3.074219 2.997437 2.940937 2.889194 2.820263 2.752891 2.695993 2.628857 2.564383 2.504874 2.442910 2.382245 2.323954 2.264407 2.204485 2.148346 2.093022 2.040069 1.987969 1.936489 1.886790 1.838407 1.791518 1.744897 1.698710 1.654038 1.608426 1.563530 1.516763 1.469856 1.421425 1.370921 1.318676 1.261717 1.203674 1.145541 1.082489 1.017053 0.948620 0.877753 0.805005 0.730042 0.653314 0.575540 0.496242
3.902353 3.879996 3.848842 3.813301 3.776649 3.722412 3.687744 3.651682 3.615402 3.591131 3.563625 3.528082 3.473881 3.420753 3.346655 3.281719 3.217838 3.179604 3.138600 3.066720 2.990948 2.931408 2.878712 2.812176 2.743903 2.685461 2.618972 2.553601 2.494184 2.431491 2.370539 2.311553 2.251658 2.191156 2.135243 2.078947 2.025750 1.972839 1.920949 1.871011 1.822281 1.775169 1.728156 1.682642 1.637948 1.592541 1.548006 1.502442 1.456779 1.409083 1.360028 1.309358 1.256386 1.200932 1.142277 1.081346 1.017645 0.950756 0.882356 0.810986 0.737461 0.662535 0.585819 0.507617
3.963480 3.946577 3.920768 3.890654 3.858760 3.808047 3.776515 3.742219 3.706961 3.683573 3.657422 3.625207 3.575985 3.531003 3.463464 3.401604 3.335010 3.294736 3.257457 3.194072 3.125192 3.063561 3.010696 2.952229 2.888456 2.830553 2.769320 2.709144 2.652426 2.595095 2.539165 2.485162 2.430009 2.375778 2.324074 2.273699 2.225706 2.177802 2.130887 2.086348 2.042394 1.999458 1.956404 1.912889 1.870361 1.825664 1.780837 1.734600 1.686557 1.635191 1.582092 1.526215 1.469388 1.408635 1.342610 1.276053 1.206526 1.135921 1.062327 0.987760 0.911991 0.834685 0.755933 0.676175
3.834148 3.821527 3.800787 3.776139 3.749817 3.706682 3.679184 3.648915 3.618160 3.597230 3.573189 3.543785 3.499389 3.457494 3.395035 3.337398 3.275426 3.236048 3.200413 3.140414 3.074480 3.014812 2.963161 2.906861 2.843766 2.786732 2.727274 2.666189 2.611614 2.553713 2.497713 2.444024 2.388887 2.333930 2.282497 2.232018 2.183773 2.136197 2.089262 2.044339 2.000358 1.957565 1.914057 1.871858 1.829490 1.786557 1.743508 1.698285 1.652406 1.604105 1.553881 1.500600 1.445290 1.386599 1.325267 1.261194 1.194621 1.126077 1.055269 0.981758 0.907293 0.831558 0.754974 0.676698
4.022930 3.995685 3.958443 3.916780 3.875421 3.815329 3.780628 3.746183 3.711956 3.690605 3.663426 3.623364 3.558330 3.495026 3.413581 3.352738 3.298897 3.266669 3.216560 3.130168 3.055817 3.009691 2.954550 2.877508 2.815307 2.760476 2.689401 2.629097 2.567827 2.507922 2.448181 2.390976 2.332331 2.274336 2.219308 2.165256 2.113853 2.063118 2.013041 1.965225 1.917818 1.872474 1.827098 1.781388 1.737367 1.691890 1.646614 1.599815 1.552073 1.502373 1.450490 1.396363 1.337851 1.278361 1.216687 1.153708 1.086291 1.016205 0.944067 0.870053 0.794493 0.716861 0.638188 0.558326
3.912036 3.890067 3.859061 3.823716 3.786947 3.732981 3.699204 3.664246 3.629812 3.607309 3.581385 3.546363 3.491729 3.437252 3.361934 3.297832 3.236975 3.201957 3.161101 3.086487 3.010256 2.954355 2.903739 2.835067 2.767599 2.711570 2.644291 2.580120 2.521657 2.459377 2.399619 2.341233 2.282404 2.222914 2.167461 2.112374 2.059790 2.007752 1.956769 1.907490 1.859594 1.813068 1.766228 1.721438 1.676352 1.631312 1.586466 1.540088 1.493608 1.445272 1.395140 1.342616 1.288428 1.231042 1.170819 1.107178 1.041806 0.973275 0.902918 0.830030 0.754871 0.678213 0.600218 0.521017
3.804657 3.783302 3.753606 3.719608 3.684143 3.632629 3.598428 3.562771 3.528277 3.504661 3.478305 3.444536 3.393618 3.341682 3.268946 3.203635 3.140086 3.101892 3.063215 2.994117 2.917798 2.856465 2.804546 2.740155 2.670267 2.610884 2.545435 2.477684 2.418624 2.354265 2.291974 2.231801 2.170605 2.108042 2.050153 1.992369 1.936914 1.881920 1.828430 1.776279 1.725536 1.676736 1.628363 1.581657 1.535585 1.489561 1.444264 1.399981 1.354601 1.307750 1.260226 1.210274 1.159786 1.106214 1.052676 0.995044 0.934130 0.870407 0.804426 0.735917 0.664784 0.591632 0.516678 0.439275
3.895301 3.880244 3.857160 3.830183 3.801914 3.755995 3.727690 3.696691 3.664921 3.643291 3.617755 3.585402 3.536590 3.491390 3.426523 3.369054 3.308483 3.270290 3.231256 3.165958 3.098740 3.042343 2.990440 2.929812 2.866891 2.811603 2.750140 2.689984 2.634340 2.576976 2.520894 2.467795 2.412419 2.357927 2.306904 2.256370 2.208572 2.161033 2.114384 2.070011 2.026204 1.983802 1.941361 1.898231 1.856888 1.812325 1.768591 1.724517 1.677745 1.626614 1.575064 1.521044 1.463956 1.404097 1.341612 1.276617 1.208866 1.139492 1.067450 0.994054 0.919540 0.843240 0.765985 0.687396
3.900426 3.886016 3.863085 3.836073 3.806867 3.759708 3.729494 3.696211 3.662077 3.638877 3.613285 3.582870 3.537623 3.496150 3.432842 3.372282 3.304998 3.262250 3.226242 3.168344 3.102486 3.038743 2.983964 2.928600 2.866932 2.806821 2.747373 2.687037 2.630557 2.573325 2.516972 2.463187 2.408018 2.353258 2.301689 2.251038 2.202839 2.154994 2.107921 2.063205 2.019220 1.976398 1.933260 1.890330 1.848178 1.803977 1.760060 1.714814 1.667895 1.617562 1.565659 1.511288 1.456055 1.396683 1.332456 1.267198 1.199149 1.129610 1.057662 0.983307 0.908108 0.831612 0.753587 0.674736
3.838017 3.812063 3.777201 3.738322 3.698953 3.643869 3.609049 3.573966 3.540035 3.516893 3.489001 3.449458 3.388907 3.327273 3.248763 3.186365 3.131029 3.096088 3.047136 2.963706 2.886945 2.836557 2.781546 2.703845 2.637565 2.580163 2.506554 2.440500 2.378025 2.312174 2.247672 2.185446 2.122282 2.057650 1.997889 1.937646 1.880023 1.822603 1.766934 1.712691 1.659863 1.609026 1.558637 1.510087 1.462294 1.414790 1.368283 1.322194 1.275544 1.228819 1.181018 1.131340 1.081686 1.029157 0.974483 0.916307 0.856118 0.793940 0.728301 0.660521 0.590684 0.518749 0.444456 0.368852
3.949374 3.926598 3.894610 3.858261 3.821191 3.765906 3.731904 3.696888 3.662082 3.639610 3.613517 3.578137 3.522392 3.467652 3.391776 3.327814 3.266849 3.231809 3.190268 3.115596 3.040042 2.984639 2.933181 2.865195 2.798661 2.742737 2.676294 2.613487 2.554592 2.494146 2.434720 2.377920 2.319568 2.261307 2.206810 2.152773 2.101467 2.050669 2.000565 1.952761 1.905649 1.860262 1.814803 1.769770 1.726068 1.680767 1.635928 1.589559 1.542604 1.493279 1.442059 1.388914 1.331947 1.273417 1.212786 1.149059 1.082558 1.013440 0.941655 0.867732 0.792436 0.715352 0.637269 0.557903
3.995936 3.975835 3.946553 3.912926 3.878186 3.824281 3.791729 3.757283 3.722322 3.699509 3.673093 3.638743 3.584592 3.533988 3.461424 3.399219 3.336437 3.299912 3.259921 3.188729 3.116531 3.059990 3.008684 2.944498 2.879493 2.824305 2.760211 2.700024 2.642759 2.584738 2.528366 2.473766 2.418116 2.363351 2.310967 2.260153 2.211512 2.163410 2.115919 2.070935 2.026053 1.982734 1.938885 1.894722 1.851396 1.806630 1.761402 1.713778 1.665273 1.614605 1.561148 1.505186 1.445748 1.384147 1.319667 1.254199 1.184664 1.113582 1.040103 0.964075 0.887403 0.809414 0.730298 0.650455
3.874267 3.857198 3.831666 3.801894 3.770688 3.722319 3.691751 3.659196 3.626722 3.605214 3.580584 3.548734 3.499618 3.451417 3.382664 3.321605 3.260169 3.223795 3.186394 3.119147 3.047391 2.989673 2.939911 2.877270 2.811444 2.755953 2.692945 2.630275 2.574342 2.514432 2.456896 2.401382 2.344522 2.287675 2.234684 2.182321 2.132453 2.083125 2.034644 1.988021 1.942749 1.898610 1.854537 1.811258 1.768708 1.724835 1.681522 1.637052 1.591814 1.543234 1.493949 1.441242 1.387027 1.329650 1.269839 1.208712 1.143246 1.075747 1.005200 0.932934 0.859035 0.783885 0.706839 0.628782
3.869679 3.852964 3.827734 3.798366 3.766781 3.717908 3.685877 3.651287 3.616435 3.592774 3.566988 3.535998 3.489773 3.445706 3.379451 3.316486 3.248745 3.206563 3.170550 3.110691 3.041623 2.976785 2.922378 2.865742 2.801077 2.740008 2.679263 2.616308 2.558786 2.499300 2.440780 2.384778 2.327757 2.270170 2.216696 2.163615 2.113105 2.063153 2.014111 1.966929 1.920853 1.876216 1.831264 1.787790 1.744608 1.700659 1.657114 1.611821 1.566035 1.517717 1.467801 1.415479 1.361223 1.303956 1.243060 1.180545 1.114884 1.046366 0.976045 0.903559 0.829323 0.753461 0.676681 0.598146
3.875518 3.847396 3.809762 3.767538 3.724806 3.665285 3.627366 3.589940 3.554814 3.532455 3.506948 3.470444 3.412105 3.350115 3.267072 3.198044 3.138185 3.105983 3.063720 2.982824 2.899926 2.844594 2.794258 2.720079 2.649036 2.592435 2.521500 2.453834 2.392394 2.326953 2.262833 2.201283 2.138370 2.074260 2.014781 1.955591 1.898591 1.842428 1.787047 1.733661 1.681414 1.631286 1.581764 1.533153 1.486360 1.439248 1.393301 1.347106 1.300907 1.254135 1.206324 1.156927 1.104501 1.051357 0.997873 0.941573 0.880981 0.818059 0.752259 0.683801 0.613032 0.540593 0.466049 0.389450
3.959216 3.935002 3.901235 3.862622 3.822831 3.764500 3.727669 3.690047 3.653054 3.629640 3.603860 3.570133 3.515894 3.461403 3.383414 3.314608 3.248565 3.212738 3.174907 3.102642 3.023989 2.963201 2.912704 2.846937 2.777622 2.719933 2.653966 2.589494 2.530106 2.468520 2.408428 2.350233 2.291226 2.231956 2.176374 2.121450 2.069080 2.017269 1.966305 1.917386 1.869256 1.822917 1.776393 1.730740 1.686270 1.640614 1.595521 1.548920 1.502161 1.452629 1.401770 1.348371 1.292304 1.233934 1.173726 1.111095 1.044566 0.975661 0.904056 0.830376 0.755511 0.678586 0.600292 0.520873
3.867502 3.849879 3.824156 3.794423 3.763205 3.715331 3.685396 3.653455 3.621232 3.599337 3.573246 3.539216 3.487666 3.437853 3.369240 3.310306 3.251477 3.214650 3.173537 3.103105 3.032206 2.977780 2.926022 2.860122 2.795578 2.740220 2.675006 2.612666 2.555833 2.495134 2.436965 2.380544 2.323278 2.265563 2.211925 2.158521 2.107794 2.057537 2.008496 1.960767 1.914466 1.869593 1.824363 1.780879 1.737381 1.693157 1.649471 1.604273 1.558564 1.510511 1.460501 1.407736 1.353019 1.295395 1.235561 1.172847 1.106743 1.039340 0.968482 0.895907 0.821905 0.745721 0.668609 0.589920
3.921533 3.905557 3.881295 3.853212 3.823641 3.776109 3.746957 3.715185 3.682854 3.661033 3.635490 3.602888 3.553270 3.506898 3.440571 3.381945 3.320812 3.282813 3.243904 3.177519 3.109401 3.053049 3.001251 2.940017 2.876891 2.821678 2.759640 2.699975 2.643888 2.586734 2.530769 2.477603 2.422569 2.368195 2.317434 2.266959 2.219436 2.172067 2.125478 2.081823 2.038077 1.996174 1.953752 1.911308 1.870275 1.826868 1.783630 1.739473 1.693862 1.644244 1.593461 1.539693 1.484234 1.426075 1.363307 1.300413 1.233736 1.165140 1.094295 1.021347 0.947923 0.872767 0.796337 0.718698
3.876711 3.861495 3.838039 3.810573 3.781166 3.734560 3.705100 3.672840 3.639742 3.617137 3.591332 3.559154 3.511337 3.466663 3.401549 3.342209 3.278948 3.239196 3.200969 3.137389 3.069215 3.009460 2.956855 2.897441 2.833201 2.775625 2.713777 2.651978 2.595779 2.536637 2.479614 2.424487 2.368197 2.312092 2.259431 2.207618 2.158217 2.109066 2.061055 2.014942 1.969926 1.926067 1.882018 1.838682 1.796013 1.751329 1.707203 1.662327 1.615643 1.565675 1.514262 1.460288 1.405052 1.345537 1.283257 1.218325 1.150734 1.081296 1.009212 0.935227 0.860260 0.783543 0.705842 0.626359
3.819480 3.789614 3.750069 3.705975 3.660974 3.600323 3.560501 3.521015 3.484730 3.460773 3.434319 3.396494 3.337207 3.272825 3.187376 3.115599 3.054203 3.020652 2.977618 2.894516 2.808365 2.750193 2.699345 2.622875 2.548342 2.489241 2.415403 2.343807 2.280401 2.210460 2.143290 2.077231 2.011124 1.942654 1.878968 1.815182 1.753107 1.690550 1.630295 1.573519 1.515704 1.461312 1.406286 1.353949 1.301193 1.250763 1.201214 1.153100 1.104388 1.056835 1.008449 0.960739 0.917148 0.868316 0.809124 0.754148 0.697147 0.641509 0.579787 0.515918 0.451649 0.385070 0.313551 0.241338
4.023340 4.001106 3.969358 3.933183 3.896692 3.840749 3.808040 3.774248 3.740410 3.719177 3.693425 3.657855 3.600050 3.545002 3.469044 3.407757 3.349351 3.316061 3.273438 3.196517 3.123469 3.072378 3.021276 2.952481 2.889200 2.836062 2.770011 2.711193 2.653257 2.596062 2.539673 2.485659 2.429693 2.375388 2.323288 2.272623 2.224344 2.176473 2.129393 2.084323 2.039764 1.996674 1.953427 1.908828 1.865921 1.820283 1.774623 1.728001 1.679003 1.626490 1.572785 1.516396 1.455795 1.393630 1.329602 1.264290 1.194327 1.122558 1.048346 0.972472 0.895771 0.817687 0.738512 0.658445
3.785777 3.766653 3.739344 3.707963 3.675191 3.626485 3.594275 3.560329 3.527100 3.503912 3.477706 3.443971 3.393900 3.343597 3.273765 3.211173 3.149425 3.111050 3.071589 3.003030 2.929167 2.869813 2.817699 2.752885 2.684641 2.626601 2.561091 2.494574 2.436117 2.372519 2.310958 2.251641 2.190952 2.129343 2.072179 2.015535 1.960976 1.907159 1.854648 1.803149 1.753910 1.705689 1.658850 1.612619 1.567589 1.522558 1.478519 1.434561 1.389360 1.344109 1.297654 1.249860 1.199731 1.147614 1.093986 1.035791 0.975864 0.913157 0.848641 0.780598 0.710232 0.638317 0.564763 0.489583
3.939920 3.923237 3.898134 3.868883 3.838521 3.789728 3.759947 3.727711 3.694766 3.672828 3.647058 3.614225 3.563833 3.517059 3.449900 3.390656 3.328931 3.291127 3.252143 3.185509 3.116808 3.060201 3.008363 2.947149 2.883894 2.828698 2.766672 2.707088 2.650940 2.593867 2.538051 2.484838 2.429817 2.375597 2.324643 2.274239 2.226605 2.179303 2.132669 2.088215 2.044367 2.001767 1.958773 1.915528 1.873501 1.828814 1.784311 1.738440 1.690657 1.639149 1.586110 1.530784 1.471945 1.410895 1.347211 1.281321 1.212263 1.141667 1.068479 0.993715 0.917865 0.840999 0.762338 0.682817
3.908174 3.894120 3.871556 3.844995 3.816323 3.769971 3.741000 3.709065 3.676360 3.654328 3.629140 3.598282 3.551493 3.508379 3.444236 3.385085 3.321239 3.281605 3.245230 3.183440 3.116323 3.056334 3.004561 2.946932 2.883906 2.827077 2.766896 2.706670 2.651714 2.594103 2.539109 2.485405 2.431128 2.377091 2.326082 2.276103 2.228667 2.181052 2.134775 2.090544 2.046839 2.004242 1.960859 1.918475 1.875558 1.832062 1.787917 1.741161 1.693667 1.643758 1.591120 1.535537 1.478352 1.417358 1.352357 1.286123 1.216831 1.146612 1.073541 0.999059 0.923189 0.845995 0.767614 0.688070
