# mean(lg_P) also median/mode
3.340689 3.319556 3.291215 3.258661 3.223458 3.178155 3.142860 3.107787 3.074228 3.049072 3.022488 2.989088 2.941791 2.887760 2.816500 2.748948 2.687183 2.647841 2.607518 2.539269 2.458082 2.391637 2.340298 2.273290 2.193614 2.131021 2.061615 1.982795 1.919285 1.842934 1.771878 1.698352 1.627226 1.551052 1.479006 1.407037 1.334464 1.263265 1.192511 1.121694 1.051326 0.983761 0.915885 0.849467 0.784377 0.720560 0.657905 0.595274 0.535528 0.477903 0.420286 0.363559 0.309429 0.255297 0.202443 0.149301 0.096956 0.044021 -0.008411 -0.062361 -0.116825 -0.172829 -0.229728 -0.287678
3.381661 3.351648 3.313378 3.270723 3.226247 3.172636 3.133065 3.096449 3.064006 3.041320 3.015602 2.978033 2.919789 2.850620 2.765487 2.695064 2.642722 2.612145 2.564480 2.476174 2.387194 2.334975 2.284635 2.198525 2.120233 2.064433 1.981452 1.906367 1.838357 1.760108 1.686313 1.610756 1.536558 1.458127 1.383262 1.308777 1.233269 1.159009 1.084912 1.010696 0.937641 0.865851 0.794202 0.724100 0.654661 0.586765 0.519775 0.453778 0.389341 0.326387 0.264142 0.203756 0.144697 0.086718 0.029977 -0.026347 -0.081699 -0.137344 -0.191509 -0.246021 -0.300960 -0.356528 -0.412503 -0.468636
3.385351 3.358263 3.323184 3.284005 3.242943 3.191559 3.152516 3.115094 3.080127 3.054669 3.027074 2.990300 2.936478 2.874104 2.794891 2.723874 2.664332 2.628086 2.583790 2.505231 2.418282 2.356480 2.305270 2.228619 2.147503 2.087108 2.010755 1.931922 1.865589 1.787168 1.713881 1.638365 1.564898 1.486714 1.412182 1.338225 1.263235 1.189663 1.116131 1.042658 0.970204 0.899549 0.829077 0.759525 0.691146 0.624445 0.558517 0.493483 0.430290 0.369038 0.308424 0.248925 0.191106 0.134191 0.078557 0.023073 -0.031490 -0.085974 -0.139878 -0.194644 -0.249717 -0.305557 -0.362216 -0.419546
3.332878 3.314408 3.289065 3.260006 3.228519 3.187186 3.155757 3.124410 3.094121 3.071194 3.045488 3.012457 2.964845 2.911622 2.843773 2.781874 2.726490 2.689522 2.647097 2.576503 2.499611 2.441276 2.390408 2.319957 2.245101 2.187171 2.115557 2.041100 1.979148 1.904827 1.835921 1.764821 1.695660 1.622139 1.552364 1.482897 1.413176 1.344578 1.276523 1.208571 1.141873 1.077064 1.012563 0.949579 0.887819 0.827734 0.768684 0.710672 0.654400 0.600068 0.546415 0.492801 0.441573 0.390258 0.339720 0.289098 0.238442 0.186831 0.134377 0.081416 0.026690 -0.029761 -0.088189 -0.148372
3.389166 3.370555 3.344547 3.314524 3.281999 3.238433 3.204685 3.170528 3.137079 3.111868 3.085161 3.052483 3.007323 2.957051 2.888978 2.823389 2.760283 2.718943 2.679274 2.615034 2.537292 2.469256 2.416436 2.353305 2.275799 2.211318 2.144197 2.066890 2.004249 1.929673 1.859755 1.788174 1.718638 1.643967 1.574167 1.503939 1.434540 1.364892 1.297153 1.229028 1.162365 1.096972 1.032347 0.969285 0.908140 0.847468 0.788676 0.731548 0.675953 0.620822 0.566962 0.514396 0.462054 0.410156 0.359089 0.308253 0.257181 0.204934 0.151676 0.097611 0.041744 -0.016407 -0.075561 -0.136820
3.210383 3.193961 3.169798 3.142227 3.111455 3.071073 3.037987 3.004169 2.970932 2.944936 2.918358 2.887258 2.845975 2.799035 2.735520 2.670288 2.605623 2.560640 2.522312 2.464356 2.390286 2.317841 2.261697 2.203827 2.128040 2.058712 1.994650 1.916745 1.850913 1.777231 1.704772 1.631842 1.560275 1.483859 1.411584 1.338942 1.265849 1.193052 1.121190 1.049336 0.978039 0.908230 0.839093 0.770534 0.703844 0.637686 0.572938 0.508953 0.446263 0.386148 0.326552 0.268591 0.211978 0.156456 0.101843 0.047836 -0.005304 -0.058264 -0.110526 -0.163550 -0.216780 -0.270731 -0.325633 -0.380491
3.312252 3.284574 3.248977 3.209306 3.167407 3.116601 3.077917 3.041399 3.008323 2.984240 2.957596 2.920872 2.865876 2.800624 2.719460 2.649369 2.594180 2.560671 2.514975 2.431918 2.344068 2.287227 2.237062 2.155401 2.075316 2.018043 1.937917 1.860663 1.793300 1.713975 1.640271 1.563830 1.489129 1.409879 1.334348 1.258728 1.182338 1.106552 1.031652 0.956257 0.881776 0.808175 0.735457 0.662766 0.592454 0.522215 0.453568 0.385761 0.318927 0.253972 0.190599 0.127664 0.066753 0.007352 -0.051129 -0.108934 -0.165236 -0.221445 -0.276668 -0.331741 -0.386739 -0.442094 -0.497446 -0.552617
3.402003 3.380932 3.352398 3.320116 3.285843 3.241286 3.208159 3.175581 3.144369 3.121019 3.094452 3.058940 3.007437 2.950170 2.878382 2.815642 2.761333 2.725194 2.679403 2.603324 2.524644 2.469082 2.416869 2.341120 2.267227 2.209524 2.133923 2.060798 1.996614 1.922152 1.851940 1.780513 1.710499 1.636183 1.566029 1.495990 1.425719 1.356812 1.288530 1.220189 1.153072 1.088110 1.023368 0.960238 0.898481 0.837993 0.778724 0.720537 0.664182 0.609605 0.555907 0.502239 0.450492 0.398873 0.347896 0.296832 0.245613 0.193301 0.140396 0.086458 0.031052 -0.026124 -0.085705 -0.146607
3.227570 3.204072 3.172330 3.136470 3.097600 3.049190 3.010146 2.971974 2.936312 2.909900 2.883811 2.851848 2.806322 2.751166 2.676870 2.602869 2.536118 2.495705 2.459164 2.394268 2.308615 2.234373 2.183318 2.121042 2.036303 1.969368 1.902268 1.819587 1.754065 1.675674 1.602176 1.525928 1.452030 1.372891 1.297689 1.222235 1.145860 1.069897 0.994688 0.919085 0.844350 0.770463 0.697290 0.624322 0.552908 0.481906 0.412037 0.343594 0.276078 0.210416 0.145160 0.081534 0.019393 -0.041706 -0.101754 -0.160185 -0.217461 -0.274878 -0.330654 -0.386093 -0.441204 -0.496719 -0.552083 -0.606858
3.398974 3.379876 3.353281 3.322715 3.289745 3.245913 3.212448 3.178851 3.146277 3.122003 3.095935 3.063087 3.016737 2.964852 2.895922 2.830650 2.769747 2.730514 2.690536 2.623774 2.545498 2.480219 2.428970 2.363451 2.286467 2.224515 2.156541 2.079905 2.017715 1.943692 1.874446 1.803607 1.734623 1.660888 1.591608 1.522425 1.453495 1.385146 1.317904 1.250801 1.184730 1.120853 1.057271 0.995262 0.934674 0.875377 0.817351 0.760393 0.705357 0.652017 0.599236 0.546761 0.495769 0.444596 0.394065 0.343414 0.292335 0.240104 0.186461 0.132227 0.075993 0.018013 -0.042274 -0.104170
3.291299 3.275225 3.252183 3.225692 3.196464 3.156729 3.124888 3.092120 3.059232 3.033494 3.006391 2.974402 2.932107 2.885689 2.823334 2.760280 2.696872 2.652326 2.612309 2.552697 2.480358 2.410535 2.354586 2.294407 2.220282 2.153304 2.087343 2.011486 1.947044 1.873893 1.803110 1.731738 1.661480 1.586659 1.516124 1.445408 1.375093 1.304423 1.235320 1.166147 1.098115 1.031318 0.965342 0.900523 0.837607 0.775343 0.714687 0.655626 0.597625 0.541345 0.485775 0.431793 0.378270 0.325623 0.273807 0.222447 0.171014 0.119202 0.066902 0.013515 -0.041281 -0.097853 -0.155443 -0.214284
3.432441 3.403464 3.365674 3.323689 3.280179 3.226407 3.186678 3.149478 3.115543 3.091678 3.065049 3.027215 2.969999 2.902935 2.819021 2.748149 2.692654 2.660017 2.613185 2.527594 2.438775 2.383097 2.332473 2.249145 2.169519 2.112168 2.030621 1.954539 1.887397 1.808731 1.735331 1.659852 1.586104 1.507766 1.433391 1.359288 1.284583 1.210884 1.137678 1.064297 0.992301 0.921506 0.850961 0.782112 0.714163 0.647658 0.582061 0.518157 0.455399 0.393978 0.333391 0.275086 0.217224 0.160402 0.105064 0.049967 -0.004382 -0.059010 -0.113156 -0.168358 -0.224065 -0.280655 -0.338014 -0.396241
3.322947 3.295293 3.260025 3.220353 3.178360 3.127362 3.088200 3.050853 3.016439 2.990980 2.963177 2.925759 2.871018 2.806769 2.726046 2.655504 2.597972 2.562311 2.516206 2.434770 2.347055 2.287147 2.235747 2.155707 2.074826 2.015045 1.936048 1.857177 1.789782 1.709542 1.635363 1.558236 1.482857 1.402848 1.326879 1.250516 1.173613 1.096860 1.021457 0.945204 0.870086 0.795508 0.721642 0.648472 0.577450 0.506101 0.436582 0.368010 0.300152 0.234068 0.169202 0.106190 0.043710 -0.017005 -0.076691 -0.135497 -0.193132 -0.250621 -0.306838 -0.362474 -0.418576 -0.475170 -0.531374 -0.587289
3.294104 3.274424 3.247607 3.217283 3.184521 3.142551 3.110550 3.079071 3.049132 3.026346 3.000632 2.966590 2.917475 2.861717 2.792051 2.730141 2.676753 2.640715 2.596525 2.522834 2.444863 2.388961 2.337703 2.263988 2.189501 2.132271 2.057817 1.984228 1.920500 1.845620 1.775423 1.703294 1.632923 1.558186 1.487032 1.416150 1.344746 1.274368 1.204375 1.134575 1.065900 0.998758 0.932170 0.866606 0.802418 0.739772 0.678071 0.617521 0.558311 0.501186 0.445101 0.389431 0.335902 0.283089 0.231347 0.179319 0.128165 0.076218 0.024777 -0.028148 -0.081303 -0.136299 -0.192487 -0.249742
3.356804 3.338514 3.313134 3.283713 3.251662 3.208762 3.175156 3.141082 3.107794 3.082662 3.056288 3.024425 2.980504 2.931450 2.865029 2.799387 2.735694 2.693430 2.654736 2.592908 2.516817 2.447588 2.393863 2.332668 2.256535 2.191095 2.125472 2.048659 1.985193 1.912284 1.841934 1.771124 1.701747 1.627838 1.557922 1.488295 1.418590 1.349795 1.281708 1.213890 1.146818 1.082267 1.017734 0.954732 0.893021 0.832925 0.773904 0.715729 0.660040 0.605844 0.551832 0.498400 0.447092 0.395416 0.344622 0.293947 0.243035 0.191236 0.138379 0.084867 0.029408 -0.027925 -0.086723 -0.147021
3.296228 3.279165 3.255061 3.227127 3.196433 3.155143 3.122330 3.089006 3.056244 3.031351 3.005557 2.974645 2.932727 2.885264 2.820610 2.755532 2.691782 2.649076 2.611336 2.552057 2.477141 2.406835 2.352752 2.293909 2.217853 2.151238 2.087218 2.010057 1.946732 1.873684 1.803205 1.731924 1.662280 1.587891 1.517471 1.447242 1.376936 1.307034 1.238142 1.169412 1.101600 1.035589 0.970189 0.905513 0.842831 0.781369 0.721100 0.662036 0.604638 0.548727 0.494236 0.439834 0.387281 0.335366 0.284551 0.233536 0.182827 0.131663 0.080222 0.027423 -0.026136 -0.081444 -0.138272 -0.196353
3.305079 3.278339 3.243809 3.205112 3.164138 3.114250 3.076290 3.040431 3.007986 2.984648 2.958932 2.923386 2.869706 2.805753 2.725637 2.655948 2.600917 2.568301 2.524129 2.442696 2.355327 2.298391 2.249684 2.169695 2.089599 2.033170 1.954140 1.877236 1.811454 1.732605 1.660146 1.584360 1.510835 1.432706 1.358060 1.283578 1.208286 1.133799 1.059666 0.985412 0.912190 0.840099 0.768616 0.697577 0.628087 0.559645 0.492245 0.425583 0.360354 0.297227 0.234922 0.173565 0.114320 0.056021 -0.001029 -0.057825 -0.113236 -0.169076 -0.222688 -0.277006 -0.331674 -0.386759 -0.442226 -0.497620
3.395295 3.370564 3.337957 3.301735 3.263792 3.215501 3.179389 3.144466 3.111148 3.086242 3.058166 3.020351 2.966048 2.904748 2.828621 2.762807 2.707083 2.670359 2.622544 2.542590 2.460491 2.403627 2.350249 2.271264 2.195025 2.135614 2.057280 1.982234 1.915879 1.838961 1.766402 1.692424 1.619771 1.542724 1.469745 1.396855 1.323630 1.251165 1.179623 1.107752 1.037046 0.968004 0.899168 0.831933 0.765984 0.701185 0.637555 0.575065 0.514175 0.455122 0.396426 0.339423 0.283754 0.228573 0.174609 0.120879 0.067368 0.013523 -0.039846 -0.094721 -0.150323 -0.206650 -0.264543 -0.323423
3.321253 3.296472 3.264347 3.227532 3.187835 3.138368 3.099136 3.060686 3.024719 2.998018 2.970940 2.937486 2.889086 2.832438 2.756867 2.683602 2.617723 2.577784 2.539427 2.470981 2.384675 2.312926 2.262191 2.196175 2.111432 2.046630 1.977234 1.894859 1.829638 1.750979 1.677966 1.602138 1.528723 1.450244 1.375482 1.301075 1.225840 1.151212 1.077364 1.003522 0.930312 0.858458 0.787241 0.716240 0.647588 0.579198 0.512521 0.446428 0.381907 0.319210 0.257827 0.197078 0.138387 0.080895 0.024331 -0.031536 -0.086373 -0.140166 -0.193996 -0.247395 -0.301162 -0.355029 -0.409658 -0.464711
3.291485 3.271465 3.244068 3.212832 3.178810 3.134846 3.099857 3.064772 3.030804 3.004776 2.977652 2.944143 2.898468 2.846252 2.777009 2.709821 2.646705 2.605034 2.564650 2.499036 2.419511 2.350518 2.297249 2.232564 2.153292 2.087965 2.019768 1.940411 1.875533 1.799052 1.726944 1.652731 1.580609 1.503362 1.430395 1.357167 1.283649 1.210432 1.138365 1.066008 0.994441 0.924358 0.854772 0.786262 0.719512 0.653118 0.588417 0.524614 0.462066 0.401699 0.341938 0.284178 0.227150 0.171299 0.116679 0.062350 0.008826 -0.044401 -0.097666 -0.151579 -0.205752 -0.260784 -0.316686 -0.373289
3.357011 3.344261 3.325313 3.302321 3.276223 3.240125 3.212363 3.183376 3.154520 3.132466 3.108210 3.079040 3.037682 2.993058 2.933081 2.874670 2.816469 2.776548 2.738610 2.678949 2.608592 2.544911 2.493669 2.434080 2.362160 2.301128 2.237862 2.164078 2.105021 2.034636 1.968550 1.901221 1.835610 1.765617 1.700014 1.634545 1.569577 1.505355 1.442152 1.379515 1.318011 1.258604 1.199554 1.142243 1.086551 1.032200 0.978927 0.926707 0.875870 0.826470 0.777864 0.729063 0.680890 0.632740 0.583867 0.534327 0.483795 0.431472 0.377359 0.321030 0.262030 0.200619 0.137446 0.072301
3.392522 3.366217 3.331998 3.293644 3.253453 3.203635 3.166869 3.132180 3.100554 3.077917 3.051976 3.015397 2.959903 2.895584 2.815686 2.748957 2.696440 2.664069 2.617170 2.533759 2.449078 2.396636 2.345520 2.263612 2.187385 2.131419 2.051369 1.977639 1.911650 1.835197 1.763208 1.689829 1.617623 1.541409 1.468787 1.396473 1.323491 1.252007 1.180800 1.109472 1.039418 0.971033 0.902919 0.835972 0.770526 0.706448 0.643495 0.581427 0.521512 0.462855 0.405215 0.347903 0.293558 0.239289 0.186149 0.133197 0.080858 0.028047 -0.024249 -0.078036 -0.132176 -0.187256 -0.243891 -0.301317
3.342702 3.312787 3.274543 3.231679 3.186624 3.131351 3.088303 3.047418 3.009842 2.982983 2.955656 2.919848 2.867256 2.803485 2.719766 2.641927 2.576602 2.539925 2.499437 2.422642 2.329548 2.259821 2.210383 2.136769 2.049020 1.985603 1.910615 1.826960 1.759922 1.678018 1.603055 1.524315 1.448294 1.366906 1.289582 1.212218 1.133840 1.055954 0.979042 0.901462 0.824746 0.749020 0.673578 0.598898 0.525773 0.452909 0.381306 0.310808 0.241227 0.173459 0.106348 0.041055 -0.023314 -0.086509 -0.148370 -0.209037 -0.268642 -0.327173 -0.385429 -0.442371 -0.499141 -0.556148 -0.612655 -0.668832
3.393850 3.372770 3.344412 3.312110 3.277631 3.232477 3.198154 3.163931 3.130636 3.105546 3.078089 3.043135 2.993606 2.938795 2.868059 2.802747 2.743276 2.704130 2.660967 2.589722 2.510278 2.447666 2.395240 2.324825 2.247621 2.186583 2.114803 2.038089 1.974554 1.899000 1.828439 1.756123 1.685666 1.610624 1.539645 1.468887 1.398022 1.328121 1.258938 1.189731 1.121819 1.055858 0.990161 0.925926 0.863087 0.801636 0.741360 0.682409 0.625185 0.569745 0.514798 0.460702 0.407880 0.355219 0.303529 0.252184 0.200293 0.147821 0.095300 0.041226 -0.014432 -0.071660 -0.129991 -0.190032
3.243406 3.225403 3.200140 3.171225 3.139352 3.098009 3.065003 3.031756 2.999555 2.974623 2.948346 2.916142 2.871658 2.821123 2.754649 2.689686 2.628742 2.587686 2.547892 2.483702 2.406516 2.339396 2.286534 2.222967 2.145393 2.081295 2.014150 1.936021 1.871857 1.796676 1.725336 1.652283 1.581025 1.504988 1.432831 1.360633 1.287910 1.215687 1.144222 1.072791 1.002298 0.933086 0.864580 0.796877 0.730710 0.665427 0.601564 0.538712 0.476964 0.417517 0.358824 0.301957 0.245915 0.191161 0.137495 0.084229 0.031668 -0.020553 -0.072187 -0.125157 -0.178068 -0.231788 -0.286199 -0.341359
3.322018 3.306350 3.283809 3.257466 3.228286 3.188997 3.158308 3.126946 3.096134 3.072589 3.047418 3.016384 2.973520 2.925700 2.861772 2.799684 2.739856 2.699614 2.660819 2.598505 2.524201 2.458634 2.407037 2.345206 2.269970 2.207554 2.142213 2.066110 2.004845 1.931662 1.863262 1.792869 1.724605 1.651403 1.582635 1.513791 1.445252 1.377157 1.310254 1.243450 1.177371 1.113697 1.050268 0.988413 0.927955 0.868763 0.810939 0.753800 0.698532 0.645444 0.593253 0.540420 0.489851 0.439361 0.389524 0.339181 0.288731 0.237187 0.184370 0.131266 0.076151 0.018759 -0.040410 -0.101013
3.354109 3.325122 3.288072 3.247388 3.205047 3.153727 3.115630 3.080054 3.047620 3.023836 2.996154 2.956328 2.897234 2.828783 2.746948 2.680246 2.629389 2.595840 2.543778 2.455190 2.370986 2.320212 2.265424 2.178045 2.103589 2.045581 1.961557 1.887772 1.817561 1.739871 1.664856 1.589063 1.514120 1.435001 1.359464 1.284115 1.207878 1.132549 1.057762 0.982676 0.908487 0.835618 0.763252 0.691474 0.621378 0.552000 0.483906 0.416704 0.350689 0.286535 0.223595 0.161504 0.101294 0.042420 -0.015371 -0.072727 -0.128784 -0.184489 -0.240341 -0.295715 -0.350737 -0.406362 -0.462698 -0.519202
3.332731 3.307572 3.274644 3.237833 3.198947 3.149964 3.112293 3.075872 3.041733 3.016464 2.989398 2.953866 2.902542 2.842828 2.766169 2.696477 2.636833 2.599872 2.557043 2.481800 2.396501 2.333717 2.282778 2.209158 2.128350 2.067598 1.992816 1.914419 1.849247 1.771076 1.698584 1.623461 1.550387 1.472616 1.398564 1.324725 1.250248 1.176483 1.103397 1.030112 0.957891 0.886974 0.816523 0.746966 0.678771 0.611889 0.545965 0.481215 0.417867 0.356260 0.295501 0.236016 0.178277 0.121508 0.065745 0.010417 -0.043880 -0.098554 -0.152033 -0.206273 -0.261101 -0.316314 -0.372345 -0.428952
3.351652 3.327689 3.296363 3.260881 3.223052 3.174864 3.137466 3.100811 3.065536 3.039167 3.011131 2.975801 2.925817 2.868552 2.794270 2.724699 2.662395 2.622735 2.580324 2.508591 2.425173 2.358720 2.306266 2.236067 2.155147 2.091912 2.019553 1.940231 1.875103 1.797226 1.724638 1.649878 1.576919 1.499217 1.425473 1.351945 1.278037 1.204285 1.131655 1.058785 0.987207 0.916569 0.846475 0.777560 0.710302 0.643704 0.578604 0.514895 0.452475 0.390928 0.330806 0.272280 0.214842 0.158781 0.103656 0.048927 -0.005014 -0.059211 -0.113313 -0.167676 -0.222150 -0.278116 -0.334770 -0.392277
3.397748 3.379208 3.353218 3.323051 3.290219 3.246217 3.211946 3.177172 3.143079 3.117556 3.091124 3.059064 3.014948 2.965731 2.898227 2.831645 2.766438 2.723972 2.685561 2.623793 2.546768 2.475802 2.422412 2.361861 2.284593 2.218169 2.153025 2.075377 2.012298 1.938699 1.868604 1.797329 1.728093 1.653657 1.584145 1.514316 1.445014 1.375999 1.308486 1.240827 1.174170 1.109746 1.045624 0.983138 0.922109 0.862130 0.803702 0.746266 0.690771 0.636870 0.583717 0.531124 0.479456 0.427765 0.376863 0.325935 0.274495 0.222205 0.168774 0.114683 0.058074 -0.000085 -0.059942 -0.121678
3.263931 3.250044 3.229500 3.204998 3.177165 3.139895 3.110234 3.079688 3.049897 3.026956 3.002826 2.974024 2.933684 2.888267 2.826877 2.765406 2.705298 2.664464 2.627855 2.569599 2.497269 2.430103 2.378399 2.320587 2.246058 2.182590 2.120004 2.043968 1.982961 1.911183 1.842890 1.773203 1.705322 1.632815 1.564217 1.495876 1.427277 1.359569 1.292508 1.225874 1.160010 1.096345 1.032821 0.970818 0.910175 0.851114 0.793030 0.735721 0.680330 0.627152 0.574658 0.521714 0.471637 0.421437 0.372181 0.322233 0.272405 0.221942 0.170173 0.118062 0.064352 0.008606 -0.048784 -0.107558
3.464674 3.435855 3.397898 3.356347 3.313750 3.260840 3.222890 3.187435 3.154695 3.131222 3.103430 3.063162 3.002573 2.933923 2.851177 2.785275 2.734400 2.701189 2.648336 2.558816 2.475221 2.426009 2.370478 2.282971 2.209985 2.151787 2.067708 1.995618 1.926637 1.850328 1.776430 1.702367 1.629106 1.551654 1.478359 1.405181 1.331507 1.259144 1.187406 1.115187 1.044595 0.975544 0.906684 0.839437 0.773397 0.708836 0.645196 0.582992 0.522386 0.463199 0.404636 0.347550 0.291806 0.236545 0.182536 0.128440 0.075105 0.020693 -0.032759 -0.088276 -0.144399 -0.202093 -0.260928 -0.320776
3.335863 3.312252 3.281001 3.245606 3.207820 3.160252 3.123600 3.088003 3.054661 3.030062 3.003696 2.968915 2.918639 2.859974 2.784165 2.715317 2.656466 2.620243 2.577978 2.503074 2.418356 2.356275 2.306460 2.232907 2.152122 2.092802 2.018154 1.940005 1.875579 1.797267 1.725563 1.650628 1.578052 1.500499 1.427140 1.353565 1.279738 1.206258 1.133948 1.061162 0.989416 0.919027 0.848901 0.780305 0.713180 0.646607 0.581595 0.517560 0.454931 0.393960 0.333758 0.275390 0.218221 0.162066 0.107109 0.052365 -0.001426 -0.055669 -0.109160 -0.163304 -0.217895 -0.273646 -0.330082 -0.387491
3.240110 3.217755 3.187710 3.153866 3.117164 3.071267 3.034724 2.998842 2.964973 2.939365 2.912670 2.879336 2.832014 2.776566 2.703976 2.634515 2.572671 2.533338 2.493498 2.425014 2.341952 2.274120 2.222903 2.156091 2.074538 2.011064 1.941371 1.861123 1.796422 1.718597 1.646195 1.571011 1.497976 1.420013 1.345927 1.271693 1.196682 1.122040 1.048292 0.974210 0.901219 0.828855 0.757507 0.686202 0.617001 0.548120 0.480671 0.414428 0.349203 0.285452 0.223160 0.161653 0.101908 0.043740 -0.013368 -0.069488 -0.124736 -0.180353 -0.234493 -0.288877 -0.342774 -0.398144 -0.453328 -0.508186
3.332178 3.315756 3.292653 3.265841 3.236412 3.196763 3.166087 3.134821 3.104080 3.080509 3.054804 3.022850 2.978355 2.929386 2.865120 2.803610 2.744977 2.705179 2.664925 2.600642 2.526133 2.462654 2.410833 2.346823 2.272061 2.210750 2.143765 2.068321 2.006685 1.933666 1.865112 1.794928 1.726687 1.653974 1.585008 1.516613 1.447849 1.380377 1.313225 1.246604 1.181180 1.117631 1.054688 0.992972 0.932419 0.873828 0.816078 0.759485 0.704265 0.651689 0.600142 0.547525 0.497007 0.446608 0.396716 0.346505 0.296006 0.244513 0.192056 0.138984 0.083347 0.025793 -0.033021 -0.093772
3.333365 3.317369 3.294346 3.267245 3.237260 3.196303 3.163638 3.130064 3.096929 3.071703 3.045919 3.015825 2.975385 2.930341 2.867308 2.802550 2.736654 2.691640 2.654622 2.598956 2.526413 2.453495 2.397458 2.341907 2.268221 2.198638 2.136035 2.060665 1.996563 1.925592 1.855019 1.785009 1.716209 1.642628 1.573482 1.504288 1.435334 1.366849 1.299478 1.232346 1.165876 1.101844 1.038000 0.975536 0.914651 0.855040 0.796696 0.739345 0.683987 0.630206 0.577376 0.524853 0.473584 0.422646 0.372418 0.322041 0.271502 0.220051 0.167869 0.114742 0.059726 0.002783 -0.056013 -0.116450
3.288244 3.260900 3.225875 3.187247 3.146585 3.097273 3.059821 3.024322 2.991248 2.966218 2.937674 2.898441 2.841403 2.775785 2.696968 2.630520 2.577582 2.541696 2.490692 2.405897 2.322460 2.268319 2.213335 2.128977 2.053482 1.993893 1.911497 1.836529 1.766515 1.687970 1.612631 1.536028 1.460414 1.380555 1.304320 1.227916 1.150848 1.073832 0.997889 0.921416 0.846105 0.771142 0.697199 0.623271 0.551436 0.479784 0.409390 0.340496 0.272093 0.205349 0.139842 0.075722 0.012423 -0.049174 -0.109585 -0.168909 -0.227039 -0.285166 -0.341866 -0.398029 -0.454126 -0.510690 -0.566612 -0.622262
3.373044 3.348600 3.316587 3.280279 3.241738 3.193202 3.156238 3.120432 3.086860 3.062260 3.035614 3.000465 2.948908 2.889620 2.813568 2.744623 2.685741 2.649258 2.606456 2.531260 2.446904 2.385102 2.334393 2.260968 2.181161 2.121143 2.047193 1.969474 1.904692 1.827786 1.755857 1.682017 1.610004 1.533426 1.460551 1.388174 1.315034 1.243170 1.171535 1.100029 1.029426 0.960870 0.892385 0.825249 0.759090 0.694647 0.631140 0.568461 0.507806 0.448926 0.390532 0.333292 0.278014 0.223290 0.169644 0.116037 0.063252 0.009982 -0.042633 -0.096790 -0.151282 -0.206739 -0.263741 -0.321764
3.426017 3.404336 3.374856 3.341188 3.305262 3.258478 3.223007 3.187865 3.154107 3.129273 3.102445 3.068203 3.018891 2.963679 2.890771 2.823482 2.762541 2.724329 2.683000 2.611872 2.530306 2.466254 2.415321 2.346020 2.266750 2.205882 2.134949 2.057139 1.994676 1.918536 1.848716 1.776150 1.706149 1.631134 1.560618 1.489965 1.419571 1.350071 1.281555 1.212760 1.145285 1.079943 1.014638 0.951131 0.889143 0.828178 0.768557 0.710260 0.654074 0.598931 0.544322 0.490304 0.438421 0.385919 0.334390 0.283059 0.231185 0.179054 0.124925 0.069776 0.013575 -0.044437 -0.104900 -0.166776
3.325274 3.306773 3.281209 3.251551 3.219137 3.176714 3.143727 3.110778 3.079308 3.055837 3.030998 2.999527 2.954399 2.902647 2.834124 2.768907 2.709267 2.671654 2.633168 2.566634 2.487395 2.422878 2.373870 2.308330 2.229703 2.169824 2.101256 2.024130 1.962782 1.887554 1.818625 1.746671 1.677317 1.602989 1.532751 1.462664 1.392362 1.322892 1.254178 1.185567 1.117919 1.052407 0.987026 0.923162 0.860467 0.799304 0.739285 0.679997 0.622513 0.567362 0.513213 0.458779 0.406583 0.354903 0.304041 0.252863 0.201814 0.150376 0.098337 0.045106 -0.009213 -0.065151 -0.122854 -0.181795
3.301523 3.283396 3.258123 3.228630 3.196082 3.153167 3.118708 3.083769 3.049795 3.024108 2.998020 2.967449 2.925638 2.877906 2.812040 2.744745 2.678369 2.634204 2.597258 2.539320 2.463559 2.390120 2.334940 2.277695 2.201159 2.132002 2.068569 1.990917 1.926318 1.853450 1.781862 1.710227 1.639858 1.564769 1.493752 1.422799 1.351737 1.281056 1.211297 1.141637 1.073037 1.005873 0.939261 0.873866 0.809934 0.747239 0.685919 0.625808 0.567250 0.509941 0.453546 0.398771 0.344906 0.291838 0.240060 0.188163 0.136936 0.085245 0.033518 -0.019728 -0.073428 -0.128902 -0.185562 -0.242882
3.324550 3.294929 3.257079 3.215052 3.171073 3.117635 3.076912 3.038790 3.004700 2.980482 2.954427 2.918171 2.863339 2.797272 2.713765 2.640040 2.582228 2.549342 2.506014 2.423952 2.332920 2.272594 2.223968 2.144580 2.061233 2.003024 1.924529 1.845183 1.778419 1.698522 1.624720 1.547719 1.473112 1.393809 1.317820 1.242233 1.165289 1.089807 1.014235 0.938523 0.863576 0.790298 0.717287 0.644525 0.573007 0.502939 0.433562 0.364777 0.297894 0.232891 0.168431 0.105102 0.043718 -0.016738 -0.075746 -0.134315 -0.191392 -0.248613 -0.303871 -0.358960 -0.414003 -0.469376 -0.524637 -0.579951
3.381751 3.355821 3.321803 3.283146 3.242258 3.190672 3.150790 3.112324 3.076552 3.051067 3.024718 2.991114 2.941454 2.882438 2.803918 2.729637 2.665092 2.627864 2.589262 2.517193 2.429128 2.360256 2.311106 2.241557 2.157252 2.094889 2.023220 1.942271 1.877855 1.799376 1.726990 1.651821 1.578948 1.501078 1.427297 1.353679 1.279657 1.206139 1.133582 1.060710 0.988948 0.918737 0.848581 0.779818 0.712529 0.646266 0.581195 0.517396 0.455204 0.394169 0.333993 0.275416 0.218210 0.162023 0.106831 0.052235 -0.001694 -0.055798 -0.109570 -0.164620 -0.219829 -0.275996 -0.333162 -0.390488
3.301839 3.282879 3.256843 3.227174 3.195032 3.153125 3.120764 3.088533 3.057203 3.033312 3.006921 2.973255 2.925991 2.872506 2.803827 2.740789 2.683978 2.645888 2.603150 2.532876 2.454900 2.394459 2.342824 2.272598 2.196295 2.136744 2.064695 1.989113 1.926018 1.850166 1.780117 1.707412 1.636726 1.561383 1.490135 1.418713 1.347283 1.276124 1.206163 1.135958 1.066950 0.999252 0.932102 0.866388 0.802229 0.738864 0.677067 0.616499 0.557144 0.499347 0.442772 0.387524 0.333175 0.279996 0.227798 0.175604 0.124095 0.072193 0.020196 -0.033376 -0.087205 -0.142604 -0.199522 -0.257343
3.389125 3.371805 3.347400 3.319220 3.288633 3.247230 3.215639 3.183562 3.152252 3.128613 3.102691 3.070400 3.024896 2.974864 2.908845 2.846096 2.786754 2.747224 2.707031 2.641394 2.565914 2.502316 2.450595 2.385611 2.310758 2.249701 2.182392 2.107126 2.045164 1.972661 1.904044 1.834612 1.766496 1.694134 1.625861 1.558028 1.490277 1.423341 1.357245 1.291599 1.227421 1.164738 1.102858 1.042249 0.983352 0.925799 0.869481 0.815011 0.761869 0.709674 0.658732 0.607792 0.557810 0.507975 0.458259 0.408826 0.358436 0.307025 0.254253 0.200037 0.143764 0.085635 0.025092 -0.037051
3.300797 3.284132 3.260525 3.233106 3.202785 3.162397 3.130462 3.097906 3.065847 3.041143 3.015149 2.983379 2.940165 2.891787 2.826924 2.763459 2.701974 2.660384 2.620944 2.558743 2.483543 2.416008 2.362983 2.301145 2.224898 2.160497 2.094644 2.017456 1.954568 1.880392 1.810442 1.738579 1.668849 1.594042 1.523685 1.453117 1.382625 1.312510 1.243585 1.174622 1.106399 1.040207 0.974439 0.910036 0.847122 0.785211 0.724810 0.665144 0.607256 0.551565 0.496851 0.442314 0.389380 0.337122 0.285619 0.234100 0.182936 0.131214 0.079002 0.025584 -0.028935 -0.085398 -0.143030 -0.202235
3.288731 3.257368 3.217613 3.173586 3.127305 3.072195 3.029589 2.989705 2.954019 2.928279 2.901098 2.863614 2.807348 2.739140 2.653297 2.577220 2.517795 2.483693 2.439282 2.355349 2.261827 2.199193 2.149542 2.068633 1.982911 1.922800 1.842897 1.761057 1.692152 1.609686 1.533833 1.454511 1.377122 1.294989 1.216578 1.137838 1.058087 0.978508 0.900264 0.820829 0.742526 0.664205 0.586903 0.509563 0.434288 0.358114 0.283627 0.211200 0.138464 0.067172 -0.002847 -0.072081 -0.140796 -0.208341 -0.274316 -0.337889 -0.401023 -0.462689 -0.524615 -0.585327 -0.644725 -0.703253 -0.761459 -0.818186
3.450227 3.426450 3.394382 3.358274 3.320317 3.271726 3.235980 3.201412 3.168891 3.145544 3.119359 3.083842 3.030678 2.970556 2.894228 2.827641 2.771618 2.737102 2.692721 2.614481 2.531604 2.474659 2.424324 2.347911 2.270850 2.213607 2.137521 2.062797 1.999049 1.923597 1.853352 1.781395 1.711170 1.636473 1.566052 1.495842 1.425297 1.356306 1.287847 1.219355 1.152106 1.087282 1.022481 0.959203 0.897151 0.836922 0.777473 0.719144 0.662766 0.608337 0.554490 0.500472 0.448774 0.396709 0.345389 0.294088 0.242290 0.189601 0.136035 0.081624 0.025503 -0.032582 -0.092820 -0.154820
3.260807 3.240617 3.213103 3.181929 3.148003 3.104551 3.070225 3.036163 3.003504 2.978501 2.951991 2.918720 2.872103 2.818478 2.748917 2.682596 2.622537 2.583141 2.542373 2.474374 2.394330 2.329234 2.277501 2.210186 2.131198 2.069256 1.999072 1.920995 1.856770 1.780348 1.708911 1.635031 1.563172 1.486588 1.413699 1.340890 1.267461 1.194698 1.122621 1.050555 0.979176 0.909390 0.840222 0.771359 0.704661 0.638645 0.573989 0.509994 0.447608 0.387253 0.328065 0.269450 0.212971 0.157711 0.103467 0.049308 -0.003814 -0.056852 -0.109250 -0.162438 -0.216108 -0.270540 -0.325358 -0.380721
3.361896 3.343650 3.318418 3.289297 3.257738 3.215586 3.183153 3.150494 3.118698 3.094706 3.068657 3.036104 2.990412 2.939560 2.872600 2.808811 2.748991 2.709416 2.669233 2.603362 2.526780 2.462478 2.410690 2.345557 2.269599 2.208002 2.140425 2.064229 2.002161 1.928661 1.859412 1.788828 1.720096 1.646775 1.577367 1.508465 1.439287 1.371282 1.303809 1.236691 1.170455 1.106688 1.043057 0.980864 0.919928 0.860769 0.802570 0.745284 0.690202 0.636916 0.584007 0.531096 0.480555 0.429468 0.379173 0.328761 0.278155 0.226671 0.173771 0.120414 0.065238 0.007773 -0.051466 -0.112065
3.332348 3.316641 3.293937 3.267294 3.237893 3.197884 3.166450 3.134280 3.102615 3.078485 3.053160 3.022698 2.980862 2.934059 2.870085 2.806664 2.744507 2.702999 2.665466 2.605448 2.531020 2.462449 2.410292 2.351025 2.274920 2.210471 2.146583 2.069579 2.008673 1.935199 1.866759 1.796022 1.727712 1.654112 1.585394 1.516177 1.447884 1.379220 1.312439 1.245374 1.179523 1.115327 1.051736 0.989797 0.929429 0.870033 0.812142 0.755576 0.700600 0.646997 0.594279 0.541877 0.490973 0.439992 0.389786 0.339556 0.288897 0.237197 0.184150 0.130568 0.075053 0.017205 -0.042273 -0.103446
