# omega0 omegab hubble scalar_amp ns w0 wa mnu Neff alphas 
2.488462e-01 4.698077e-02 6.030769e-01 2.489744e-09 1.033462e+00 -7.391026e-02 -2.044231e+00 3.623077e-01 2.261923e+00 -1.410256e-03 
2.936154e-01 5.148077e-02 7.007179e-01 1.587179e-09 8.011538e-01 -3.282692e-01 -6.532051e-01 6.538462e-02 4.166795e+00 -3.089744e-02 
3.993077e-01 4.325000e-02 7.552821e-01 2.315385e-09 9.996154e-01 -1.095321e+00 -1.380128e+00 4.023077e-01 3.158333e+00 2.423077e-02 
2.557692e-01 4.628846e-02 6.071795e-01 1.566667e-09 9.388462e-01 -1.019808e+00 1.903846e-01 2.838462e-01 4.314231e+00 -5.256410e-03 
3.000769e-01 5.371154e-02 7.343590e-01 1.843590e-09 1.017308e+00 -4.832692e-01 -2.295513e+00 5.530769e-01 2.721923e+00 3.807692e-02 
3.743846e-01 4.075000e-02 6.892308e-01 2.787179e-09 8.780769e-01 1.367308e-01 -1.801923e+00 1.392308e-01 2.993205e+00 -2.166667e-02 
2.299231e-01 4.094231e-02 6.715897e-01 2.048718e-09 9.796154e-01 -3.998077e-01 1.089744e-02 5.700000e-01 3.742179e+00 -1.756410e-02 
3.166923e-01 5.448077e-02 6.523077e-01 1.074359e-09 1.004231e+00 -1.158910e+00 -2.869872e+00 2.530769e-01 3.010897e+00 -1.653846e-02 
3.545385e-01 4.705769e-02 7.109744e-01 2.843590e-09 8.819231e-01 -1.613462e-01 -1.353205e+00 3.000000e-02 2.651154e+00 3.782051e-02 
2.326923e-01 4.836538e-02 7.081026e-01 1.582051e-09 9.588462e-01 -1.278141e+00 -3.570513e-01 4.669231e-01 3.700897e+00 4.371795e-02 
2.899231e-01 4.225000e-02 6.838974e-01 2.735897e-09 1.060385e+00 2.321154e-01 -1.487821e+00 2.084615e-01 3.871923e+00 -3.115385e-02 
3.646923e-01 5.121154e-02 6.043077e-01 1.741026e-09 8.396154e-01 -7.575000e-01 -1.864744e+00 1.407692e-01 2.391667e+00 -1.551282e-02 
2.340769e-01 4.278846e-02 6.867692e-01 2.910256e-09 1.005000e+00 -6.382692e-01 -1.667308e+00 3.515385e-01 2.769103e+00 -4.756410e-02 
3.116154e-01 4.694231e-02 7.273846e-01 1.505128e-09 8.880769e-01 -1.039679e+00 -6.089744e-02 2.076923e-02 3.240897e+00 4.730769e-02 
3.859231e-01 5.032692e-02 6.342564e-01 1.694872e-09 9.457692e-01 6.121795e-02 -1.972436e+00 5.884615e-01 3.883718e+00 1.551282e-02 
2.350000e-01 4.282692e-02 6.461538e-01 2.279487e-09 9.311538e-01 1.208333e-01 -7.698718e-01 4.330769e-01 3.005000e+00 4.294872e-02 
2.963846e-01 4.594231e-02 7.253333e-01 1.453846e-09 1.049615e+00 -1.242372e+00 -2.780128e+00 1.192308e-01 2.633462e+00 -1.500000e-02 
3.845385e-01 5.055769e-02 6.974359e-01 2.730769e-09 8.257692e-01 -7.733974e-01 -2.762821e-01 2.269231e-01 4.243462e+00 -2.730769e-02 
2.580769e-01 5.228846e-02 6.998974e-01 2.007692e-09 8.126923e-01 -9.164744e-01 -2.995513e+00 2.900000e-01 4.113718e+00 -1.448718e-02 
2.908462e-01 4.163462e-02 7.302564e-01 1.089744e-09 1.081923e+00 -3.958333e-01 -4.647436e-01 4.730769e-01 3.724487e+00 2.371795e-02 
3.688462e-01 4.563462e-02 6.014359e-01 2.689744e-09 9.542308e-01 -1.375000e-01 -7.070513e-01 1.823077e-01 2.427051e+00 -1.987179e-02 
2.419231e-01 4.063462e-02 6.572308e-01 1.787179e-09 1.014231e+00 -7.296795e-01 -2.125000e+00 4.084615e-01 4.184487e+00 -4.730769e-02 
3.291538e-01 4.971154e-02 7.417436e-01 1.094872e-09 8.926923e-01 -1.429487e-02 -1.281410e+00 1.623077e-01 3.529872e+00 4.576923e-02 
3.863846e-01 5.090385e-02 6.383590e-01 2.771795e-09 9.526923e-01 -1.027756e+00 1.006410e-01 3.853846e-01 2.568590e+00 -1.064103e-02 
2.663846e-01 4.636538e-02 6.088205e-01 1.869231e-09 9.242308e-01 -9.959615e-01 -1.506410e-01 2.038462e-01 2.739615e+00 -4.987179e-02 
2.890000e-01 5.251923e-02 7.261538e-01 2.669231e-09 8.434615e-01 -7.694231e-01 -2.322436e+00 5.100000e-01 3.411923e+00 3.346154e-02 
3.550000e-01 4.178846e-02 6.916923e-01 1.217949e-09 1.021154e+00 1.923718e-01 -1.828846e+00 1.700000e-01 4.013462e+00 1.448718e-02 
2.474615e-01 4.017308e-02 6.535385e-01 2.028205e-09 8.580769e-01 -7.137821e-01 -2.430128e+00 1.900000e-01 3.276282e+00 4.115385e-02 
3.240769e-01 4.732692e-02 6.518974e-01 1.551282e-09 1.071154e+00 1.605769e-01 -1.730128e+00 4.500000e-01 3.925000e+00 -4.858974e-02 
3.637692e-01 5.305769e-02 7.511795e-01 2.479487e-09 9.219231e-01 -7.853205e-01 1.185897e-01 2.300000e-01 2.598077e+00 7.820513e-03 
2.640769e-01 4.190385e-02 7.035897e-01 2.453846e-09 8.534615e-01 -5.707051e-01 -2.968590e+00 4.100000e-01 4.261154e+00 -1.628205e-02 
3.046923e-01 5.486538e-02 7.228718e-01 1.992308e-09 1.006538e+00 -2.209615e-01 -8.775641e-01 3.146154e-01 2.238333e+00 -3.628205e-02 
3.559231e-01 4.517308e-02 6.038974e-01 1.300000e-09 9.126923e-01 -8.171154e-01 -4.467949e-01 1.253846e-01 3.406026e+00 4.448718e-02 
2.414615e-01 4.625000e-02 6.756923e-01 2.874359e-09 9.596154e-01 -9.442949e-01 -1.344231e+00 5.730769e-01 2.745513e+00 3.525641e-02 
3.148462e-01 4.401923e-02 7.450256e-01 1.156410e-09 8.265385e-01 -2.408333e-01 -2.564744e+00 2.023077e-01 3.848333e+00 -1.320513e-02 
3.633077e-01 5.375000e-02 6.198974e-01 2.105128e-09 1.024231e+00 -5.826282e-01 5.576923e-02 1.223077e-01 3.730385e+00 -3.166667e-02 
2.797692e-01 4.578846e-02 6.851282e-01 2.361538e-09 8.142308e-01 -1.139038e+00 -1.227564e+00 1.853846e-01 2.279615e+00 4.602564e-02 
3.250000e-01 5.171154e-02 7.179487e-01 1.079487e-09 1.057308e+00 3.737179e-02 -2.546795e+00 4.223077e-01 3.176026e+00 -2.179487e-03 
3.628462e-01 4.328846e-02 6.162051e-01 2.233333e-09 9.326923e-01 -7.018590e-01 -1.596154e-01 2.730769e-01 4.455769e+00 -4.192308e-02 
2.705385e-01 5.498077e-02 6.904615e-01 2.500000e-09 8.165385e-01 -1.003910e+00 -3.839744e-01 2.792308e-01 4.231667e+00 1.012821e-02 
3.199231e-01 4.509615e-02 6.367179e-01 1.207692e-09 9.680769e-01 -7.773718e-01 -2.098077e+00 5.653846e-01 2.480128e+00 -3.730769e-02 
3.776154e-01 4.494231e-02 7.236923e-01 2.325641e-09 1.085769e+00 1.248077e-01 -7.608974e-01 6.846154e-02 3.417821e+00 2.833333e-02 
2.225385e-01 5.151923e-02 7.495385e-01 1.515385e-09 8.311538e-01 -7.058333e-01 -1.371154e+00 2.453846e-01 3.594744e+00 4.012821e-02 
3.356154e-01 4.928846e-02 6.067692e-01 2.397436e-09 9.265385e-01 -2.646795e-01 -2.492949e+00 9.615385e-02 3.966282e+00 -4.269231e-02 
3.499231e-01 4.101923e-02 6.966154e-01 1.684615e-09 1.065769e+00 -8.012179e-01 -2.044872e-01 5.715385e-01 2.710128e+00 -3.205128e-03 
2.377692e-01 5.390385e-02 6.531282e-01 1.397436e-09 9.203846e-01 -3.719872e-01 -2.241667e+00 7.307692e-02 3.016795e+00 -3.269231e-02 
3.088462e-01 4.998077e-02 7.257436e-01 2.828205e-09 1.055000e+00 -1.067500e+00 -1.092949e+00 5.084615e-01 4.125513e+00 1.243590e-02 
3.956154e-01 4.051923e-02 6.551795e-01 1.884615e-09 8.426923e-01 -2.527564e-01 -4.198718e-01 2.592308e-01 2.792692e+00 2.064103e-02 
2.313077e-01 4.848077e-02 6.941538e-01 1.130769e-09 9.926923e-01 2.201923e-01 -1.164744e+00 7.615385e-02 3.812949e+00 9.871795e-03 
3.083846e-01 4.213462e-02 6.129231e-01 2.110256e-09 8.111538e-01 -1.214551e+00 -5.544872e-01 4.115385e-01 3.170128e+00 1.961538e-02 
3.965385e-01 5.301923e-02 7.364103e-01 2.571795e-09 1.068077e+00 -7.455769e-01 -1.855769e+00 3.746154e-01 2.922436e+00 -2.269231e-02 
2.760769e-01 4.909615e-02 7.023590e-01 2.546154e-09 1.019615e+00 -1.210577e+00 -2.654487e+00 4.161538e-01 3.500385e+00 -4.653846e-02 
2.802308e-01 5.178846e-02 6.006154e-01 1.930769e-09 8.457692e-01 2.480128e-01 -9.852564e-01 1.576923e-01 2.851667e+00 -1.038462e-02 
3.762308e-01 4.167308e-02 7.245128e-01 1.500000e-09 9.419231e-01 -5.866026e-01 -5.192308e-02 3.592308e-01 3.736282e+00 4.705128e-02 
2.650000e-01 4.882692e-02 6.400000e-01 2.166667e-09 1.091923e+00 -9.800641e-01 4.147436e-01 4.653846e-01 3.069872e+00 -2.653846e-02 
3.305385e-01 5.059615e-02 7.466667e-01 1.346154e-09 9.580769e-01 -1.494231e-01 -2.475000e+00 3.307692e-02 2.645256e+00 -9.871795e-03 
3.517692e-01 4.144231e-02 6.900513e-01 2.679487e-09 8.080769e-01 -6.740385e-01 -1.245513e+00 3.961538e-01 4.119615e+00 3.679487e-02 
2.506923e-01 5.436538e-02 6.539487e-01 1.966667e-09 8.234615e-01 -8.687821e-01 -1.523718e+00 5.607692e-01 3.364744e+00 -2.525641e-02 
2.959231e-01 4.067308e-02 7.458462e-01 1.658974e-09 9.865385e-01 -6.819872e-01 2.532051e-01 1.869231e-01 2.432949e+00 1.730769e-02 
3.803846e-01 4.548077e-02 6.428718e-01 2.464103e-09 1.056538e+00 -1.096795e-01 -2.636538e+00 2.192308e-01 4.331923e+00 9.102564e-03 
2.770000e-01 4.336538e-02 6.564103e-01 2.833333e-09 8.057692e-01 -1.079423e+00 -8.955128e-01 3.884615e-01 3.400128e+00 -3.807692e-02 
2.913077e-01 4.867308e-02 7.306667e-01 2.033333e-09 1.096538e+00 -1.255769e-01 -2.627564e+00 5.461538e-02 3.954487e+00 -1.371795e-02 
3.591538e-01 5.236538e-02 6.477949e-01 1.279487e-09 9.757692e-01 -5.468590e-01 -5.814103e-01 5.238462e-01 2.686538e+00 4.628205e-02 
2.520769e-01 5.401923e-02 6.633846e-01 1.479487e-09 9.703846e-01 -3.839103e-01 1.365385e-01 5.992308e-01 3.323462e+00 1.089744e-02 
3.106923e-01 4.686538e-02 7.573333e-01 2.469231e-09 1.027308e+00 -8.210897e-01 -1.209615e+00 2.846154e-02 2.828077e+00 -3.679487e-02 
3.619231e-01 4.182692e-02 6.375385e-01 1.735897e-09 8.350000e-01 -2.130128e-01 -2.466026e+00 2.623077e-01 4.107821e+00 2.192308e-02 
2.386923e-01 5.163462e-02 6.346667e-01 2.238462e-09 8.357692e-01 -2.371795e-03 -2.825000e+00 2.715385e-01 3.753974e+00 7.307692e-03 
3.236154e-01 4.294231e-02 7.163077e-01 1.330769e-09 9.226923e-01 -1.190705e+00 -9.314103e-01 6.923077e-03 3.689103e+00 -2.628205e-02 
3.702308e-01 4.863462e-02 7.056410e-01 2.628205e-09 1.048846e+00 -4.792949e-01 -2.403846e-01 5.346154e-01 2.716026e+00 3.397436e-02 
2.322308e-01 4.117308e-02 6.289231e-01 2.700000e-09 1.018077e+00 -6.263462e-01 1.455128e-01 1.546154e-01 3.229103e+00 -1.089744e-02 
2.996154e-01 5.405769e-02 6.781538e-01 1.489744e-09 9.450000e-01 -7.972436e-01 -1.891667e+00 4.192308e-01 4.302436e+00 4.858974e-02 
3.670000e-01 4.586538e-02 7.561026e-01 1.828205e-09 8.511538e-01 -2.289103e-01 -1.792949e+00 3.376923e-01 2.320897e+00 -3.910256e-02 
2.497692e-01 4.344231e-02 7.380513e-01 1.920513e-09 1.080385e+00 -1.032051e-02 -1.425000e+00 1.946154e-01 2.898846e+00 2.858974e-02 
3.328462e-01 4.955769e-02 6.194872e-01 2.617949e-09 9.373077e-01 -6.462179e-01 -2.833974e+00 5.361538e-01 4.443974e+00 1.192308e-02 
3.910000e-01 5.009615e-02 6.810256e-01 1.607692e-09 8.703846e-01 -1.011859e+00 -9.679487e-02 2.115385e-01 2.981410e+00 -4.782051e-02 
2.248462e-01 4.567308e-02 6.945641e-01 1.274359e-09 9.142308e-01 -1.162885e+00 -1.066026e+00 4.130769e-01 2.385769e+00 -1.910256e-02 
3.393077e-01 4.128846e-02 6.371282e-01 2.294872e-09 1.083462e+00 -6.700641e-01 -2.224359e-01 1.315385e-01 4.078333e+00 2.884615e-02 
3.448462e-01 5.205769e-02 7.314872e-01 2.376923e-09 8.665385e-01 2.042949e-01 -2.914744e+00 3.392308e-01 3.618333e+00 -8.333333e-03 
2.793077e-01 5.144231e-02 7.187692e-01 1.720513e-09 8.034615e-01 -1.136538e-01 -2.134615e-01 4.946154e-01 3.146538e+00 4.192308e-02 
2.843846e-01 4.690385e-02 6.404103e-01 1.028205e-09 1.058077e+00 -4.912179e-01 -2.385256e+00 1.115385e-01 4.131410e+00 -1.602564e-02 
3.693077e-01 4.317308e-02 6.744615e-01 2.935897e-09 9.019231e-01 -8.886538e-01 -1.631410e+00 3.192308e-01 2.368077e+00 -3.833333e-02 
2.280769e-01 4.675000e-02 6.830769e-01 2.505128e-09 9.342308e-01 -5.801282e-02 -1.218590e+00 4.238462e-01 4.414487e+00 -4.935897e-02 
2.806923e-01 5.013462e-02 6.387692e-01 1.776923e-09 8.857692e-01 -1.146987e+00 -2.591667e+00 3.946154e-01 2.202949e+00 2.576923e-02 
3.771538e-01 4.440385e-02 7.372308e-01 1.141026e-09 1.051923e+00 -5.985256e-01 -3.750000e-01 4.846154e-02 3.435513e+00 8.846154e-03 
2.442308e-01 4.113462e-02 7.064615e-01 1.402564e-09 9.211538e-01 3.339744e-02 -2.169872e+00 3.115385e-01 2.987308e+00 -3.782051e-02 
3.120769e-01 5.332692e-02 6.260513e-01 2.797436e-09 8.450000e-01 -7.257051e-01 -1.110897e+00 5.269231e-01 2.438846e+00 2.320513e-02 
3.453077e-01 4.763462e-02 7.323077e-01 2.100000e-09 1.044231e+00 -1.206603e+00 -2.493590e-01 1.238462e-01 4.326026e+00 1.474359e-02 
2.645385e-01 4.355769e-02 6.092308e-01 1.443590e-09 9.511538e-01 -3.560897e-01 -1.909615e+00 1.923077e-02 2.615769e+00 2.692308e-03 
2.991538e-01 5.167308e-02 7.167179e-01 2.458974e-09 1.088077e+00 8.903846e-02 -9.044872e-01 3.607692e-01 4.426282e+00 -1.961538e-02 
3.480769e-01 4.898077e-02 7.048205e-01 2.038462e-09 8.473077e-01 -1.262244e+00 -4.019231e-01 5.407692e-01 3.028590e+00 3.628205e-02 
2.423846e-01 4.390385e-02 6.338462e-01 1.817949e-09 9.673077e-01 -1.186731e+00 -5.096154e-01 3.846154e-03 3.211410e+00 2.397436e-02 
2.825385e-01 4.671154e-02 7.015385e-01 2.520513e-09 8.096154e-01 -3.401923e-01 -2.331410e+00 5.207692e-01 2.609872e+00 -3.320513e-02 
3.896154e-01 5.075000e-02 7.241026e-01 1.494872e-09 1.041923e+00 -1.017308e-01 -1.119872e+00 3.161538e-01 4.449872e+00 1.653846e-02 
2.626923e-01 4.925000e-02 6.994872e-01 1.038462e-09 8.803846e-01 -1.891667e-01 -8.506410e-01 5.130769e-01 3.187821e+00 -4.576923e-02 
3.028462e-01 4.005769e-02 7.117949e-01 2.243590e-09 1.052692e+00 -8.966026e-01 -2.367308e+00 2.384615e-02 3.901410e+00 1.153846e-03 
3.831538e-01 5.294231e-02 6.145641e-01 2.566667e-09 9.411538e-01 -2.845513e-01 -5.724359e-01 2.823077e-01 2.951923e+00 4.679487e-02 
2.539231e-01 5.201923e-02 6.469744e-01 2.658974e-09 1.098846e+00 -3.759615e-01 -2.196795e+00 4.776923e-01 3.677308e+00 -3.461538e-03 
3.337692e-01 4.151923e-02 6.814359e-01 1.351282e-09 9.150000e-01 -2.448077e-01 -1.685897e-01 3.423077e-01 2.220641e+00 -3.705128e-02 
3.586923e-01 4.748077e-02 7.376410e-01 2.207692e-09 8.303846e-01 -9.244231e-01 -1.433974e+00 8.538462e-02 4.349615e+00 2.935897e-02 
2.230000e-01 5.290385e-02 6.211282e-01 1.756410e-09 1.016538e+00 -5.627564e-01 4.679487e-02 2.315385e-01 2.857564e+00 2.756410e-02 
3.074615e-01 4.290385e-02 7.392821e-01 1.423077e-09 9.465385e-01 -1.178782e+00 -1.819872e+00 4.284615e-01 3.264487e+00 -4.807692e-02 
3.503846e-01 4.801923e-02 6.695385e-01 2.976923e-09 8.403846e-01 1.750000e-02 -2.089103e+00 1.992308e-01 4.284744e+00 1.397436e-02 
2.303846e-01 5.321154e-02 6.527179e-01 2.274359e-09 8.719231e-01 1.049359e-01 -1.101923e+00 4.961538e-01 2.539103e+00 5.000000e-03 
3.360769e-01 4.621154e-02 6.785641e-01 1.464103e-09 1.093462e+00 -1.234423e+00 -4.826923e-01 3.530769e-01 3.358846e+00 4.833333e-02 
3.457692e-01 4.455769e-02 7.200000e-01 2.412821e-09 9.111538e-01 -2.925000e-01 -2.582692e+00 3.923077e-02 4.355513e+00 -2.987179e-02 
2.774615e-01 4.921154e-02 7.483077e-01 1.664103e-09 9.711538e-01 -3.044231e-01 -6.987179e-02 5.023077e-01 4.402692e+00 3.217949e-02 
2.820769e-01 4.001923e-02 6.153846e-01 2.335897e-09 8.634615e-01 -9.378205e-02 -1.936538e+00 2.515385e-01 3.600641e+00 -4.038462e-02 
3.730000e-01 5.478846e-02 6.748718e-01 1.900000e-09 1.031154e+00 -8.807051e-01 -1.685256e+00 1.000000e-02 2.775000e+00 -6.794872e-03 
2.211538e-01 4.982692e-02 6.301538e-01 2.474359e-09 8.626923e-01 -5.031410e-01 -1.955128e-01 6.230769e-02 3.630128e+00 -1.346154e-02 
3.263846e-01 4.375000e-02 7.421538e-01 1.484615e-09 9.011538e-01 -1.071474e+00 -2.708333e+00 3.130769e-01 3.748077e+00 4.269231e-02 
3.651538e-01 5.105769e-02 6.670769e-01 1.853846e-09 1.085000e+00 -2.621795e-02 -9.673077e-01 5.869231e-01 2.680641e+00 -1.935897e-02 
2.479231e-01 4.701923e-02 6.925128e-01 2.366667e-09 8.419231e-01 1.168590e-01 -1.757051e+00 8.846154e-02 2.946026e+00 -4.346154e-02 
3.342308e-01 4.209615e-02 6.034872e-01 1.187179e-09 1.025769e+00 -5.150641e-01 -6.173077e-01 4.900000e-01 3.919103e+00 -7.051282e-03 
3.434615e-01 5.263462e-02 7.454359e-01 2.058974e-09 9.957692e-01 -1.107244e+00 -1.882692e+00 2.100000e-01 3.288077e+00 4.987179e-02 
2.391538e-01 5.117308e-02 7.097436e-01 1.125641e-09 1.073462e+00 -5.309615e-01 -1.640385e+00 2.284615e-01 2.356282e+00 -4.487179e-03 
2.968462e-01 4.713462e-02 6.441026e-01 2.638462e-09 9.103846e-01 -1.111218e+00 -1.865385e-01 1.669231e-01 4.249359e+00 4.961538e-02 
3.891538e-01 4.428846e-02 6.629744e-01 2.228205e-09 8.650000e-01 -3.416667e-02 -2.259615e+00 4.546154e-01 3.624231e+00 -4.320513e-02 
2.516154e-01 4.948077e-02 7.478974e-01 1.997436e-09 8.219231e-01 -5.071154e-01 -2.852564e-01 2.469231e-01 2.397564e+00 -3.371795e-02 
2.853077e-01 4.255769e-02 6.227692e-01 2.341026e-09 9.734615e-01 1.883974e-01 -1.191667e+00 5.769231e-02 4.096026e+00 2.782051e-02 
3.799231e-01 5.017308e-02 6.912821e-01 1.648718e-09 1.061154e+00 -1.143013e+00 -2.690385e+00 5.007692e-01 3.235000e+00 1.346154e-02 
2.710000e-01 5.198077e-02 6.793846e-01 1.176923e-09 9.380769e-01 -7.654487e-01 -2.277564e+00 4.230769e-02 2.969615e+00 4.243590e-02 
3.314615e-01 4.132692e-02 6.182564e-01 2.930769e-09 1.050385e+00 -9.323718e-01 -5.993590e-01 3.823077e-01 2.904744e+00 -9.102564e-03 
3.406923e-01 4.913462e-02 7.388718e-01 1.802564e-09 8.565385e-01 8.108974e-02 -1.057051e+00 5.161538e-01 4.267051e+00 -3.935897e-02 
2.530000e-01 4.448077e-02 6.699487e-01 2.705128e-09 1.097308e+00 -8.568590e-01 -2.268590e+00 2.423077e-01 3.058077e+00 3.935897e-02 
3.259231e-01 5.340385e-02 6.240000e-01 1.833333e-09 9.080769e-01 -1.732692e-01 -1.137821e+00 4.300000e-01 4.479359e+00 -3.653846e-02 
3.610000e-01 4.571154e-02 7.368205e-01 1.305128e-09 8.342308e-01 -7.495513e-01 -5.006410e-01 6.076923e-02 2.332692e+00 -8.589744e-03 
2.451538e-01 5.001923e-02 6.711795e-01 1.761538e-09 8.119231e-01 -3.878846e-01 -4.294872e-02 4.930769e-01 4.491154e+00 -1.705128e-02 
2.830000e-01 4.425000e-02 7.277949e-01 2.448718e-09 1.062692e+00 -1.282115e+00 -8.416667e-01 3.469231e-01 2.338590e+00 -1.153846e-03 
3.951538e-01 4.755769e-02 6.026667e-01 1.576923e-09 9.473077e-01 -2.224359e-02 -2.340385e+00 1.515385e-01 3.052179e+00 1.884615e-02 
2.493077e-01 5.459615e-02 7.105641e-01 2.069231e-09 8.765385e-01 -1.226474e+00 -1.721154e+00 1.715385e-01 2.704231e+00 -3.974359e-03 
3.019231e-01 4.148077e-02 6.358974e-01 2.869231e-09 1.015000e+00 -3.163462e-01 -2.035256e+00 4.315385e-01 3.942692e+00 4.397436e-02 
3.905385e-01 4.551923e-02 6.990769e-01 1.084615e-09 9.857692e-01 -1.826923e-02 -4.557692e-01 2.407692e-01 3.582949e+00 -4.397436e-02 
2.465385e-01 5.398077e-02 7.310769e-01 1.935897e-09 8.950000e-01 2.440385e-01 -1.048077e+00 3.407692e-01 3.836538e+00 -4.230769e-03 
3.125385e-01 4.055769e-02 6.305641e-01 1.310256e-09 9.480769e-01 -7.416026e-01 -5.634615e-01 4.792308e-01 2.662949e+00 4.166667e-02 
3.817692e-01 4.605769e-02 6.834872e-01 2.664103e-09 1.020385e+00 -9.085256e-01 -2.771154e+00 3.615385e-02 3.181923e+00 -3.243590e-02 
2.756154e-01 5.455769e-02 7.076923e-01 2.823077e-09 9.642308e-01 -3.441667e-01 -1.712179e+00 1.207692e-01 3.641923e+00 -4.423077e-02 
3.180769e-01 4.359615e-02 6.728205e-01 1.700000e-09 8.573077e-01 1.128846e-01 -3.660256e-01 5.038462e-01 4.272949e+00 3.602564e-02 
3.526923e-01 4.505769e-02 6.121026e-01 1.428205e-09 1.026538e+00 -1.270192e+00 -2.232692e+00 2.438462e-01 2.503718e+00 6.538462e-03 
2.294615e-01 4.825000e-02 6.555897e-01 1.320513e-09 9.396154e-01 1.804487e-01 -2.448077e+00 2.869231e-01 2.545000e+00 3.551282e-02 
3.185385e-01 4.486538e-02 6.473846e-01 1.725641e-09 8.873077e-01 -1.051603e+00 -1.326923e-01 5.823077e-01 3.494487e+00 -4.628205e-02 
3.577692e-01 5.128846e-02 7.569231e-01 2.848718e-09 1.001154e+00 -4.713462e-01 -1.317308e+00 5.615385e-02 3.907308e+00 8.589744e-03 
2.470000e-01 4.771154e-02 6.818462e-01 2.633333e-09 9.665385e-01 -1.059551e+00 2.083333e-01 4.176923e-01 4.237564e+00 -3.884615e-02 
2.954615e-01 5.078846e-02 6.133333e-01 1.289744e-09 1.048077e+00 -4.435256e-01 -2.744231e+00 3.715385e-01 2.839872e+00 3.038462e-02 
3.914615e-01 4.475000e-02 7.581538e-01 1.946154e-09 8.150000e-01 2.147436e-02 -7.967949e-01 1.453846e-01 3.341154e+00 8.333333e-03 
2.239231e-01 5.136538e-02 7.405128e-01 2.043590e-09 9.088462e-01 -1.533974e-01 -2.187821e+00 1.484615e-01 2.409359e+00 1.679487e-02 
3.226923e-01 4.398077e-02 6.687179e-01 1.048718e-09 8.296154e-01 -9.681410e-01 -6.083333e-01 4.884615e-01 4.172692e+00 1.500000e-02 
3.748462e-01 4.840385e-02 6.354872e-01 2.971795e-09 1.055769e+00 -3.242949e-01 -1.514744e+00 3.915385e-01 3.547564e+00 -4.166667e-02 
2.368462e-01 5.494231e-02 7.134359e-01 1.792308e-09 1.071923e+00 -3.680128e-01 -1.739103e+00 1.930769e-01 3.665513e+00 3.064103e-02 
3.370000e-01 4.501923e-02 6.506667e-01 1.233333e-09 8.003846e-01 -1.692949e-01 -2.017308e+00 2.007692e-01 2.816282e+00 -3.551282e-02 
3.683846e-01 4.263462e-02 6.740513e-01 2.587179e-09 9.634615e-01 -1.286090e+00 6.474359e-02 4.453846e-01 3.972179e+00 1.115385e-02 
2.446923e-01 5.125000e-02 6.235897e-01 1.976923e-09 8.065385e-01 -8.767308e-01 -1.496795e+00 3.484615e-01 3.423718e+00 4.756410e-02 
3.153077e-01 4.044231e-02 7.290256e-01 1.253846e-09 9.280769e-01 -4.157051e-01 -3.929487e-01 4.607692e-01 4.213974e+00 -3.525641e-02 
3.960769e-01 4.859615e-02 6.637949e-01 2.356410e-09 1.091154e+00 -1.216026e-01 -2.349359e+00 1.792308e-01 2.450641e+00 1.923077e-03 
2.788462e-01 4.409615e-02 7.556923e-01 2.151282e-09 1.081154e+00 -6.859615e-01 -1.290385e+00 3.438462e-01 4.219872e+00 -4.551282e-02 
2.857692e-01 5.232692e-02 6.949744e-01 1.012821e-09 8.550000e-01 -3.814103e-02 -2.673077e-01 1.346154e-01 2.580385e+00 -1.923077e-03 
3.725385e-01 4.540385e-02 6.231795e-01 2.802564e-09 9.057692e-01 -9.721154e-01 -1.990385e+00 4.038462e-01 3.152436e+00 4.089744e-02 
2.290000e-01 4.744231e-02 6.486154e-01 2.494872e-09 9.773077e-01 -9.760897e-01 -2.681410e+00 5.153846e-02 3.093462e+00 -1.576923e-02 
3.346923e-01 4.378846e-02 6.822564e-01 1.100000e-09 8.180769e-01 -1.176282e-01 -1.604487e+00 4.976923e-01 2.456538e+00 2.551282e-02 
3.757692e-01 5.298077e-02 7.318974e-01 2.258974e-09 1.011923e+00 -6.660897e-01 2.262821e-01 3.992308e-01 4.060641e+00 -2.448718e-02 
2.553077e-01 4.059615e-02 6.666667e-01 2.530769e-09 9.573077e-01 2.122436e-01 -6.980769e-01 2.546154e-01 2.303205e+00 -1.884615e-02 
3.023846e-01 5.463462e-02 7.216410e-01 1.941026e-09 8.726923e-01 -3.322436e-01 -2.519872e+00 3.153846e-02 4.025256e+00 1.935897e-02 
3.720769e-01 4.967308e-02 6.326154e-01 1.617949e-09 1.030385e+00 -1.222500e+00 -3.301282e-01 5.853846e-01 3.523974e+00 -3.717949e-03 
2.636154e-01 4.048077e-02 6.674872e-01 1.905128e-09 9.965385e-01 -1.182756e+00 -1.335256e+00 2.915385e-01 4.337821e+00 3.705128e-02 
3.351538e-01 4.963462e-02 6.412308e-01 1.058974e-09 1.046538e+00 -8.185897e-02 -1.837821e+00 1.161538e-01 2.621667e+00 -3.217949e-02 
3.540769e-01 5.086538e-02 7.331282e-01 2.915385e-09 8.334615e-01 -2.964744e-01 -5.365385e-01 5.253846e-01 3.140641e+00 -1.243590e-02 
2.622308e-01 5.040385e-02 6.215385e-01 1.597436e-09 9.688462e-01 -6.303205e-01 -2.923718e+00 4.530769e-01 3.695000e+00 -4.961538e-02 
2.926923e-01 4.721154e-02 7.593846e-01 1.838462e-09 8.373077e-01 -8.528846e-01 4.596154e-01 2.176923e-01 4.137308e+00 3.846154e-04 
3.416154e-01 4.078846e-02 6.543590e-01 2.597436e-09 1.035000e+00 -1.971154e-01 -1.254487e+00 1.976923e-01 2.533205e+00 3.910256e-02 
2.234615e-01 4.648077e-02 6.957949e-01 2.433333e-09 8.688462e-01 -2.607051e-01 -1.622436e+00 5.453846e-01 4.296538e+00 3.730769e-02 
3.231538e-01 4.244231e-02 6.268718e-01 2.064103e-09 1.018846e+00 -4.276282e-01 -2.842949e+00 2.223077e-01 2.639359e+00 -4.141026e-02 
3.582308e-01 5.440385e-02 7.442051e-01 1.110256e-09 9.334615e-01 -8.131410e-01 -3.391026e-01 1.269231e-01 3.565256e+00 4.743590e-03 
2.437692e-01 5.209615e-02 6.703590e-01 1.212821e-09 9.565385e-01 -5.006410e-02 -2.250641e+00 5.546154e-01 4.101923e+00 7.051282e-03 
3.134615e-01 4.828846e-02 6.276923e-01 2.223077e-09 1.036538e+00 -1.099295e+00 -3.480769e-01 1.915385e-01 2.208846e+00 3.141026e-02 
3.402308e-01 4.251923e-02 7.429744e-01 2.417949e-09 8.157692e-01 -5.587821e-01 -9.403846e-01 2.161538e-01 3.559359e+00 -4.833333e-02 
2.608462e-01 4.944231e-02 6.806154e-01 1.223077e-09 1.064231e+00 -4.475000e-01 -3.397436e-02 4.346154e-01 4.343718e+00 -2.346154e-02 
3.268462e-01 5.394231e-02 7.093333e-01 2.746154e-09 8.996154e-01 -5.403846e-02 -2.133974e+00 3.838462e-01 2.226538e+00 1.858974e-02 
3.813077e-01 4.025000e-02 6.285128e-01 1.674359e-09 9.034615e-01 -8.648077e-01 -1.766026e+00 1.615385e-02 3.063974e+00 -1.269231e-02 
2.737692e-01 5.225000e-02 6.588718e-01 2.515385e-09 1.038077e+00 -5.945513e-01 -5.455128e-01 1.769231e-02 4.467564e+00 1.756410e-02 
2.940769e-01 4.740385e-02 7.532308e-01 1.474359e-09 9.442308e-01 2.400641e-01 -7.429487e-01 3.976923e-01 2.344487e+00 4.487179e-03 
3.882308e-01 4.271154e-02 6.104615e-01 1.982051e-09 8.903846e-01 -1.043654e+00 -2.151923e+00 4.915385e-01 3.512179e+00 -2.089744e-02 
2.202308e-01 5.309615e-02 7.298462e-01 1.535897e-09 9.357692e-01 -7.336538e-01 -7.051282e-03 4.076923e-02 3.541667e+00 -6.538462e-03 
3.383846e-01 4.436538e-02 6.141538e-01 1.987179e-09 1.087308e+00 -1.103269e+00 -2.510897e+00 3.315385e-01 3.948590e+00 -2.064103e-02 
3.494615e-01 4.532692e-02 6.929231e-01 2.653846e-09 8.734615e-01 2.360897e-01 -8.237179e-01 4.623077e-01 2.592179e+00 3.448718e-02 
2.686923e-01 4.236538e-02 7.232821e-01 1.361538e-09 8.557692e-01 -5.667308e-01 3.070513e-01 5.423077e-01 2.804487e+00 1.064103e-02 
3.139231e-01 4.940385e-02 6.843077e-01 1.889744e-09 1.028077e+00 1.566026e-01 -2.851923e+00 7.461538e-02 3.293974e+00 4.346154e-02 
3.508462e-01 5.109615e-02 6.256410e-01 2.812821e-09 9.611538e-01 -1.298013e+00 -1.200641e+00 3.653846e-01 4.054744e+00 -2.500000e-02 
2.566923e-01 4.471154e-02 7.282051e-01 2.197436e-09 8.588462e-01 8.506410e-02 -2.807051e+00 1.638462e-01 3.588846e+00 3.833333e-02 
3.060769e-01 4.513462e-02 6.761026e-01 2.582051e-09 9.234615e-01 -6.064744e-01 3.250000e-01 5.623077e-01 2.232436e+00 -2.012821e-02 
3.485385e-01 5.367308e-02 6.330256e-01 1.571795e-09 1.063462e+00 -1.119167e+00 -1.451923e+00 2.207692e-01 4.290641e+00 6.282051e-03 
2.617692e-01 5.051923e-02 6.174359e-01 2.428205e-09 1.090385e+00 -4.991667e-01 -6.621795e-01 5.384615e-03 2.916538e+00 -1.474359e-02 
3.300769e-01 4.832692e-02 6.736410e-01 1.264103e-09 8.026923e-01 -1.290064e+00 -2.142949e+00 4.469231e-01 3.046282e+00 -2.243590e-02 
3.466923e-01 4.405769e-02 7.507692e-01 2.182051e-09 9.350000e-01 1.725000e-01 -1.586538e+00 2.700000e-01 4.373205e+00 3.961538e-02 
2.396154e-01 4.313462e-02 7.327179e-01 1.633333e-09 9.850000e-01 2.544872e-02 -2.026282e+00 3.561538e-01 4.497051e+00 -3.846154e-04 
3.033077e-01 5.113462e-02 6.391795e-01 1.679487e-09 8.250000e-01 -5.428846e-01 -1.057692e-01 4.438462e-01 2.267821e+00 -3.038462e-02 
3.850000e-01 4.786538e-02 6.678974e-01 2.900000e-09 1.068846e+00 -9.840385e-01 -1.362179e+00 1.007692e-01 3.223205e+00 3.089744e-02 
2.571538e-01 4.121154e-02 6.875897e-01 2.561538e-09 8.388462e-01 -4.316026e-01 -4.737179e-01 1.530769e-01 4.379103e+00 -1.282051e-04 
3.102308e-01 5.490385e-02 6.170256e-01 2.264103e-09 1.034231e+00 1.089103e-01 -2.160897e+00 2.684615e-01 2.999103e+00 -2.782051e-02 
3.439231e-01 4.663462e-02 7.487179e-01 1.023077e-09 9.619231e-01 -9.999359e-01 -1.389103e+00 4.515385e-01 2.527308e+00 2.628205e-02 
2.700769e-01 5.101923e-02 6.908718e-01 2.864103e-09 9.765385e-01 -1.258269e+00 1.096154e-01 8.230769e-02 3.199615e+00 1.282051e-04 
3.208462e-01 4.340385e-02 6.309744e-01 2.289744e-09 8.519231e-01 1.602564e-03 -2.762179e+00 2.807692e-01 2.444744e+00 2.115385e-02 
3.536154e-01 4.917308e-02 7.126154e-01 1.033333e-09 1.003462e+00 -6.621154e-01 -1.478846e+00 5.930769e-01 4.155000e+00 -2.371795e-02 
2.276154e-01 4.305769e-02 6.252308e-01 2.079487e-09 1.010385e+00 -6.346154e-03 -2.932692e+00 2.653846e-01 3.683205e+00 1.410256e-03 
2.885385e-01 4.951923e-02 7.183590e-01 1.171795e-09 9.788462e-01 -9.522436e-01 9.166667e-02 1.176923e-01 2.550897e+00 -4.089744e-02 
3.900769e-01 5.313462e-02 6.962051e-01 2.484615e-09 8.850000e-01 -6.899359e-01 -9.493590e-01 4.869231e-01 4.190385e+00 3.576923e-02 
2.691538e-01 5.159615e-02 7.524103e-01 2.756410e-09 1.079615e+00 -5.230128e-01 -8.057692e-01 2.930769e-01 2.881154e+00 3.269231e-02 
3.097692e-01 4.221154e-02 6.580513e-01 1.146154e-09 9.196154e-01 -1.335256e-01 -2.735256e+00 5.146154e-01 4.031154e+00 -2.141026e-02 
3.420769e-01 4.851923e-02 6.108718e-01 2.217949e-09 8.226923e-01 -1.055577e+00 2.711538e-01 6.692308e-02 3.394231e+00 -9.358974e-03 
2.742308e-01 5.021154e-02 6.596923e-01 1.007692e-09 8.442308e-01 -9.125000e-01 2.621795e-01 3.284615e-01 3.075769e+00 3.371795e-02 
3.213077e-01 4.794231e-02 7.462564e-01 2.997436e-09 9.719231e-01 -7.614744e-01 -2.286538e+00 5.484615e-01 2.586282e+00 -8.846154e-03 
3.462308e-01 4.363462e-02 6.018462e-01 1.951282e-09 1.084231e+00 -1.931410e-01 -1.236538e+00 7.769231e-02 3.789359e+00 -3.294872e-02 
2.594615e-01 4.201923e-02 6.650256e-01 1.371795e-09 1.086538e+00 -9.482692e-01 -1.030128e+00 2.069231e-01 2.963718e+00 -3.756410e-02 
3.079231e-01 5.432692e-02 6.465641e-01 2.817949e-09 9.557692e-01 -4.196795e-01 -1.416667e-01 5.915385e-01 3.783462e+00 -1.012821e-02 
3.946923e-01 4.598077e-02 7.212308e-01 1.858974e-09 8.750000e-01 -2.567308e-01 -2.977564e+00 1.807692e-01 3.040385e+00 3.166667e-02 
2.317692e-01 5.044231e-02 6.642051e-01 2.310256e-09 8.619231e-01 -1.202628e+00 3.519231e-01 4.253846e-01 2.810385e+00 3.717949e-03 
3.190000e-01 4.228846e-02 6.112821e-01 1.448718e-09 1.043462e+00 -5.389103e-01 -2.501923e+00 1.838462e-01 3.877821e+00 4.474359e-02 
3.716154e-01 4.767308e-02 7.577436e-01 2.423077e-09 9.980769e-01 1.486538e-01 -1.442949e+00 2.746154e-01 3.317564e+00 -4.474359e-02 
2.253077e-01 4.632692e-02 7.072821e-01 1.135897e-09 9.842308e-01 -3.918590e-01 -1.272436e+00 5.500000e-01 2.751410e+00 3.987179e-02 
2.977692e-01 4.309615e-02 6.297436e-01 2.023077e-09 8.696154e-01 -1.254295e+00 -2.421154e+00 1.684615e-01 3.995769e+00 -3.474359e-02 
3.734615e-01 5.467308e-02 6.855385e-01 2.889744e-09 1.035769e+00 4.532051e-02 -4.288462e-01 2.946154e-01 3.105256e+00 -5.769231e-03 
2.266923e-01 5.244231e-02 6.219487e-01 2.838462e-09 9.488462e-01 -9.363462e-01 -1.676282e+00 3.269231e-01 4.037051e+00 1.987179e-02 
3.397692e-01 4.451923e-02 7.528205e-01 1.341026e-09 8.957692e-01 -4.608974e-02 -2.053205e+00 5.900000e-01 3.671410e+00 1.628205e-02 
3.836154e-01 4.790385e-02 6.884103e-01 2.156410e-09 1.069615e+00 -6.183974e-01 1.993590e-01 1.023077e-01 2.379872e+00 -2.320513e-02 
2.382308e-01 4.217308e-02 6.084103e-01 1.848718e-09 1.076538e+00 -8.290385e-01 -1.398077e+00 4.638462e-01 3.164231e+00 1.269231e-02 
3.277692e-01 5.213462e-02 7.446154e-01 1.628205e-09 8.050000e-01 -6.780128e-01 -2.008333e+00 2.992308e-01 2.403462e+00 2.910256e-02 
3.928462e-01 4.736538e-02 6.765128e-01 2.612821e-09 9.873077e-01 9.551282e-03 -5.275641e-01 5.923077e-02 4.202179e+00 -3.448718e-02 
2.728462e-01 4.528846e-02 7.536410e-01 2.715385e-09 8.542308e-01 -5.269872e-01 -1.237179e-01 3.100000e-01 3.122949e+00 4.064103e-02 
2.871538e-01 5.409615e-02 6.149744e-01 1.541026e-09 9.919231e-01 2.942308e-02 -1.927564e+00 1.730769e-01 4.208077e+00 1.320513e-02 
3.983846e-01 4.444231e-02 6.769231e-01 1.971795e-09 1.061923e+00 -9.919872e-01 -1.568590e+00 4.407692e-01 2.822179e+00 -4.910256e-02 
2.746923e-01 4.194231e-02 7.520000e-01 2.551282e-09 9.188462e-01 9.301282e-02 -7.339744e-01 2.538462e-02 3.246795e+00 2.435897e-03 
2.950000e-01 5.475000e-02 6.646154e-01 1.248718e-09 8.911538e-01 -1.031731e+00 3.160256e-01 3.053846e-01 3.842436e+00 -2.807692e-02 
3.568462e-01 4.678846e-02 6.100513e-01 2.320513e-09 1.075769e+00 -4.951923e-01 -2.205769e+00 5.792308e-01 2.928333e+00 2.217949e-02 
2.220769e-01 4.351923e-02 6.317949e-01 2.387179e-09 8.526923e-01 -6.541667e-01 -1.505769e+00 3.361538e-01 2.315000e+00 -5.000000e-03 
3.254615e-01 5.317308e-02 7.265641e-01 1.705128e-09 1.029615e+00 5.326923e-02 -2.942308e-01 3.461538e-02 3.553462e+00 -2.705128e-02 
3.822308e-01 4.525000e-02 6.617436e-01 1.623077e-09 9.834615e-01 -9.601923e-01 -1.900641e+00 5.223077e-01 4.432179e+00 3.756410e-02 
2.719231e-01 5.240385e-02 6.707692e-01 1.638462e-09 9.319231e-01 -1.230449e+00 -1.703205e+00 9.307692e-02 4.048846e+00 -4.500000e-02 
2.986923e-01 4.798077e-02 6.096410e-01 1.894872e-09 8.380769e-01 -2.805769e-01 7.371795e-02 4.069231e-01 2.350385e+00 4.038462e-02 
3.600769e-01 4.013462e-02 7.351795e-01 2.351282e-09 1.095000e+00 -1.772436e-01 -1.954487e+00 3.807692e-01 3.453205e+00 6.794872e-03 
2.308462e-01 4.813462e-02 7.142564e-01 2.525641e-09 1.040385e+00 -6.198718e-02 -9.583333e-01 5.746154e-01 2.562692e+00 6.410256e-04 
3.171538e-01 5.386538e-02 6.363077e-01 1.653846e-09 8.188462e-01 -5.110897e-01 -6.262821e-01 2.230769e-02 3.034487e+00 3.884615e-02 
3.979231e-01 4.040385e-02 6.953846e-01 1.751282e-09 9.880769e-01 -7.892949e-01 -1.981410e+00 2.576923e-01 4.196282e+00 -2.858974e-02 
2.456154e-01 4.467308e-02 6.986667e-01 1.766667e-09 1.077308e+00 -4.753205e-01 -2.878846e+00 4.823077e-01 2.733718e+00 -2.115385e-02 
2.862308e-01 5.348077e-02 7.130256e-01 2.894872e-09 8.019231e-01 -7.788462e-02 -7.788462e-01 1.300000e-01 3.134744e+00 5.769231e-03 
3.873077e-01 4.821154e-02 6.490256e-01 1.269231e-09 9.934615e-01 -7.932692e-01 3.608974e-01 3.084615e-01 4.408590e+00 1.910256e-02 
2.428462e-01 4.651923e-02 6.223590e-01 1.192308e-09 9.819231e-01 -2.885256e-01 -8.596154e-01 3.346154e-01 4.072436e+00 4.935897e-02 
2.903846e-01 5.325000e-02 7.437949e-01 2.305128e-09 1.008077e+00 -2.328846e-01 -2.116026e+00 5.807692e-01 3.335256e+00 -4.294872e-02 
3.877692e-01 4.348077e-02 7.003077e-01 2.607692e-09 8.834615e-01 -1.091346e+00 -3.211538e-01 8.076923e-02 2.887051e+00 7.564103e-03 
2.631538e-01 4.609615e-02 6.010256e-01 1.797436e-09 8.788462e-01 -6.104487e-01 -2.062179e+00 8.692308e-02 4.473462e+00 1.807692e-02 
2.866923e-01 4.394231e-02 7.589744e-01 2.879487e-09 9.657692e-01 6.519231e-02 -6.352564e-01 5.192308e-01 3.606538e+00 -1.679487e-02 
3.563846e-01 5.248077e-02 6.777436e-01 1.294872e-09 1.041154e+00 -1.083397e+00 -8.147436e-01 3.730769e-01 2.214744e+00 -9.615385e-03 
2.765385e-01 5.036538e-02 6.576410e-01 2.674359e-09 9.288462e-01 1.327564e-01 -2.905769e+00 5.776923e-01 3.824744e+00 -2.935897e-02 
3.065385e-01 4.275000e-02 7.474872e-01 2.253846e-09 8.211538e-01 -1.218526e+00 -4.108974e-01 3.453846e-01 2.497821e+00 -7.307692e-03 
3.471538e-01 4.986538e-02 6.416410e-01 1.433333e-09 1.089615e+00 -4.236538e-01 -8.685897e-01 2.692308e-02 3.506282e+00 3.500000e-02 
2.733077e-01 4.490385e-02 6.720000e-01 1.864103e-09 1.078077e+00 1.844231e-01 -2.080128e+00 5.669231e-01 3.636026e+00 2.987179e-02 
2.848462e-01 5.098077e-02 6.498462e-01 2.807692e-09 8.811538e-01 -6.501923e-01 -1.128846e+00 5.307692e-02 2.273718e+00 -2.602564e-02 
3.942308e-01 4.640385e-02 7.409231e-01 1.376923e-09 9.026923e-01 -1.250321e+00 -4.378205e-01 3.669231e-01 3.989872e+00 -8.076923e-03 
2.576154e-01 4.617308e-02 6.395897e-01 1.002564e-09 1.028846e+00 -4.633974e-01 -1.602564e-02 4.807692e-01 2.474231e+00 -1.858974e-02 
2.922308e-01 4.232692e-02 7.113846e-01 2.966667e-09 9.250000e-01 -1.294038e+00 -2.537821e+00 3.223077e-01 3.429615e+00 2.012821e-02 
3.919231e-01 5.471154e-02 7.027692e-01 2.202564e-09 8.757692e-01 1.764744e-01 -7.250000e-01 1.884615e-01 3.801154e+00 1.423077e-02 
2.599231e-01 5.351923e-02 7.515897e-01 1.771795e-09 9.042308e-01 -1.035705e+00 -3.032051e-01 5.438462e-01 3.854231e+00 -1.525641e-02 
3.176154e-01 4.155769e-02 6.322051e-01 2.987179e-09 8.965385e-01 -7.535256e-01 -1.083974e+00 2.307692e-03 3.382436e+00 -2.397436e-02 
3.642308e-01 4.778846e-02 6.826667e-01 1.556410e-09 1.031923e+00 2.281410e-01 -1.873718e+00 3.900000e-01 2.421154e+00 4.910256e-02 
2.262308e-01 4.655769e-02 7.175385e-01 2.146154e-09 9.303846e-01 -8.369872e-01 -2.107051e+00 5.000000e-02 4.396795e+00 2.294872e-02 
3.319231e-01 4.382692e-02 7.060513e-01 2.576923e-09 1.092692e+00 -1.454487e-01 -9.942308e-01 3.792308e-01 2.244231e+00 -3.346154e-02 
3.679231e-01 5.413462e-02 6.313846e-01 1.438462e-09 8.134615e-01 -7.376282e-01 -5.903846e-01 5.069231e-01 3.518077e+00 5.256410e-03 
2.400769e-01 5.425000e-02 7.089231e-01 2.089744e-09 1.088846e+00 -9.403205e-01 -9.224359e-01 2.607692e-01 3.807051e+00 -3.141026e-02 
2.982308e-01 4.321154e-02 6.293333e-01 2.761538e-09 8.196154e-01 -9.775641e-02 -1.999359e+00 5.638462e-01 3.612436e+00 8.076923e-03 
3.937692e-01 4.855769e-02 7.011282e-01 1.525641e-09 9.534615e-01 -3.083974e-01 -1.775641e-01 1.423077e-01 2.291410e+00 3.858974e-02 
2.216154e-01 5.048077e-02 6.621538e-01 2.766667e-09 8.973077e-01 -4.514744e-01 -1.003205e+00 1.361538e-01 2.757308e+00 4.423077e-02 
3.111538e-01 4.386538e-02 7.384615e-01 1.161538e-09 1.067308e+00 -9.204487e-01 -2.376282e+00 2.776923e-01 4.385000e+00 2.948718e-03 
3.974615e-01 4.775000e-02 6.051282e-01 1.710256e-09 9.180769e-01 -1.851923e-01 -5.185897e-01 4.853846e-01 2.975513e+00 -3.987179e-02 
2.525385e-01 4.932692e-02 7.019487e-01 2.956410e-09 9.950000e-01 2.241667e-01 -1.182692e+00 2.238462e-01 3.913205e+00 3.423077e-02 
3.070000e-01 5.444231e-02 7.154872e-01 1.366667e-09 8.711538e-01 -5.190385e-01 -2.798077e+00 4.361538e-01 2.674744e+00 -3.064103e-02 
3.573077e-01 4.205769e-02 6.350769e-01 1.669231e-09 1.005769e+00 -1.131090e+00 4.416667e-01 1.961538e-01 3.117051e+00 -1.217949e-02 
2.460769e-01 4.590385e-02 6.605128e-01 1.546154e-09 8.103846e-01 4.134615e-02 -8.865385e-01 9.769231e-02 3.388333e+00 3.653846e-02 
3.333077e-01 4.482692e-02 6.482051e-01 2.407692e-09 1.099615e+00 -4.673718e-01 -4.916667e-01 5.469231e-01 4.420385e+00 -2.948718e-03 
3.656154e-01 5.063462e-02 7.220513e-01 2.094872e-09 9.157692e-01 -1.166859e+00 -2.618590e+00 2.392308e-01 2.285513e+00 -2.576923e-02 
2.534615e-01 4.432692e-02 6.116923e-01 2.776923e-09 1.059615e+00 -7.177564e-01 -1.748077e+00 1.438462e-01 4.390897e+00 -8.974359e-04 
3.245385e-01 5.378846e-02 6.625641e-01 1.412821e-09 8.319231e-01 6.916667e-02 -2.304487e+00 4.053846e-01 3.099359e+00 3.320513e-02 
3.554615e-01 4.536538e-02 7.597949e-01 2.017949e-09 9.780769e-01 -8.449359e-01 2.801282e-01 3.930769e-01 2.875256e+00 -4.064103e-02 
2.751538e-01 4.171154e-02 6.921026e-01 2.330769e-09 9.903846e-01 -7.217308e-01 4.237179e-01 5.315385e-01 3.488590e+00 4.884615e-02 
2.931538e-01 5.071154e-02 7.150769e-01 2.853846e-09 1.045000e+00 7.711538e-02 -2.214744e+00 9.000000e-02 2.491923e+00 -1.141026e-02 
3.706923e-01 4.817308e-02 6.281026e-01 1.053846e-09 8.888462e-01 -8.409615e-01 -1.550641e+00 2.130769e-01 4.090128e+00 -3.192308e-02 
2.354615e-01 4.905769e-02 6.797949e-01 1.782051e-09 1.039615e+00 -1.075449e+00 -2.313462e+00 4.761538e-01 4.461667e+00 1.666667e-03 
3.130000e-01 4.032692e-02 7.171282e-01 1.356410e-09 9.134615e-01 1.352564e-02 -1.577564e+00 1.284615e-01 2.509615e+00 2.961538e-02 
3.665385e-01 5.421154e-02 6.203077e-01 2.725641e-09 8.273077e-01 -3.362179e-01 -6.442308e-01 2.961538e-01 3.193718e+00 -2.884615e-02 
2.659231e-01 4.682692e-02 6.560000e-01 1.643590e-09 9.896154e-01 -2.249359e-01 -7.884615e-02 3.769231e-02 4.308333e+00 -4.012821e-02 
2.917692e-01 5.363462e-02 6.453333e-01 2.623077e-09 1.074231e+00 -2.766026e-01 -1.846795e+00 3.176923e-01 2.462436e+00 4.653846e-02 
3.739231e-01 4.109615e-02 7.122051e-01 1.915385e-09 8.326923e-01 -8.051923e-01 -1.613462e+00 5.761538e-01 3.022692e+00 -6.025641e-03 
2.433077e-01 4.098077e-02 7.355897e-01 2.858974e-09 1.038846e+00 -5.786538e-01 -9.762821e-01 2.561538e-01 4.042949e+00 1.217949e-02 
2.894615e-01 4.936538e-02 6.244103e-01 1.592308e-09 8.865385e-01 1.287821e-01 -2.663462e+00 4.838462e-01 2.574487e+00 -2.910256e-02 
3.794615e-01 5.428846e-02 6.601026e-01 1.812821e-09 9.403846e-01 -1.194679e+00 2.980769e-01 1.653846e-01 3.217308e+00 3.012821e-02 
2.603846e-01 5.259615e-02 7.294359e-01 1.602564e-09 9.603846e-01 -8.926282e-01 -2.500000e-02 3.238462e-01 2.256026e+00 3.474359e-02 
3.365385e-01 4.417308e-02 6.978462e-01 2.212821e-09 1.047308e+00 -6.223718e-01 -2.941667e+00 5.976923e-01 3.930897e+00 -2.217949e-02 
3.443846e-01 4.559615e-02 6.248205e-01 2.346154e-09 8.073077e-01 7.314103e-02 -6.711538e-01 1.461538e-02 3.659615e+00 -7.564103e-03 
2.271538e-01 4.421154e-02 6.609231e-01 1.166667e-09 8.480769e-01 -6.978846e-01 -1.308333e+00 1.469231e-01 3.771667e+00 -3.500000e-02 
3.286923e-01 5.221154e-02 6.379487e-01 2.710256e-09 1.072692e+00 -8.846795e-01 3.698718e-01 3.330769e-01 3.706795e+00 2.705128e-02 
3.596154e-01 4.544231e-02 7.208205e-01 2.141026e-09 9.726923e-01 2.082692e-01 -2.753205e+00 5.561538e-01 2.521410e+00 -4.743590e-03 
2.737879e-01 4.814141e-02 6.465657e-01 2.487879e-09 9.871212e-01 -1.020202e+00 -2.702020e-01 1.386364e-01 3.329966e+00 2.424242e-03 
3.092424e-01 4.595960e-02 7.088552e-01 1.787542e-09 9.810606e-01 -1.121212e+00 4.570707e-01 6.803030e-02 2.934007e+00 1.434343e-02 
3.201515e-01 5.022222e-02 6.977441e-01 2.011111e-09 9.554714e-01 -8.888889e-01 -6.439394e-01 1.077273e-01 2.311785e+00 -2.808081e-02 
2.710606e-01 4.589899e-02 6.761953e-01 1.741751e-09 9.758418e-01 -1.026263e+00 -8.409091e-01 9.015152e-02 3.023569e+00 2.040404e-02 
3.113636e-01 4.800000e-02 7.344444e-01 2.196970e-09 9.627104e-01 -8.020202e-01 4.621212e-01 8.893939e-02 3.447811e+00 -1.656566e-02 
3.413636e-01 4.947475e-02 6.664310e-01 2.339731e-09 9.926768e-01 -1.252525e+00 -3.156566e-01 1.316667e-01 2.552189e+00 -2.020202e-03 
2.746970e-01 4.519192e-02 6.994276e-01 2.485185e-09 9.756734e-01 -1.066667e+00 -3.409091e-01 1.265152e-01 2.665320e+00 -2.161616e-02 
2.974242e-01 4.894949e-02 6.681145e-01 1.981481e-09 9.893098e-01 -1.123232e+00 -7.196970e-01 7.590909e-02 3.617508e+00 2.727273e-02 
3.468182e-01 4.907071e-02 7.176094e-01 1.838721e-09 9.556397e-01 -8.767677e-01 4.116162e-01 1.065152e-01 2.778451e+00 5.858586e-03 
2.671212e-01 5.014141e-02 6.506061e-01 2.038047e-09 9.684343e-01 -8.727273e-01 -6.893939e-01 1.201515e-01 3.664646e+00 9.898990e-03 
3.083333e-01 4.539394e-02 7.112121e-01 1.846801e-09 9.997475e-01 -1.050505e+00 1.767677e-02 8.772727e-02 3.070707e+00 -2.505051e-02 
3.477273e-01 4.860606e-02 6.987542e-01 2.248148e-09 9.519360e-01 -1.195960e+00 -1.489899e-01 1.056061e-01 2.373064e+00 1.898990e-02 
2.683333e-01 4.882828e-02 6.623906e-01 1.798316e-09 9.748316e-01 -1.080808e+00 7.323232e-02 1.468182e-01 2.698316e+00 -2.464646e-02 
2.998485e-01 4.561616e-02 7.068350e-01 2.221212e-09 9.945286e-01 -1.222222e+00 -9.974747e-01 9.833333e-02 2.806734e+00 1.878788e-02 
3.401515e-01 4.935354e-02 6.896633e-01 2.460943e-09 9.546296e-01 -8.323232e-01 -5.303030e-02 8.712121e-02 3.419529e+00 -5.454545e-03 
2.831818e-01 4.694949e-02 7.085185e-01 2.046128e-09 9.957071e-01 -7.959596e-01 -1.641414e-01 6.136364e-02 2.839731e+00 2.222222e-02 
2.989394e-01 4.933333e-02 6.421886e-01 1.728283e-09 9.551347e-01 -1.028283e+00 -7.095960e-01 1.165152e-01 2.660606e+00 -2.222222e-03 
3.337879e-01 4.725253e-02 7.007744e-01 2.369360e-09 9.792088e-01 -1.218182e+00 2.348485e-01 1.286364e-01 3.584512e+00 -1.333333e-02 
2.601515e-01 4.846465e-02 7.199663e-01 2.242761e-09 9.576599e-01 -1.238384e+00 4.292929e-02 9.136364e-02 2.853872e+00 -1.636364e-02 
3.146970e-01 4.507071e-02 6.735017e-01 1.916835e-09 9.888047e-01 -8.686869e-01 -8.838384e-02 1.480303e-01 2.410774e+00 5.656566e-03 
3.492424e-01 4.967677e-02 6.704714e-01 2.207744e-09 9.743266e-01 -9.515152e-01 -7.904040e-01 8.803030e-02 3.678788e+00 1.353535e-02 
2.668182e-01 4.620202e-02 6.869697e-01 1.817172e-09 9.707912e-01 -7.353535e-01 -4.873737e-01 1.101515e-01 3.476094e+00 -1.939394e-02 
3.077273e-01 4.931313e-02 6.674411e-01 2.000337e-09 9.876263e-01 -9.636364e-01 4.671717e-01 7.803030e-02 2.627609e+00 2.989899e-02 
3.301515e-01 4.858586e-02 7.095286e-01 2.393603e-09 9.623737e-01 -1.187879e+00 -9.419192e-01 1.395455e-01 2.792593e+00 6.464646e-03 
2.846970e-01 4.993939e-02 6.879798e-01 2.493266e-09 9.812290e-01 -9.212121e-01 -8.005051e-01 8.500000e-02 3.367677e+00 2.565657e-02 
2.983333e-01 4.713131e-02 6.708081e-01 2.108081e-09 9.502525e-01 -1.292929e+00 -2.297980e-01 1.246970e-01 2.655892e+00 -1.919192e-02 
3.362121e-01 4.690909e-02 7.145791e-01 1.841414e-09 9.920034e-01 -7.292929e-01 3.156566e-01 1.131818e-01 2.787879e+00 9.696970e-03 
2.725758e-01 4.705051e-02 6.724916e-01 2.124242e-09 9.859428e-01 -1.272727e+00 3.611111e-01 1.104545e-01 3.113131e+00 -2.888889e-02 
3.043939e-01 4.666667e-02 6.802357e-01 1.876431e-09 9.563131e-01 -8.282828e-01 -1.691919e-01 6.712121e-02 3.235690e+00 2.909091e-02 
3.383333e-01 5.096970e-02 7.162626e-01 2.331650e-09 9.829125e-01 -9.131313e-01 -6.944444e-01 1.207576e-01 2.608754e+00 -7.878788e-03 
2.828788e-01 4.739394e-02 7.277104e-01 2.293939e-09 9.775253e-01 -7.131313e-01 3.409091e-01 1.119697e-01 2.538047e+00 1.050505e-02 
2.904545e-01 5.094949e-02 6.775421e-01 1.712121e-09 9.650673e-01 -1.127273e+00 -4.671717e-01 8.196970e-02 3.164983e+00 -1.737374e-02 
3.450000e-01 4.523232e-02 6.660943e-01 2.226599e-09 9.911616e-01 -1.092929e+00 -6.388889e-01 1.253030e-01 3.471380e+00 2.626263e-03 
2.646970e-01 4.517172e-02 6.859596e-01 2.218519e-09 9.527778e-01 -1.107071e+00 1.035354e-01 9.045455e-02 2.731313e+00 1.171717e-02 
2.953030e-01 4.995960e-02 6.644108e-01 2.390909e-09 9.815657e-01 -8.464646e-01 -7.348485e-01 1.368182e-01 2.919865e+00 -2.606061e-02 
3.453030e-01 4.765657e-02 7.155892e-01 1.736364e-09 9.952020e-01 -1.058586e+00 -3.661616e-01 8.227273e-02 3.315825e+00 6.868687e-03 
2.859091e-01 4.559596e-02 7.368013e-01 1.714815e-09 9.648990e-01 -8.424242e-01 -2.525253e-03 9.712121e-02 2.952862e+00 -6.060606e-04 
2.995455e-01 5.040404e-02 6.883165e-01 2.143098e-09 9.872896e-01 -1.220202e+00 -9.318182e-01 7.954545e-02 3.414815e+00 -2.242424e-02 
3.395455e-01 4.795960e-02 6.596970e-01 2.455556e-09 9.755051e-01 -1.022222e+00 1.994949e-01 1.274242e-01 2.632323e+00 2.424242e-02 
2.868182e-01 4.969697e-02 6.499327e-01 2.428620e-09 9.842593e-01 -8.646465e-01 -3.611111e-01 9.439394e-02 2.302357e+00 1.818182e-03 
2.922727e-01 4.533333e-02 6.910101e-01 1.860269e-09 9.780303e-01 -9.676768e-01 4.974747e-01 1.401515e-01 3.179125e+00 -2.262626e-02 
3.386364e-01 4.880808e-02 7.371380e-01 2.153872e-09 9.514310e-01 -1.117172e+00 -5.984848e-01 8.560606e-02 3.358249e+00 1.373737e-02 
2.898485e-01 4.785859e-02 7.196296e-01 1.765993e-09 9.874579e-01 -1.006061e+00 -8.914141e-01 1.089394e-01 3.570370e+00 -2.323232e-02 
3.159091e-01 4.501010e-02 6.573401e-01 2.407071e-09 9.783670e-01 -1.189899e+00 -2.752525e-01 8.984848e-02 2.858586e+00 2.121212e-02 
3.207576e-01 5.070707e-02 6.812458e-01 2.202357e-09 9.571549e-01 -7.111111e-01 1.489899e-01 1.392424e-01 2.717172e+00 -6.464646e-03 
2.850000e-01 5.076768e-02 7.381481e-01 2.151178e-09 9.803872e-01 -1.133333e+00 2.702020e-01 1.037879e-01 3.452525e+00 -1.858586e-02 
2.968182e-01 4.551515e-02 6.852862e-01 1.709428e-09 9.539562e-01 -1.056566e+00 -1.944444e-01 1.216667e-01 2.453199e+00 1.010101e-02 
3.274242e-01 4.834343e-02 6.559933e-01 2.374747e-09 9.999158e-01 -8.606061e-01 -9.015152e-01 8.651515e-02 2.938721e+00 7.676768e-03 
2.789394e-01 5.044444e-02 7.014478e-01 2.210438e-09 9.731481e-01 -8.060606e-01 2.525253e-03 1.416667e-01 3.669360e+00 -1.111111e-02 
3.137879e-01 4.593939e-02 6.482492e-01 1.733670e-09 9.835859e-01 -1.282828e+00 -2.853535e-01 1.198485e-01 2.849158e+00 -8.080808e-03 
3.204545e-01 4.848485e-02 7.169360e-01 2.417845e-09 9.659091e-01 -9.878788e-01 -6.287879e-01 6.106061e-02 2.335354e+00 1.070707e-02 
2.798485e-01 4.868687e-02 7.236700e-01 1.954545e-09 9.948653e-01 -8.141414e-01 -1.994949e-01 1.137879e-01 3.551515e+00 2.383838e-02 
3.080303e-01 4.622222e-02 6.492593e-01 2.113468e-09 9.778620e-01 -1.018182e+00 -9.823232e-01 6.166667e-02 2.703030e+00 -1.010101e-02 
3.428788e-01 5.018182e-02 6.900000e-01 2.307407e-09 9.615320e-01 -1.145455e+00 4.318182e-01 1.313636e-01 2.844444e+00 -8.484848e-03 
2.753030e-01 4.767677e-02 6.832660e-01 2.029966e-09 9.509259e-01 -1.200000e+00 -9.570707e-01 7.439394e-02 3.202694e+00 -9.090909e-03 
2.943939e-01 4.537374e-02 7.388215e-01 1.930303e-09 9.965488e-01 -9.050505e-01 -4.520202e-01 1.204545e-01 2.745455e+00 1.919192e-02 
3.259091e-01 4.941414e-02 6.576768e-01 2.272391e-09 9.790404e-01 -8.545455e-01 4.823232e-01 1.183333e-01 3.537374e+00 -1.212121e-02 
2.610606e-01 4.919192e-02 6.401684e-01 2.051515e-09 9.667508e-01 -1.250505e+00 -1.540404e-01 9.106061e-02 2.797306e+00 -9.898990e-03 
3.195455e-01 4.719192e-02 7.246801e-01 1.819865e-09 9.559764e-01 -7.656566e-01 -7.297980e-01 1.356061e-01 2.707744e+00 -1.252525e-02 
3.222727e-01 4.567677e-02 6.967340e-01 2.377441e-09 9.921717e-01 -9.474747e-01 4.797980e-02 8.863636e-02 3.556229e+00 2.666667e-02 
2.656061e-01 4.804040e-02 7.132323e-01 2.396296e-09 9.970539e-01 -1.115152e+00 -3.459596e-01 1.001515e-01 3.306397e+00 -2.202020e-02 
3.168182e-01 4.963636e-02 6.778788e-01 1.784848e-09 9.677609e-01 -7.636364e-01 6.818182e-02 6.318182e-02 2.514478e+00 -6.060606e-03 
3.410606e-01 4.624242e-02 6.617172e-01 2.188889e-09 9.574916e-01 -1.064646e+00 -5.075758e-01 1.471212e-01 3.230976e+00 2.020202e-02 
2.674242e-01 4.604040e-02 6.889899e-01 2.334343e-09 9.679293e-01 -1.052525e+00 -9.065657e-01 1.262121e-01 3.348822e+00 2.141414e-02 
3.010606e-01 4.763636e-02 6.479125e-01 2.067677e-09 9.955387e-01 -8.202020e-01 3.257576e-01 7.378788e-02 2.802020e+00 -1.494949e-02 
3.271212e-01 5.012121e-02 7.354545e-01 1.932997e-09 9.633838e-01 -1.278788e+00 -3.787879e-02 1.122727e-01 2.651178e+00 -4.444444e-03 
2.731818e-01 4.741414e-02 7.320875e-01 2.398990e-09 9.569865e-01 -9.272727e-01 -1.388889e-01 1.301515e-01 3.325253e+00 -2.000000e-02 
3.134848e-01 5.004040e-02 7.024579e-01 1.782155e-09 9.862795e-01 -8.626263e-01 -9.217172e-01 1.016667e-01 3.000000e+00 2.545455e-02 
3.343939e-01 4.670707e-02 6.418519e-01 2.086532e-09 9.738215e-01 -1.185859e+00 3.712121e-01 8.469697e-02 2.580471e+00 -8.282828e-03 
2.822727e-01 4.866667e-02 7.105387e-01 2.183502e-09 9.992424e-01 -8.363636e-01 -3.106061e-01 1.125758e-01 2.495623e+00 -2.787879e-02 
3.101515e-01 4.503030e-02 6.926936e-01 1.814478e-09 9.512626e-01 -9.737374e-01 -5.328283e-01 1.219697e-01 3.509091e+00 2.222222e-03 
3.243939e-01 5.058586e-02 6.637374e-01 2.385522e-09 9.712963e-01 -1.197980e+00 5.303030e-02 7.621212e-02 3.004714e+00 2.505051e-02 
2.865152e-01 4.870707e-02 6.549832e-01 1.706734e-09 9.990741e-01 -8.848485e-01 8.838384e-02 1.180303e-01 2.726599e+00 5.454545e-03 
3.040909e-01 4.975758e-02 7.041414e-01 2.285859e-09 9.532828e-01 -9.393939e-01 -6.035354e-01 1.328788e-01 3.603367e+00 2.444444e-02 
3.328788e-01 4.529293e-02 7.091919e-01 2.048822e-09 9.686027e-01 -1.260606e+00 -4.823232e-01 6.984848e-02 2.783165e+00 -1.232323e-02 
2.750000e-01 4.688889e-02 6.657576e-01 2.474411e-09 9.662458e-01 -9.030303e-01 3.661616e-01 1.174242e-01 3.014141e+00 2.707071e-02 
2.956061e-01 4.775758e-02 7.149158e-01 1.844108e-09 9.672559e-01 -1.234343e+00 -9.671717e-01 1.256061e-01 2.467340e+00 1.010101e-03 
3.234848e-01 4.953535e-02 6.886532e-01 2.021886e-09 9.914983e-01 -8.868687e-01 -2.348485e-01 6.439394e-02 3.697643e+00 -1.515152e-02 
2.689394e-01 4.856566e-02 7.021212e-01 1.970707e-09 9.632155e-01 -7.313131e-01 5.808081e-02 1.243939e-01 2.509764e+00 -2.666667e-02 
3.013636e-01 5.088889e-02 7.327609e-01 2.366667e-09 9.940236e-01 -1.177778e+00 -5.631313e-01 8.106061e-02 3.075421e+00 6.666667e-03 
3.313636e-01 4.563636e-02 6.411785e-01 1.879125e-09 9.682660e-01 -1.088889e+00 -7.323232e-02 9.348485e-02 3.457239e+00 1.313131e-02 
2.756061e-01 4.901010e-02 6.839394e-01 1.704040e-09 9.729798e-01 -1.224242e+00 -5.808081e-02 7.833333e-02 2.533333e+00 1.494949e-02 
3.140909e-01 4.525253e-02 6.529630e-01 2.035354e-09 9.654040e-01 -8.666667e-01 -9.873737e-01 1.404545e-01 3.047138e+00 -1.131313e-02 
3.325758e-01 4.884848e-02 7.297306e-01 2.436700e-09 9.968855e-01 -9.151515e-01 1.085859e-01 9.984848e-02 3.301684e+00 -3.232323e-03 
2.880303e-01 5.002020e-02 6.495960e-01 2.452862e-09 9.706229e-01 -1.024242e+00 -4.722222e-01 6.500000e-02 3.292256e+00 -1.373737e-02 
3.110606e-01 4.553535e-02 7.317508e-01 1.994949e-09 9.630471e-01 -8.747475e-01 -8.863636e-01 9.590909e-02 3.032997e+00 2.686869e-02 
3.240909e-01 4.836364e-02 6.849495e-01 1.801010e-09 9.889731e-01 -1.161616e+00 3.863636e-01 1.280303e-01 2.382492e+00 -8.888889e-03 
2.765152e-01 4.876768e-02 7.179461e-01 2.304714e-09 9.603535e-01 -1.010101e+00 -3.257576e-01 1.486364e-01 2.307071e+00 -4.242424e-03 
3.022727e-01 4.591919e-02 6.694613e-01 2.070370e-09 9.844276e-01 -7.232323e-01 -8.813131e-01 9.287879e-02 3.438384e+00 1.838384e-02 
3.322727e-01 4.905051e-02 7.054882e-01 1.906061e-09 9.832492e-01 -1.280808e+00 2.247475e-01 6.893939e-02 3.122559e+00 -1.898990e-02 
2.807576e-01 4.711111e-02 7.004377e-01 1.857576e-09 9.750000e-01 -7.454545e-01 -7.702020e-01 6.863636e-02 2.472054e+00 -6.666667e-03 
3.056061e-01 4.569697e-02 7.270370e-01 2.277778e-09 9.526094e-01 -1.094949e+00 -1.085859e-01 1.380303e-01 3.480808e+00 1.696970e-02 
3.446970e-01 5.066667e-02 6.489226e-01 2.019192e-09 9.918350e-01 -1.135354e+00 1.338384e-01 1.034848e-01 3.197980e+00 -1.030303e-02 
2.892424e-01 5.084848e-02 6.691246e-01 2.404377e-09 9.985690e-01 -9.797980e-01 1.893939e-01 8.530303e-02 3.146128e+00 8.686869e-03 
2.901515e-01 4.547475e-02 7.253535e-01 2.056902e-09 9.741582e-01 -1.242424e+00 -3.863636e-01 1.289394e-01 3.381818e+00 -2.383838e-02 
3.434848e-01 4.715152e-02 6.755219e-01 1.768687e-09 9.610269e-01 -7.535354e-01 -5.227273e-01 9.954545e-02 2.604040e+00 1.535354e-02 
2.856061e-01 4.951515e-02 6.768687e-01 2.110774e-09 9.586700e-01 -7.676768e-01 -9.520202e-01 8.378788e-02 3.127273e+00 -2.181818e-02 
3.153030e-01 4.828283e-02 6.677778e-01 1.792929e-09 9.837542e-01 -1.141414e+00 3.207071e-01 1.413636e-01 3.631650e+00 -1.818182e-03 
3.262121e-01 4.509091e-02 7.334343e-01 2.363973e-09 9.793771e-01 -9.656566e-01 -2.777778e-02 9.893939e-02 2.420202e+00 1.212121e-02 
2.786364e-01 4.781818e-02 7.044781e-01 2.267003e-09 9.925084e-01 -1.298990e+00 -3.964646e-01 1.310606e-01 2.401347e+00 -4.646465e-03 
2.940909e-01 5.068687e-02 6.425253e-01 1.803704e-09 9.628788e-01 -1.044444e+00 2.398990e-01 7.257576e-02 3.188552e+00 1.393939e-02 
3.483333e-01 4.612121e-02 7.108754e-01 2.170034e-09 9.675926e-01 -7.050505e-01 -5.681818e-01 1.031818e-01 3.386532e+00 -1.151515e-02 
2.740909e-01 4.888889e-02 7.283838e-01 2.116162e-09 9.558081e-01 -8.949495e-01 3.358586e-01 1.346970e-01 3.193266e+00 1.979798e-02 
2.925758e-01 4.543434e-02 6.607071e-01 2.358586e-09 9.709596e-01 -1.254545e+00 -6.590909e-01 9.772727e-02 3.273401e+00 -2.282828e-02 
3.419697e-01 5.024242e-02 6.819192e-01 1.862963e-09 9.973906e-01 -9.333333e-01 -2.601010e-01 8.621212e-02 2.424916e+00 2.020202e-03 
2.698485e-01 4.602020e-02 6.913468e-01 1.755219e-09 9.906566e-01 -1.096970e+00 -5.883838e-01 1.465152e-01 2.962290e+00 -5.656566e-03 
3.189394e-01 4.802020e-02 6.458923e-01 2.132323e-09 9.724747e-01 -1.103030e+00 1.540404e-01 6.348485e-02 3.443098e+00 -2.868687e-02 
3.286364e-01 4.983838e-02 7.374747e-01 2.342424e-09 9.655724e-01 -8.505051e-01 -1.136364e-01 1.171212e-01 2.754882e+00 2.464646e-02 
2.616667e-01 5.056566e-02 6.788889e-01 2.137710e-09 9.854377e-01 -7.272727e-01 1.742424e-01 1.231818e-01 2.750168e+00 7.474747e-03 
3.192424e-01 4.783838e-02 7.398316e-01 1.911448e-09 9.827441e-01 -1.216162e+00 -8.560606e-01 1.143939e-01 3.254545e+00 2.767677e-02 
3.425758e-01 4.626263e-02 6.563300e-01 2.269697e-09 9.605219e-01 -9.555556e-01 -4.065657e-01 8.833333e-02 2.924579e+00 -2.969697e-02 
2.862121e-01 4.850505e-02 6.963973e-01 2.450168e-09 9.622054e-01 -1.274747e+00 1.590909e-01 1.440909e-01 2.976431e+00 8.484848e-03 
3.007576e-01 4.913131e-02 6.640741e-01 1.747138e-09 9.909933e-01 -1.000000e+00 -8.055556e-01 1.098485e-01 2.721886e+00 -2.949495e-02 
3.353030e-01 4.660606e-02 7.394949e-01 2.073064e-09 9.785354e-01 -7.757576e-01 -6.313131e-02 6.621212e-02 3.344108e+00 1.454545e-02 
2.804545e-01 4.820202e-02 6.671044e-01 1.852189e-09 9.805556e-01 -7.151515e-01 -9.368687e-01 1.319697e-01 2.688889e+00 3.434343e-03 
3.016667e-01 4.957576e-02 7.027946e-01 1.997643e-09 9.967172e-01 -1.230303e+00 2.954545e-01 7.772727e-02 3.527946e+00 1.636364e-02 
3.371212e-01 4.585859e-02 7.098653e-01 2.463636e-09 9.500842e-01 -1.078788e+00 -1.338384e-01 1.159091e-01 2.901010e+00 -1.171717e-02 
2.716667e-01 4.971717e-02 6.836027e-01 1.822559e-09 9.694444e-01 -1.105051e+00 -4.015152e-01 1.422727e-01 2.868013e+00 2.929293e-02 
3.128788e-01 4.541414e-02 6.613805e-01 2.350505e-09 9.568182e-01 -8.787879e-01 9.848485e-02 1.022727e-01 3.636364e+00 -7.272727e-03 
3.277273e-01 4.808081e-02 7.233333e-01 2.161953e-09 9.982323e-01 -1.084848e+00 -5.277778e-01 6.196970e-02 2.523906e+00 -1.313131e-02 
2.813636e-01 4.531313e-02 7.142424e-01 2.129630e-09 9.946970e-01 -1.212121e+00 -1.843434e-01 7.136364e-02 3.428956e+00 8.080808e-03 
2.934848e-01 5.006061e-02 6.916835e-01 2.310101e-09 9.746633e-01 -7.939394e-01 -8.106061e-01 1.450000e-01 2.674747e+00 2.202020e-02 
3.250000e-01 4.898990e-02 6.630640e-01 1.763300e-09 9.566498e-01 -1.038384e+00 3.106061e-01 9.803030e-02 2.872727e+00 -2.929293e-02 
2.743939e-01 5.010101e-02 7.378114e-01 1.935690e-09 9.598485e-01 -1.060606e+00 -4.419192e-01 7.045455e-02 2.811448e+00 1.333333e-02 
3.004545e-01 4.816162e-02 6.738384e-01 2.240067e-09 9.913300e-01 -1.276768e+00 -7.398990e-01 1.459091e-01 3.278114e+00 -1.959596e-02 
3.437879e-01 4.549495e-02 6.650842e-01 2.178114e-09 9.691077e-01 -7.252525e-01 2.651515e-01 1.053030e-01 2.764310e+00 8.888889e-03 
2.853030e-01 4.555556e-02 7.038047e-01 2.323569e-09 9.866162e-01 -9.010101e-01 4.772727e-01 7.318182e-02 3.221549e+00 -1.414141e-02 
3.104545e-01 5.028283e-02 7.102020e-01 1.722896e-09 9.768519e-01 -7.898990e-01 -2.449495e-01 1.334848e-01 2.377778e+00 -1.010101e-03 
3.213636e-01 4.822222e-02 6.485859e-01 2.199663e-09 9.642256e-01 -1.296970e+00 -8.661616e-01 1.040909e-01 3.263973e+00 1.131313e-02 
2.692424e-01 4.826263e-02 7.263636e-01 2.466330e-09 9.840909e-01 -1.062626e+00 1.691919e-01 7.924242e-02 3.108418e+00 1.858586e-02 
3.162121e-01 4.927273e-02 6.462290e-01 1.854882e-09 9.620370e-01 -7.434343e-01 -2.803030e-01 9.409091e-02 3.504377e+00 -5.858586e-03 
3.389394e-01 4.583838e-02 6.943771e-01 2.121549e-09 9.728114e-01 -1.208081e+00 -6.237374e-01 1.371212e-01 2.396633e+00 -1.838384e-02 
2.792424e-01 4.707071e-02 7.186195e-01 2.172727e-09 9.753367e-01 -1.288889e+00 -3.308081e-01 6.560606e-02 2.325926e+00 9.090909e-03 
3.180303e-01 4.608081e-02 6.687879e-01 2.490572e-09 9.898148e-01 -7.373737e-01 1.262626e-02 1.153030e-01 3.240404e+00 -1.676768e-02 
3.340909e-01 5.042424e-02 7.031313e-01 1.811785e-09 9.534512e-01 -9.696970e-01 -5.530303e-01 1.407576e-01 3.065993e+00 1.414141e-02 
2.653030e-01 4.515152e-02 7.011111e-01 2.320875e-09 9.797138e-01 -1.042424e+00 2.500000e-01 1.277273e-01 3.485522e+00 5.050505e-03 
3.059091e-01 4.878788e-02 6.438721e-01 1.938384e-09 9.931818e-01 -1.236364e+00 -6.540404e-01 9.560606e-02 2.486195e+00 1.292929e-02 
3.210606e-01 5.078788e-02 7.290572e-01 1.976094e-09 9.522727e-01 -8.444444e-01 -2.095960e-01 7.984848e-02 3.080135e+00 -1.555556e-02 
2.783333e-01 4.779798e-02 6.435354e-01 2.434007e-09 9.822391e-01 -1.258586e+00 2.449495e-01 1.068182e-01 2.585185e+00 1.090909e-02 
3.050000e-01 4.600000e-02 7.351178e-01 2.164646e-09 9.899832e-01 -7.777778e-01 -8.333333e-02 1.237879e-01 3.593939e+00 -1.535354e-02 
3.310606e-01 4.943434e-02 6.809091e-01 1.895286e-09 9.542929e-01 -9.777778e-01 -9.924242e-01 6.651515e-02 2.943434e+00 4.040404e-03 
2.834848e-01 4.648485e-02 7.243434e-01 2.081145e-09 9.588384e-01 -1.016162e+00 -2.247475e-01 6.015152e-02 3.692929e+00 4.444444e-03 
3.031818e-01 4.721212e-02 6.627273e-01 2.299327e-09 9.987374e-01 -7.212121e-01 2.272727e-02 1.186364e-01 2.684175e+00 2.060606e-02 
3.253030e-01 5.048485e-02 6.805724e-01 1.881818e-09 9.697811e-01 -1.240404e+00 -6.085859e-01 1.437879e-01 2.773737e+00 -1.979798e-02 
2.777273e-01 4.864646e-02 7.182828e-01 1.760606e-09 9.938552e-01 -7.858586e-01 -4.797980e-02 1.365152e-01 3.160269e+00 -1.757576e-02 
3.053030e-01 4.636364e-02 6.960606e-01 2.409764e-09 9.643939e-01 -1.266667e+00 1.944444e-01 6.772727e-02 3.362963e+00 -7.676768e-03 
3.422727e-01 4.925253e-02 6.519529e-01 2.102694e-09 9.721380e-01 -9.939394e-01 -8.712121e-01 1.192424e-01 2.519192e+00 2.242424e-02 
2.686364e-01 4.575758e-02 6.455556e-01 2.159259e-09 9.701178e-01 -1.068687e+00 -4.469697e-01 7.742424e-02 3.626936e+00 8.282828e-03 
3.095455e-01 4.787879e-02 7.128956e-01 2.477104e-09 9.618687e-01 -7.393939e-01 -6.843434e-01 1.116667e-01 2.476768e+00 -1.777778e-02 
3.380303e-01 4.977778e-02 6.920202e-01 1.927609e-09 9.851010e-01 -1.119192e+00 2.550505e-01 1.359091e-01 2.929293e+00 2.888889e-02 
2.734848e-01 4.628283e-02 6.711448e-01 2.083838e-09 9.544613e-01 -9.818182e-01 -8.964646e-01 1.028788e-01 2.358923e+00 -5.252525e-03 
3.086364e-01 4.862626e-02 7.203030e-01 1.744444e-09 9.884680e-01 -8.242424e-01 4.520202e-01 7.166667e-02 3.169697e+00 -1.292929e-02 
3.292424e-01 5.064646e-02 6.873064e-01 2.458249e-09 9.825758e-01 -1.129293e+00 -3.560606e-01 1.389394e-01 3.391246e+00 1.737374e-02 
2.771212e-01 4.597980e-02 6.570034e-01 1.965320e-09 9.652357e-01 -7.878788e-01 1.388889e-01 6.257576e-02 3.141414e+00 -9.292929e-03 
2.992424e-01 5.062626e-02 7.017845e-01 2.180808e-09 9.849327e-01 -1.113131e+00 -3.762626e-01 1.025758e-01 2.330640e+00 2.949495e-02 
3.359091e-01 4.723232e-02 7.152525e-01 2.234680e-09 9.696128e-01 -1.034343e+00 -7.247475e-01 1.495455e-01 3.565657e+00 -1.878788e-02 
2.759091e-01 4.733333e-02 6.792256e-01 1.795623e-09 9.505892e-01 -1.098990e+00 3.308081e-01 8.924242e-02 3.395960e+00 -2.828283e-03 
3.119697e-01 4.638384e-02 7.115488e-01 2.447475e-09 9.894781e-01 -1.111111e+00 -2.398990e-01 1.477273e-01 2.990572e+00 2.080808e-02 
3.356061e-01 4.929293e-02 6.509428e-01 2.054209e-09 9.771886e-01 -7.171717e-01 -8.459596e-01 9.196970e-02 2.542761e+00 -1.595960e-02 
2.768182e-01 4.842424e-02 6.566667e-01 2.442088e-09 9.510943e-01 -8.585859e-01 -6.338384e-01 1.083333e-01 3.018855e+00 1.272727e-02 
2.977273e-01 4.987879e-02 6.947138e-01 1.739057e-09 9.977273e-01 -1.264646e+00 -4.621212e-01 1.222727e-01 3.245118e+00 1.616162e-03 
3.456061e-01 4.614141e-02 7.135690e-01 2.040741e-09 9.689394e-01 -9.353535e-01 3.813131e-01 6.924242e-02 2.679461e+00 -1.717172e-02 
2.801515e-01 4.735354e-02 6.610438e-01 2.388215e-09 9.585017e-01 -9.616162e-01 -1.262626e-02 8.075758e-02 2.490909e+00 -2.646465e-02 
2.946970e-01 4.630303e-02 6.825926e-01 1.897980e-09 9.930135e-01 -1.290909e+00 2.777778e-02 1.234848e-01 3.094276e+00 2.646465e-02 
3.237879e-01 5.026263e-02 7.304040e-01 2.078451e-09 9.798822e-01 -7.737374e-01 -7.954545e-01 1.110606e-01 3.513805e+00 -6.262626e-03 
2.837879e-01 4.852525e-02 6.990909e-01 2.296633e-09 9.600168e-01 -1.256566e+00 -4.924242e-01 7.893939e-02 3.268687e+00 2.969697e-02 
3.074242e-01 4.557576e-02 6.546465e-01 2.145791e-09 9.941919e-01 -1.014141e+00 -5.429293e-01 1.140909e-01 2.462626e+00 -2.686869e-02 
3.256061e-01 5.086869e-02 7.209764e-01 1.922222e-09 9.824074e-01 -7.919192e-01 3.914141e-01 1.307576e-01 3.226263e+00 -4.040404e-03 
2.762121e-01 4.727273e-02 6.472391e-01 2.062290e-09 9.669192e-01 -7.838384e-01 1.792929e-01 1.425758e-01 3.424242e+00 1.414141e-03 
3.156061e-01 5.060606e-02 7.293939e-01 2.471717e-09 9.613636e-01 -1.167677e+00 -7.828283e-02 7.681818e-02 3.042424e+00 -1.090909e-02 
3.280303e-01 4.618182e-02 6.930303e-01 1.774074e-09 9.886364e-01 -1.048485e+00 -8.207071e-01 9.924242e-02 2.321212e+00 1.232323e-02 
2.625758e-01 4.777778e-02 7.256902e-01 2.167340e-09 9.773569e-01 -8.404040e-01 -9.267677e-01 8.590909e-02 3.377104e+00 -1.212121e-03 
3.028788e-01 4.698990e-02 6.751852e-01 2.412458e-09 9.891414e-01 -9.858586e-01 4.924242e-01 1.353030e-01 2.528620e+00 -1.474747e-02 
3.431818e-01 4.945455e-02 6.654209e-01 1.701347e-09 9.645623e-01 -1.193939e+00 -1.792929e-01 9.621212e-02 2.896296e+00 1.656566e-02 
2.604545e-01 4.709091e-02 7.192929e-01 1.871044e-09 9.817340e-01 -1.030303e+00 2.904040e-01 9.500000e-02 3.659933e+00 -1.191919e-02 
3.068182e-01 4.634343e-02 6.580135e-01 2.345118e-09 9.578283e-01 -8.525253e-01 -1.439394e-01 1.474242e-01 2.434343e+00 3.030303e-03 
3.377273e-01 4.989899e-02 6.937037e-01 2.043434e-09 9.834175e-01 -1.228283e+00 -8.762626e-01 6.742424e-02 2.835017e+00 1.676768e-02 
2.816667e-01 4.911111e-02 6.923569e-01 2.328956e-09 9.776936e-01 -1.090909e+00 -8.308081e-01 7.560606e-02 2.439057e+00 -2.484848e-02 
2.919697e-01 4.874747e-02 7.213131e-01 1.730976e-09 9.593434e-01 -7.474747e-01 -4.974747e-01 1.107576e-01 3.494949e+00 1.717172e-02 
3.480303e-01 4.527273e-02 6.721549e-01 2.097306e-09 9.881313e-01 -1.163636e+00 3.762626e-01 1.283333e-01 2.981145e+00 9.494949e-03 
2.728788e-01 4.830303e-02 7.357912e-01 1.806397e-09 9.714646e-01 -1.139394e+00 2.196970e-01 1.383333e-01 2.736027e+00 -5.050505e-03 
3.125758e-01 5.082828e-02 6.536364e-01 2.100000e-09 9.989057e-01 -7.070707e-01 -2.904040e-01 1.050000e-01 3.155556e+00 -1.050505e-02 
3.228788e-01 4.587879e-02 6.842761e-01 2.380135e-09 9.529461e-01 -1.002020e+00 -8.257576e-01 7.712121e-02 3.249832e+00 1.111111e-02 
2.810606e-01 5.030303e-02 6.822559e-01 1.968013e-09 9.507576e-01 -1.036364e+00 3.055556e-01 1.225758e-01 2.457912e+00 1.212121e-03 
3.025758e-01 4.658586e-02 6.526263e-01 1.908754e-09 9.984007e-01 -8.707071e-01 -3.207071e-01 1.177273e-01 3.579798e+00 -2.040404e-02 
3.474242e-01 4.737374e-02 7.240067e-01 2.431313e-09 9.808923e-01 -1.131313e+00 -5.479798e-01 8.287879e-02 3.028283e+00 2.585859e-02 
2.825758e-01 4.890909e-02 7.206397e-01 2.291246e-09 9.953704e-01 -9.595960e-01 3.510101e-01 1.492424e-01 3.131987e+00 2.828283e-03 
3.034848e-01 4.565657e-02 6.532997e-01 1.873737e-09 9.770202e-01 -8.969697e-01 -1.237374e-01 6.954545e-02 2.349495e+00 1.595960e-02 
3.440909e-01 4.973737e-02 6.795623e-01 2.005724e-09 9.524411e-01 -1.149495e+00 -5.378788e-01 1.071212e-01 3.532660e+00 -2.222222e-02 
2.704545e-01 4.917172e-02 6.866330e-01 1.986869e-09 9.531145e-01 -8.989899e-01 -7.045455e-01 1.489394e-01 3.089562e+00 -1.575758e-02 
3.071212e-01 4.674747e-02 6.452189e-01 2.275084e-09 9.975589e-01 -1.159596e+00 2.045455e-01 1.004545e-01 3.542088e+00 -8.080808e-04 
3.316667e-01 4.840404e-02 7.364646e-01 1.887205e-09 9.763468e-01 -9.838384e-01 -1.742424e-01 7.409091e-02 2.406061e+00 2.101010e-02 
2.780303e-01 5.090909e-02 6.785522e-01 2.024579e-09 9.950337e-01 -1.012121e+00 -5.782828e-01 1.456061e-01 2.566330e+00 -2.424242e-03 
3.198485e-01 4.646465e-02 7.273737e-01 1.919529e-09 9.536195e-01 -1.157576e+00 3.560606e-01 1.150000e-01 3.174411e+00 -1.818182e-02 
3.231818e-01 4.757576e-02 6.448822e-01 2.337037e-09 9.760101e-01 -7.717172e-01 -1.287879e-01 6.378788e-02 3.320539e+00 1.575758e-02 
2.607576e-01 4.793939e-02 6.583502e-01 1.943771e-09 9.864478e-01 -9.898990e-01 2.853535e-01 9.378788e-02 3.410101e+00 2.161616e-02 
3.046970e-01 4.513131e-02 7.307407e-01 2.326263e-09 9.665825e-01 -8.222222e-01 -7.752525e-01 1.428788e-01 3.009428e+00 6.060606e-04 
3.416667e-01 5.020202e-02 6.741751e-01 2.186195e-09 9.674242e-01 -1.210101e+00 -4.570707e-01 7.651515e-02 2.622896e+00 -2.101010e-02 
2.665152e-01 4.791919e-02 6.718182e-01 2.361279e-09 9.896465e-01 -7.333333e-01 -2.196970e-01 8.015152e-02 3.560943e+00 -3.838384e-03 
3.131818e-01 4.668687e-02 6.758586e-01 2.032660e-09 9.541246e-01 -1.155556e+00 4.267677e-01 1.350000e-01 2.910438e+00 2.626263e-02 
3.304545e-01 4.923232e-02 7.300673e-01 1.717508e-09 9.788721e-01 -1.046465e+00 -7.601010e-01 9.227273e-02 2.693603e+00 -2.080808e-02 
2.634848e-01 4.961616e-02 6.997643e-01 2.261616e-09 9.963805e-01 -1.181818e+00 -3.510101e-01 1.259091e-01 3.212121e+00 2.606061e-02 
2.950000e-01 4.692929e-02 7.324242e-01 2.140404e-09 9.517677e-01 -8.929293e-01 3.787879e-02 8.166667e-02 2.340067e+00 -7.070707e-03 
3.489394e-01 4.753535e-02 6.428620e-01 1.836027e-09 9.766835e-01 -1.032323e+00 -8.358586e-01 1.043939e-01 3.259259e+00 -1.616162e-02 
2.883333e-01 5.092929e-02 7.034680e-01 2.105387e-09 9.916667e-01 -7.979798e-01 -7.651515e-01 7.196970e-02 2.637037e+00 4.040404e-04 
2.965152e-01 4.769697e-02 6.553199e-01 2.425926e-09 9.617003e-01 -1.004040e+00 6.313131e-02 1.453030e-01 3.150842e+00 -2.989899e-02 
3.331818e-01 4.640404e-02 7.159259e-01 1.889899e-09 9.670875e-01 -1.171717e+00 -1.767677e-02 9.651515e-02 3.612795e+00 2.808081e-02 
2.722727e-01 5.050505e-02 7.165993e-01 1.720202e-09 9.733165e-01 -1.082828e+00 1.186869e-01 1.059091e-01 3.433670e+00 1.474747e-02 
2.937879e-01 4.616162e-02 6.772054e-01 2.420539e-09 9.936869e-01 -1.151515e+00 -4.292929e-02 6.681818e-02 2.561616e+00 -1.434343e-02 
3.471212e-01 4.886869e-02 6.714815e-01 2.229293e-09 9.504209e-01 -8.161616e-01 -7.803030e-01 1.331818e-01 2.967003e+00 -7.474747e-03 
2.707576e-01 4.581818e-02 6.431987e-01 1.949158e-09 9.736532e-01 -1.074747e+00 4.065657e-01 1.240909e-01 2.670034e+00 5.252525e-03 
3.019697e-01 4.896970e-02 7.189562e-01 2.237374e-09 9.590067e-01 -7.010101e-01 -6.742424e-01 6.409091e-02 3.061279e+00 1.797980e-02 
3.465152e-01 4.965657e-02 7.064983e-01 2.135017e-09 9.972222e-01 -1.175758e+00 -4.267677e-01 1.189394e-01 3.282828e+00 -2.707071e-02 
2.795455e-01 5.072727e-02 7.330976e-01 2.075758e-09 9.765152e-01 -1.137374e+00 -7.449495e-01 1.325758e-01 3.056566e+00 -1.393939e-02 
3.001515e-01 4.511111e-02 6.862963e-01 1.776768e-09 9.879630e-01 -8.262626e-01 1.641414e-01 1.062121e-01 3.518519e+00 1.555556e-02 
3.295455e-01 4.832323e-02 6.445455e-01 2.318182e-09 9.553030e-01 -9.717172e-01 -2.651515e-01 7.075758e-02 2.443771e+00 7.070707e-03 
2.628788e-01 5.016162e-02 6.728283e-01 2.312795e-09 9.723064e-01 -1.204040e+00 -9.469697e-01 1.146970e-01 2.891582e+00 4.242424e-03 
3.183333e-01 4.818182e-02 7.071717e-01 1.825253e-09 9.606902e-01 -8.080808e-01 -3.282828e-02 1.340909e-01 3.608081e+00 -2.424242e-02 
3.486364e-01 4.680808e-02 6.798990e-01 2.223906e-09 9.960438e-01 -9.454545e-01 3.282828e-02 7.106061e-02 2.575758e+00 1.515152e-02 
2.843939e-01 4.682828e-02 6.980808e-01 2.245455e-09 9.995791e-01 -9.191919e-01 -8.611111e-01 1.374242e-01 3.598653e+00 -4.040404e-04 
2.913636e-01 4.703030e-02 7.078451e-01 1.833333e-09 9.726431e-01 -1.179798e+00 7.828283e-02 8.439394e-02 2.391919e+00 -2.909091e-02 
3.289394e-01 5.098990e-02 6.701347e-01 2.094613e-09 9.581650e-01 -7.414141e-01 -2.550505e-01 9.075758e-02 2.886869e+00 2.484848e-02 
2.677273e-01 5.032323e-02 7.001010e-01 2.264310e-09 9.549663e-01 -8.828283e-01 -9.848485e-02 8.045455e-02 3.523232e+00 3.838384e-03 
3.107576e-01 4.571717e-02 7.310774e-01 2.213131e-09 9.781987e-01 -1.248485e+00 3.459596e-01 1.337879e-01 2.571044e+00 -1.070707e-02 
3.398485e-01 4.759596e-02 6.469024e-01 1.830640e-09 9.980640e-01 -9.171717e-01 -5.126263e-01 1.010606e-01 3.103704e+00 2.181818e-02 
2.819697e-01 5.036364e-02 7.058249e-01 2.498653e-09 9.751684e-01 -8.121212e-01 1.439394e-01 9.742424e-02 2.905724e+00 -2.060606e-02 
2.980303e-01 4.701010e-02 6.603704e-01 1.757912e-09 9.869529e-01 -1.206061e+00 -5.025253e-01 6.287879e-02 3.353535e+00 -9.494949e-03 
3.374242e-01 4.642424e-02 7.216498e-01 2.013805e-09 9.660774e-01 -9.959596e-01 -3.055556e-01 1.443939e-01 2.589899e+00 2.343434e-02 
2.680303e-01 4.577778e-02 6.522896e-01 2.353199e-09 9.744949e-01 -7.575758e-01 -6.136364e-01 1.074242e-01 2.971717e+00 -1.696970e-02 
3.171212e-01 4.892929e-02 7.337710e-01 1.962626e-09 9.978956e-01 -1.070707e+00 -2.500000e-01 1.434848e-01 2.505051e+00 1.191919e-02 
3.298485e-01 4.955556e-02 6.893266e-01 2.008418e-09 9.564815e-01 -1.125253e+00 1.287879e-01 6.075758e-02 3.589226e+00 3.636364e-03 
2.622727e-01 4.921212e-02 6.620539e-01 1.951852e-09 9.994108e-01 -9.575758e-01 -8.156566e-01 9.530303e-02 3.287542e+00 -3.434343e-03 
3.177273e-01 4.662626e-02 6.765320e-01 1.992256e-09 9.547980e-01 -1.270707e+00 7.575758e-03 6.530303e-02 2.712458e+00 2.262626e-02 
3.350000e-01 4.771717e-02 7.287205e-01 2.280471e-09 9.739899e-01 -8.181818e-01 -7.575758e-03 1.498485e-01 2.816162e+00 -1.454545e-02 
2.650000e-01 4.579798e-02 6.539731e-01 2.191582e-09 9.882997e-01 -1.040404e+00 -6.641414e-01 1.292424e-01 2.500337e+00 1.030303e-02 
2.962121e-01 4.854545e-02 7.361279e-01 1.790236e-09 9.601852e-01 -1.244444e+00 -4.166667e-01 8.954545e-02 3.499663e+00 -1.353535e-02 
3.443939e-01 4.991919e-02 6.903367e-01 2.302020e-09 9.802189e-01 -7.090909e-01 4.419192e-01 9.166667e-02 2.769024e+00 6.262626e-03 
2.889394e-01 4.903030e-02 6.502694e-01 2.215825e-09 9.561448e-01 -1.202020e+00 -3.813131e-01 1.168182e-01 2.387205e+00 2.363636e-02 
3.165152e-01 4.644444e-02 7.384848e-01 1.849495e-09 9.856061e-01 -1.072727e+00 2.601010e-01 1.410606e-01 3.372391e+00 7.878788e-03 
3.219697e-01 4.838384e-02 6.974074e-01 2.372054e-09 9.819024e-01 -7.494949e-01 -5.176768e-01 6.045455e-02 2.957576e+00 -2.525253e-02 
2.895455e-01 4.979798e-02 6.442088e-01 2.355892e-09 9.596801e-01 -9.070707e-01 4.873737e-01 8.409091e-02 2.985859e+00 -2.020202e-04 
2.931818e-01 4.810101e-02 6.876431e-01 1.779461e-09 9.680976e-01 -1.183838e+00 -9.116162e-01 1.322727e-01 3.650505e+00 1.252525e-02 
3.319697e-01 4.632323e-02 7.250168e-01 2.027273e-09 9.861111e-01 -7.696970e-01 -4.217172e-01 1.013636e-01 2.344781e+00 -2.020202e-02 
2.613636e-01 4.729293e-02 7.075084e-01 2.089226e-09 9.800505e-01 -1.109091e+00 2.803030e-01 1.162121e-01 2.481481e+00 2.848485e-02 
3.037879e-01 5.034343e-02 6.933670e-01 2.469024e-09 9.583333e-01 -1.076768e+00 -7.146465e-01 1.228788e-01 3.466667e+00 -1.797980e-02 
3.407576e-01 4.545455e-02 6.684512e-01 1.865657e-09 9.877946e-01 -7.555556e-01 -3.358586e-01 7.227273e-02 3.084848e+00 -9.696970e-03 
2.695455e-01 5.038384e-02 6.600337e-01 1.973401e-09 9.847643e-01 -9.373737e-01 2.297980e-01 1.007576e-01 3.405387e+00 -2.343434e-02 
2.910606e-01 4.535354e-02 6.829293e-01 2.401684e-09 9.687710e-01 -7.818182e-01 -3.914141e-01 8.136364e-02 2.448485e+00 1.616162e-02 
3.498485e-01 4.717172e-02 7.122222e-01 1.771380e-09 9.657407e-01 -1.268687e+00 -5.580808e-01 1.298485e-01 3.183838e+00 -2.626263e-03 
2.637879e-01 4.915152e-02 7.061616e-01 1.914141e-09 9.635522e-01 -8.040404e-01 4.722222e-01 7.287879e-02 2.877441e+00 9.292929e-03 
2.986364e-01 4.672727e-02 6.475758e-01 2.016498e-09 9.857744e-01 -1.008081e+00 -6.489899e-01 1.446970e-01 3.311111e+00 2.828283e-02 
3.365152e-01 4.755556e-02 7.219865e-01 2.495960e-09 9.813973e-01 -1.143434e+00 -1.893939e-01 1.046970e-01 2.613468e+00 -2.626263e-02 
2.643939e-01 4.959596e-02 6.516162e-01 1.978788e-09 9.704545e-01 -8.383838e-01 -4.772727e-01 7.348485e-02 2.759596e+00 1.757576e-02 
3.089394e-01 4.743434e-02 7.229966e-01 2.444781e-09 9.839226e-01 -1.214141e+00 -7.500000e-01 1.080303e-01 3.674074e+00 4.646465e-03 
3.462121e-01 4.678788e-02 6.748485e-01 1.827946e-09 9.595118e-01 -9.979798e-01 1.237374e-01 1.483333e-01 2.820875e+00 -1.272727e-02 
2.701515e-01 4.606061e-02 7.260269e-01 1.900673e-09 9.638889e-01 -1.286869e+00 -3.005051e-01 1.086364e-01 3.098990e+00 1.939394e-02 
3.150000e-01 4.812121e-02 6.593603e-01 2.382828e-09 9.718013e-01 -7.191919e-01 -6.691919e-01 1.362121e-01 3.641077e+00 3.232323e-03 
3.283333e-01 4.981818e-02 6.984175e-01 2.156566e-09 9.867845e-01 -9.535354e-01 4.166667e-01 8.681818e-02 2.429630e+00 -2.848485e-02 
2.871212e-01 5.046465e-02 6.697980e-01 2.091919e-09 9.958754e-01 -1.232323e+00 -9.343434e-02 9.257576e-02 2.599327e+00 -2.363636e-02 
3.143939e-01 4.751515e-02 7.139057e-01 2.415152e-09 9.537879e-01 -9.757576e-01 3.005051e-01 7.015152e-02 2.995286e+00 2.303030e-02 
3.334848e-01 4.656566e-02 6.970707e-01 1.752525e-09 9.830808e-01 -8.101010e-01 -6.792929e-01 1.398485e-01 3.334680e+00 4.848485e-03 
2.713636e-01 4.654545e-02 7.341077e-01 1.984175e-09 9.734848e-01 -9.494949e-01 -7.550505e-01 1.213636e-01 2.594613e+00 -2.585859e-02 
3.116667e-01 4.909091e-02 6.745118e-01 1.749832e-09 9.637205e-01 -8.343434e-01 4.015152e-01 1.195455e-01 3.339394e+00 2.323232e-02 
3.392424e-01 4.824242e-02 6.667677e-01 2.479798e-09 9.903199e-01 -1.246465e+00 -4.116162e-01 7.500000e-02 3.207407e+00 -4.848485e-03 
2.631818e-01 4.573737e-02 6.953872e-01 1.903367e-09 9.904882e-01 -8.808081e-01 1.136364e-01 9.863636e-02 2.368350e+00 -6.868687e-03 
3.062121e-01 5.054545e-02 6.408418e-01 2.258923e-09 9.664141e-01 -9.313131e-01 -6.818182e-02 1.377273e-01 3.136700e+00 2.747475e-02 
3.368182e-01 4.773737e-02 7.280471e-01 2.231987e-09 9.702862e-01 -1.101010e+00 -5.833333e-01 7.530303e-02 3.490236e+00 -2.767677e-02 
2.886364e-01 5.080808e-02 6.543098e-01 2.059596e-09 9.807239e-01 -1.226263e+00 3.964646e-01 1.343939e-01 2.948148e+00 6.060606e-03 
2.916667e-01 4.747475e-02 7.226599e-01 2.482492e-09 9.943603e-01 -8.303030e-01 -7.853535e-01 1.019697e-01 2.646465e+00 1.151515e-02 
3.216667e-01 4.684848e-02 6.940404e-01 1.725589e-09 9.573232e-01 -9.252525e-01 -4.318182e-01 6.833333e-02 3.296970e+00 -2.303030e-02 
2.874242e-01 4.806061e-02 6.556566e-01 1.924916e-09 9.699495e-01 -7.797980e-01 -2.272727e-02 1.271212e-01 2.316498e+00 2.787879e-02 
2.959091e-01 5.008081e-02 6.782155e-01 2.256229e-09 9.579966e-01 -1.262626e+00 2.752525e-01 1.092424e-01 3.461953e+00 -2.404040e-02 
3.246970e-01 4.521212e-02 7.223232e-01 2.118855e-09 9.928451e-01 -9.414141e-01 -9.772727e-01 8.348485e-02 3.216835e+00 -8.686869e-03 
2.619697e-01 4.937374e-02 6.731650e-01 2.253535e-09 9.795455e-01 -1.284848e+00 -1.590909e-01 8.742424e-02 3.683502e+00 8.080808e-04 
2.928788e-01 4.872727e-02 7.125589e-01 1.957239e-09 9.521044e-01 -8.484848e-01 -6.186869e-01 1.095455e-01 2.354209e+00 2.282828e-02 
3.495455e-01 4.676768e-02 6.856229e-01 2.003030e-09 9.933502e-01 -9.090909e-01 8.333333e-02 1.295455e-01 3.037710e+00 -2.828283e-02 
2.840909e-01 4.745455e-02 7.391582e-01 2.423232e-09 9.640572e-01 -1.147475e+00 -9.621212e-01 9.681818e-02 2.830303e+00 -3.636364e-03 
2.971212e-01 4.650505e-02 6.415152e-01 1.809091e-09 9.716330e-01 -7.616162e-01 -1.186869e-01 1.210606e-01 2.641751e+00 -2.121212e-02 
3.459091e-01 4.985859e-02 6.957239e-01 2.064983e-09 9.845960e-01 -9.111111e-01 2.095960e-01 8.257576e-02 3.546801e+00 2.868687e-02 
2.877273e-01 4.505051e-02 7.118855e-01 2.205051e-09 9.611953e-01 -8.565657e-01 -4.368687e-01 7.863636e-02 3.117845e+00 -2.727273e-02 
3.186364e-01 4.789899e-02 7.051515e-01 2.283165e-09 9.901515e-01 -1.294949e+00 4.217172e-01 9.318182e-02 2.556902e+00 1.818182e-02 
3.265152e-01 5.074747e-02 6.590236e-01 1.884512e-09 9.820707e-01 -9.292929e-01 -5.934343e-01 1.431818e-01 3.400673e+00 2.020202e-04 
2.640909e-01 4.610101e-02 7.081818e-01 1.941077e-09 9.692761e-01 -8.000000e-01 -2.954545e-01 1.462121e-01 2.915152e+00 1.959596e-02 
3.065152e-01 4.997980e-02 6.906734e-01 2.148485e-09 9.625421e-01 -1.165657e+00 4.469697e-01 6.590909e-02 2.415488e+00 -1.616162e-03 
3.225758e-01 4.749495e-02 6.634007e-01 2.347811e-09 9.852694e-01 -9.434343e-01 -9.166667e-01 9.469697e-02 3.645791e+00 -2.565657e-02 
2.662121e-01 4.761616e-02 6.647475e-01 2.315488e-09 9.908249e-01 -1.086869e+00 -5.732323e-01 6.469697e-02 2.740741e+00 2.000000e-02 
3.122727e-01 4.652525e-02 6.815825e-01 2.126936e-09 9.515993e-01 -7.515152e-01 4.368687e-01 1.113636e-01 2.825589e+00 -2.444444e-02 
3.346970e-01 5.052525e-02 7.314141e-01 1.959933e-09 9.787037e-01 -1.169697e+00 -2.045455e-01 1.250000e-01 3.655219e+00 7.272727e-03 
2.719697e-01 4.797980e-02 7.267003e-01 1.868350e-09 9.923401e-01 -1.173737e+00 -8.510101e-01 7.469697e-02 2.882155e+00 -3.030303e-03 
3.098485e-01 4.686869e-02 7.048148e-01 2.250842e-09 9.647306e-01 -7.030303e-01 9.343434e-02 1.128788e-01 3.622222e+00 2.525253e-02 
3.268182e-01 4.939394e-02 6.405051e-01 2.175421e-09 9.711279e-01 -9.919192e-01 -1.035354e-01 1.304545e-01 2.363636e+00 -2.141414e-02 
2.774242e-01 5.000000e-02 7.347811e-01 1.989562e-09 9.935185e-01 -1.054545e+00 1.843434e-01 8.318182e-02 2.547475e+00 0.000000e+00 
2.907576e-01 4.731313e-02 6.512795e-01 1.892593e-09 9.608586e-01 -1.153535e+00 -3.712121e-01 1.268182e-01 3.575084e+00 -2.545455e-02 
3.404545e-01 4.664646e-02 6.846128e-01 2.439394e-09 9.719697e-01 -7.595960e-01 -6.994949e-01 1.156061e-01 2.863300e+00 2.404040e-02 
2.659091e-01 4.949495e-02 7.172727e-01 1.946465e-09 9.761785e-01 -8.909091e-01 -2.146465e-01 6.227273e-02 3.051852e+00 -2.747475e-02 
3.174242e-01 4.844444e-02 6.586869e-01 2.288552e-09 9.591751e-01 -1.191919e+00 2.146465e-01 1.134848e-01 3.688215e+00 1.777778e-02 
3.307576e-01 4.696970e-02 6.950505e-01 2.194276e-09 9.962121e-01 -9.232323e-01 -9.722222e-01 1.419697e-01 2.618182e+00 -1.414141e-03 
