# mean(lg_P) also median/mode
3.515297 3.489635 3.455802 3.417660 3.376777 3.322786 3.280847 3.237835 3.195505 3.163696 3.132761 3.097816 3.051733 3.002518 2.931676 2.857338 2.779473 2.726478 2.687091 2.631058 2.555929 2.474196 2.408145 2.352484 2.280489 2.201070 2.134866 2.059415 1.989224 1.917651 1.843050 1.771856 1.700253 1.624186 1.552901 1.481896 1.410906 1.340698 1.271403 1.202498 1.134668 1.068524 1.002956 0.938771 0.876218 0.814938 0.755216 0.696760 0.639615 0.584202 0.529409 0.474844 0.422389 0.369818 0.318321 0.266432 0.214640 0.161891 0.108166 0.053091 -0.003358 -0.061668 -0.121657 -0.183148
3.564982 3.534811 3.495888 3.452214 3.406633 3.348066 3.304346 3.261140 3.220052 3.190377 3.160882 3.124930 3.072957 3.014727 2.934132 2.855774 2.782919 2.739898 2.701574 2.633715 2.546658 2.469622 2.414180 2.351277 2.267737 2.197553 2.130124 2.048792 1.981994 1.906847 1.832774 1.759900 1.687626 1.610710 1.538710 1.466814 1.394732 1.323927 1.253842 1.183771 1.115176 1.048080 0.981572 0.916620 0.853101 0.790942 0.730111 0.670929 0.612671 0.556497 0.500567 0.445580 0.392040 0.338684 0.286409 0.233949 0.181423 0.128263 0.074304 0.018890 -0.037977 -0.096309 -0.156370 -0.217843
3.554319 3.525183 3.487447 3.445046 3.400519 3.342959 3.299580 3.256332 3.214868 3.184662 3.154870 3.119238 3.068820 3.012787 2.934362 2.856630 2.782251 2.736913 2.698901 2.634165 2.549500 2.470597 2.412947 2.352595 2.271372 2.198330 2.131998 2.051539 1.984006 1.909893 1.835496 1.763061 1.691016 1.614197 1.542457 1.470736 1.398816 1.328261 1.258345 1.188555 1.120181 1.053372 0.987037 0.922219 0.858987 0.797042 0.736496 0.677518 0.619454 0.563421 0.507820 0.452944 0.399614 0.346478 0.294469 0.242179 0.189796 0.136823 0.082873 0.027517 -0.029008 -0.087299 -0.147238 -0.208744
3.543716 3.515578 3.478993 3.437804 3.394291 3.337730 3.294690 3.251425 3.209710 3.178998 3.148887 3.113565 3.064473 3.010442 2.934185 2.857218 2.781580 2.734020 2.695969 2.634014 2.551844 2.471621 2.411724 2.353306 2.274362 2.199078 2.133341 2.054032 1.985778 1.912474 1.837892 1.765899 1.694054 1.617346 1.545787 1.474252 1.402590 1.332160 1.262410 1.192868 1.124666 1.058077 0.991959 0.927393 0.864335 0.802535 0.742258 0.683461 0.625659 0.569838 0.514438 0.459642 0.406632 0.353595 0.301677 0.249561 0.197347 0.144520 0.090665 0.035342 -0.021082 -0.079337 -0.139496 -0.200765
3.533211 3.506014 3.470482 3.430458 3.387932 3.332311 3.289690 3.246482 3.204461 3.173338 3.142932 3.107784 3.059925 3.007819 2.933631 2.857517 2.780838 2.731167 2.692755 2.633331 2.553707 2.472605 2.410413 2.353436 2.276747 2.199798 2.134254 2.056260 1.987232 1.914687 1.840036 1.768396 1.696650 1.620160 1.548708 1.477381 1.405956 1.335683 1.266079 1.196783 1.128729 1.062273 0.996379 0.932023 0.869115 0.807530 0.747425 0.688820 0.631277 0.575615 0.520489 0.465781 0.412816 0.360080 0.308416 0.256315 0.204226 0.151561 0.097680 0.042478 -0.013948 -0.072081 -0.132132 -0.193492
3.522743 3.496487 3.461935 3.422997 3.381483 3.326798 3.284583 3.241439 3.199251 3.167722 3.137016 3.101916 3.055237 3.004856 2.932573 2.857511 2.780088 2.728413 2.689524 2.632193 2.555166 2.473569 2.409091 2.353024 2.279376 2.200531 2.134708 2.058157 1.988431 1.916531 1.841876 1.770505 1.698879 1.622647 1.551270 1.480140 1.408994 1.338718 1.269326 1.200281 1.132324 1.066091 1.000378 0.936080 0.873422 0.812009 0.752187 0.693607 0.636330 0.580842 0.525937 0.471265 0.418559 0.366024 0.314317 0.262392 0.210500 0.157827 0.103969 0.048931 -0.007698 -0.065547 -0.125579 -0.187214
3.512339 3.486907 3.453375 3.415514 3.374879 3.321132 3.279312 3.236332 3.194014 3.162090 3.131088 3.096111 3.050375 3.001583 2.931238 2.857213 2.779226 2.725751 2.686101 2.630580 2.556149 2.474443 2.407785 2.352195 2.281018 2.201264 2.134901 2.059843 1.989458 1.918020 1.843489 1.772319 1.700793 1.624786 1.553522 1.482530 1.411637 1.341458 1.272163 1.203319 1.135567 1.069449 1.003912 0.939787 0.877266 0.815989 0.756361 0.697983 0.640921 0.585421 0.530762 0.476248 0.423701 0.371334 0.319825 0.267760 0.216008 0.163475 0.109665 0.054586 -0.001959 -0.059907 -0.120143 -0.181872
3.501977 3.477394 3.444777 3.407938 3.368205 3.315375 3.274021 3.231197 3.188737 3.156491 3.125179 3.090197 3.045360 2.998053 2.929554 2.856685 2.778346 2.723130 2.682630 2.628620 2.556763 2.475202 2.406443 2.351057 2.282676 2.201942 2.134751 2.061176 1.990294 1.919194 1.844789 1.773869 1.702402 1.626609 1.555405 1.484620 1.413908 1.343875 1.274656 1.206079 1.138373 1.072450 1.007118 0.943057 0.880721 0.819582 0.760113 0.701897 0.644914 0.589602 0.535199 0.480825 0.428356 0.376125 0.324695 0.272803 0.221152 0.168479 0.114789 0.059740 0.003324 -0.055004 -0.115130 -0.176594
3.491669 3.467890 3.436204 3.400319 3.361478 3.309553 3.268617 3.225993 3.183468 3.150916 3.119297 3.084300 3.040252 2.994230 2.927615 2.855900 2.777361 2.720501 2.679051 2.626366 2.556984 2.475898 2.405141 2.349548 2.283690 2.202474 2.134379 2.062226 1.990957 1.920051 1.845931 1.775091 1.703800 1.628164 1.557079 1.486414 1.415913 1.345917 1.276890 1.208445 1.140853 1.075011 1.009873 0.945913 0.883752 0.822756 0.763497 0.705317 0.648525 0.593372 0.539033 0.484888 0.432500 0.380411 0.329017 0.277265 0.225663 0.173119 0.119383 0.064463 0.007829 -0.050659 -0.110614 -0.172351
3.481403 3.458405 3.427602 3.392649 3.354642 3.303636 3.263156 3.220770 3.178220 3.145337 3.113407 3.078374 3.035015 2.990309 2.925375 2.854871 2.776291 2.717949 2.675492 2.623814 2.556855 2.476475 2.403842 2.347874 2.284648 2.202909 2.133830 2.062965 1.991477 1.920616 1.846856 1.776080 1.704994 1.629409 1.558478 1.487918 1.417622 1.347719 1.278772 1.210521 1.143006 1.077265 1.012358 0.948490 0.886518 0.825650 0.766384 0.708358 0.651750 0.596643 0.542602 0.488656 0.436319 0.384369 0.332898 0.281229 0.229749 0.177125 0.123465 0.068566 0.011822 -0.046402 -0.106535 -0.168102
