# mode(P)
1884.424284 1772.982043 1640.495579 1502.785619 1366.802754 1212.749192 1098.744022 994.648415 903.066570 837.938146 779.727569 720.084675 649.793109 578.021571 491.462122 412.765886 345.342852 305.164290 278.469751 245.332645 205.417438 169.002174 145.035145 127.726272 107.250495 88.845972 76.186031 63.590313 53.671846 45.201288 37.740328 31.701757 26.597401 22.091679 18.514321 15.510807 12.957506 10.841903 9.082557 7.603694 6.378323 5.358781 4.505651 3.795018 3.205725 2.711379 2.299392 1.955596 1.664118 1.422651 1.218616 1.048087 0.903514 0.780325 0.676748 0.588603 0.513430 0.447816 0.392941 0.344178 0.302190 0.265442 0.233584 0.205561
2119.480782 1973.500070 1804.456721 1632.145142 1468.183764 1289.631876 1163.271707 1052.400528 958.226457 893.502525 834.457616 768.573799 684.046821 596.020788 495.189481 411.920678 348.778853 315.434016 288.728356 247.239802 201.115578 167.342815 147.456018 127.508744 104.163972 88.257618 75.455988 61.991412 52.845535 44.047738 36.856255 30.821139 25.823812 21.404801 17.895238 14.964918 12.474090 10.422688 8.716326 7.276848 6.092123 5.108615 4.285731 3.602469 3.034429 2.561575 2.168009 1.837673 1.560892 1.331314 1.137290 0.975215 0.838844 0.722381 0.624817 0.541978 0.471398 0.410529 0.358971 0.313601 0.274675 0.240870 0.211509 0.186430
2066.651375 1928.984634 1768.518215 1604.381356 1446.757468 1273.642392 1149.820737 1040.154023 946.238610 881.300891 822.415045 758.089667 677.029336 592.964671 495.274190 412.587318 348.081801 313.104342 286.775092 247.402531 202.431087 167.683731 146.942475 127.876006 105.023781 88.363311 75.770547 62.392268 53.072895 44.363713 37.090672 31.050563 26.027008 21.578040 18.053385 15.103531 12.594461 10.527367 8.807469 7.357769 6.162847 5.170653 4.339772 3.649389 3.076431 2.598283 2.200010 1.866645 1.585728 1.353193 1.156955 0.992861 0.854342 0.736147 0.637181 0.553073 0.481383 0.419419 0.367064 0.320864 0.281350 0.246710 0.216783 0.190985
2015.408663 1885.443474 1733.185418 1576.655647 1425.261251 1257.490309 1136.174536 1027.834598 934.459782 869.276443 810.566529 747.740367 669.946009 589.582852 494.829142 413.006756 347.396115 310.866544 284.645973 247.237398 203.520526 168.033854 146.436395 128.059703 105.718602 88.478502 75.982187 62.770927 53.272579 44.641757 37.298849 31.253657 26.207942 21.738729 18.198026 15.228382 12.704122 10.625006 8.892220 7.432672 6.228014 5.227700 4.390216 3.693560 3.115573 2.632047 2.229930 1.893184 1.609083 1.373673 1.175183 1.009176 0.868839 0.749201 0.648745 0.563625 0.490744 0.427752 0.374673 0.327657 0.287498 0.252267 0.221799 0.195341
1965.848821 1843.048291 1698.501201 1549.268585 1403.790732 1241.065528 1122.522658 1015.658067 922.720630 857.591823 799.033901 737.538899 662.620317 585.645520 493.979649 413.148559 346.650560 308.686188 282.433676 246.769884 204.387207 168.395057 145.919262 128.058300 106.364213 88.603808 76.120410 63.097657 53.444516 44.877498 37.479446 31.440341 26.367437 21.882017 18.326484 15.343198 12.805542 10.711900 8.967927 7.500961 6.288169 5.279714 4.436204 3.733606 3.151370 2.663586 2.257363 1.917755 1.630691 1.393119 1.192328 1.024441 0.882498 0.761340 0.659608 0.573232 0.499607 0.435616 0.381765 0.334124 0.293090 0.257428 0.226400 0.199305
1917.780084 1801.760204 1664.432081 1522.023710 1382.142970 1224.535893 1108.683252 1003.320716 911.176477 846.078821 787.685295 727.260244 655.166903 581.298326 492.686067 413.029500 345.915758 306.602448 280.134665 246.010572 205.056638 168.757129 145.398639 127.912564 106.936909 88.742256 76.179749 63.402573 53.588505 45.079583 37.641318 31.600136 26.508661 22.010564 18.440240 15.444757 12.898209 10.790997 9.037713 7.563160 6.342672 5.327886 4.478313 3.770499 3.184162 2.692360 2.282818 1.940522 1.650629 1.410807 1.208098 1.038628 0.894883 0.772797 0.669849 0.582519 0.507739 0.442890 0.388458 0.340214 0.298480 0.262208 0.230877 0.203153
1871.273035 1761.685157 1631.089409 1495.190198 1360.696093 1208.014635 1094.764771 991.079674 899.791062 834.777656 776.555384 717.186808 647.586870 576.656289 490.881507 412.633281 345.135379 304.588451 277.825105 245.033125 205.516359 169.089597 144.888523 127.640236 107.421444 88.890195 76.184159 63.664567 53.709383 45.242134 37.781308 31.739568 26.626561 22.123531 18.541853 15.535562 12.980195 10.861911 9.099880 7.619358 6.392220 5.370530 4.516618 3.804125 3.214024 2.718455 2.305865 1.961515 1.669309 1.427059 1.222912 1.051825 0.906460 0.783281 0.679343 0.590948 0.515456 0.449717 0.394657 0.345734 0.303478 0.266693 0.234744 0.206617
1825.992842 1722.386779 1598.265336 1468.525089 1339.203338 1191.402665 1080.885876 978.953167 888.507138 823.625699 765.650685 707.220916 639.841852 571.707323 488.815746 411.998068 344.298697 302.647307 275.424856 243.838409 205.776154 169.388360 144.398073 127.256003 107.769913 89.021066 76.132788 63.877983 53.809274 45.372323 37.899856 31.859522 26.731567 22.221810 18.631131 15.616364 13.052431 10.926458 9.155714 7.669963 6.436778 5.410170 4.551409 3.835026 3.241423 2.742592 2.327233 1.980905 1.686027 1.442062 1.236163 1.063913 0.917273 0.793067 0.688294 0.598915 0.522532 0.456173 0.400453 0.350979 0.308234 0.270640 0.238505 0.209923
1782.136189 1684.285133 1566.183992 1442.286811 1317.886570 1174.754736 1067.014015 966.757087 877.366757 812.696273 754.940385 697.254619 632.030262 566.496401 486.451459 411.156106 343.402460 300.731273 273.087660 242.473702 205.878727 169.659758 143.913697 126.778498 108.052976 89.150585 76.046122 64.051330 53.894347 45.471336 38.005758 31.954499 26.824913 22.306843 18.709366 15.686866 13.116726 10.982905 9.205216 7.715068 6.476822 5.445389 4.582655 3.862258 3.266069 2.764450 2.346399 1.998245 1.701666 1.456054 1.248583 1.074956 0.927221 0.802100 0.696228 0.606207 0.529095 0.462056 0.405844 0.355794 0.312479 0.274609 0.241892 0.212899
1739.653829 1647.239924 1534.831439 1416.324749 1296.848471 1158.333871 1053.207494 954.767189 866.462511 801.971567 744.392611 687.511798 624.065392 561.078186 483.783070 410.100260 342.465384 298.874558 270.701677 240.960716 205.787659 169.900649 143.450185 126.247784 108.250684 89.241298 75.930558 64.178917 53.962866 45.530062 38.092711 32.032941 26.906014 22.378631 18.778495 15.748732 13.173901 11.032562 9.249448 7.755366 6.511969 5.476413 4.610960 3.887634 3.288786 2.784396 2.363632 2.014195 1.715947 1.468619 1.259968 1.085442 0.936279 0.810637 0.703764 0.613019 0.535162 0.467613 0.410787 0.360313 0.316551 0.278388 0.245233 0.215907
