# mean(lg_P) also median/mode
4.167853 4.144917 4.111278 4.072808 4.033447 3.970250 3.932523 3.890481 3.846873 3.817494 3.787266 3.753041 3.700401 3.656686 3.586251 3.519380 3.442297 3.394233 3.355468 3.295797 3.230754 3.164511 3.104579 3.048171 2.992081 2.929556 2.867670 2.814101 2.754277 2.701501 2.647794 2.596254 2.544100 2.493776 2.444828 2.398023 2.352479 2.308976 2.264877 2.222994 2.181214 2.140860 2.099501 2.057253 2.015173 1.972071 1.927631 1.879550 1.831548 1.780482 1.726329 1.670339 1.611821 1.549822 1.485877 1.419536 1.350361 1.280512 1.208267 1.135133 1.060523 0.984442 0.907861 0.830787
4.201310 4.174090 4.135482 4.091547 4.047552 3.979495 3.940395 3.898314 3.855807 3.828694 3.800069 3.764757 3.706464 3.654697 3.575477 3.505551 3.432929 3.392659 3.354334 3.285947 3.212115 3.148951 3.095489 3.034246 2.970621 2.913006 2.849981 2.794466 2.734037 2.680310 2.625581 2.573135 2.519765 2.468208 2.417804 2.370195 2.323167 2.279676 2.234415 2.192255 2.149794 2.108799 2.067008 2.024400 1.982677 1.939580 1.895154 1.848520 1.800540 1.749706 1.697183 1.641430 1.584222 1.523114 1.459681 1.393832 1.324870 1.254858 1.183329 1.110561 1.036718 0.961018 0.884171 0.806081
4.194315 4.168079 4.130604 4.087949 4.044992 3.978003 3.939143 3.896992 3.854142 3.826480 3.797511 3.762532 3.705724 3.655944 3.578632 3.509169 3.435188 3.393159 3.355123 3.289048 3.216990 3.152663 3.097824 3.038178 2.975848 2.917105 2.854598 2.799314 2.739085 2.685720 2.631109 2.578933 2.525639 2.474576 2.424597 2.377042 2.330457 2.287034 2.241904 2.199940 2.157702 2.116910 2.075145 2.032340 1.990794 1.947636 1.903413 1.856254 1.808180 1.757376 1.704365 1.648788 1.591082 1.529919 1.466427 1.400434 1.331502 1.261356 1.189645 1.117047 1.043066 0.966837 0.890511 0.812466
4.187256 4.161980 4.125590 4.084140 4.042194 3.976240 3.937650 3.895471 3.852355 3.824157 3.794865 3.760175 3.704669 3.656712 3.581322 3.512386 3.437282 3.393565 3.355619 3.291601 3.221359 3.156143 3.099835 3.041529 2.980585 2.920818 2.858691 2.803843 2.743696 2.690616 2.636231 2.584246 2.531256 2.480408 2.430755 2.383487 2.337120 2.293700 2.248970 2.206912 2.165008 2.124057 2.082673 2.039968 1.998089 1.955033 1.910888 1.863736 1.815543 1.764353 1.711373 1.655294 1.597577 1.535906 1.472377 1.406369 1.337590 1.267087 1.195285 1.122728 1.048416 0.972243 0.896015 0.818208
4.180142 4.155753 4.120418 4.080120 4.039157 3.974216 3.935925 3.893791 3.850430 3.821766 3.792144 3.757659 3.703299 3.657032 3.583497 3.515267 3.439271 3.393890 3.355810 3.293591 3.225238 3.159429 3.101762 3.044360 2.985153 2.924317 2.862413 2.807964 2.747900 2.694994 2.640880 2.589100 2.536337 2.485787 2.436423 2.389168 2.343274 2.299888 2.255398 2.213350 2.171435 2.130759 2.089357 2.046857 2.005020 1.961815 1.917709 1.870053 1.821636 1.770909 1.717029 1.661536 1.602999 1.541623 1.477720 1.411780 1.342301 1.272270 1.200569 1.127795 1.053191 0.977099 0.900571 0.823236
4.172985 4.149459 4.115136 4.075908 4.035906 3.971963 3.934005 3.891928 3.848401 3.819308 3.789330 3.754999 3.701707 3.656947 3.585244 3.517806 3.441106 3.394112 3.355683 3.295033 3.228637 3.162464 3.103440 3.046740 2.989425 2.927443 2.865656 2.811663 2.751709 2.698944 2.645060 2.593443 2.540931 2.490666 2.441478 2.394629 2.348754 2.305435 2.260991 2.219204 2.177407 2.136714 2.095530 2.053177 2.011040 1.967814 1.923665 1.875966 1.827729 1.776388 1.722589 1.666677 1.608261 1.546672 1.482526 1.416471 1.347173 1.277184 1.205372 1.132329 1.057506 0.981623 0.904936 0.827778
4.165797 4.143074 4.109712 4.071537 4.032456 3.969509 3.931890 3.889919 3.846241 3.816734 3.786449 3.752230 3.699847 3.656517 3.586552 3.520014 3.442766 3.394260 3.355316 3.296122 3.231562 3.165305 3.104987 3.048667 2.993033 2.930324 2.868513 2.815034 2.755160 2.702454 2.648825 2.597354 2.545168 2.495015 2.446069 2.399261 2.353746 2.310312 2.266297 2.224492 2.182619 2.142133 2.101053 2.058765 2.016765 1.973555 1.929144 1.881264 1.833083 1.781767 1.727535 1.671800 1.612646 1.551186 1.487171 1.421004 1.351453 1.281611 1.209423 1.136409 1.061579 0.985920 0.908863 0.831840
4.158593 4.136643 4.104202 4.067025 4.028848 3.966878 3.929609 3.887757 3.844016 3.814131 3.783475 3.749298 3.697753 3.655795 3.587486 3.521922 3.444309 3.394309 3.354846 3.296712 3.234109 3.167869 3.106378 3.050268 2.996204 2.932949 2.870989 2.817925 2.758229 2.705573 2.652187 2.600893 2.548947 2.498996 2.450254 2.403483 2.358255 2.314846 2.271125 2.229330 2.187399 2.147112 2.106067 2.063885 2.022065 1.978525 1.934220 1.885997 1.837793 1.786500 1.732150 1.676436 1.616828 1.555069 1.491020 1.424641 1.355491 1.285635 1.213376 1.140068 1.065157 0.989475 0.912592 0.835564
4.151387 4.130167 4.098621 4.062413 4.025107 3.964082 3.927173 3.885494 3.841685 3.811491 3.780502 3.746301 3.695505 3.654760 3.588123 3.523471 3.445702 3.394335 3.354155 3.297035 3.236271 3.170270 3.107460 3.051542 2.999109 2.935223 2.873120 2.820550 2.760999 2.708344 2.655158 2.603981 2.552202 2.502455 2.453878 2.407360 2.362290 2.318927 2.275275 2.233434 2.191753 2.151795 2.110529 2.068691 2.026426 1.983013 1.938419 1.890155 1.841975 1.790322 1.735739 1.679717 1.620519 1.558537 1.494723 1.427977 1.359128 1.289348 1.216578 1.143704 1.068292 0.992548 0.915855 0.838959
4.144195 4.123674 4.092973 4.057724 4.021260 3.961166 3.924587 3.883114 3.839279 3.808754 3.777466 3.743211 3.693076 3.653479 3.588407 3.524769 3.446894 3.394259 3.353333 3.297090 3.238094 3.172407 3.108479 3.052485 3.001881 2.937293 2.875054 2.822778 2.763311 2.710801 2.657877 2.606762 2.555227 2.505655 2.457221 2.410697 2.365835 2.322367 2.279145 2.237236 2.195662 2.155562 2.114586 2.072875 2.030532 1.987424 1.942277 1.893862 1.845319 1.793942 1.738886 1.683427 1.623436 1.561752 1.498124 1.431280 1.362558 1.292648 1.219719 1.146971 1.071624 0.996044 0.918928 0.841811
