# mean(lg_P) also median/mode
3.835819 3.810973 3.777293 3.738981 3.698773 3.641074 3.600768 3.558336 3.515340 3.484821 3.454060 3.419199 3.370722 3.323471 3.252600 3.181284 3.103124 3.051824 3.012944 2.955397 2.883958 2.808195 2.744366 2.687465 2.622173 2.549046 2.484415 2.416492 2.351891 2.287269 2.221070 2.158414 2.094971 2.029064 1.968363 1.907687 1.849155 1.791422 1.734570 1.679545 1.625978 1.574238 1.523042 1.474067 1.425197 1.376841 1.330801 1.284060 1.237196 1.190919 1.142792 1.094165 1.044213 0.990941 0.936738 0.880422 0.820962 0.759073 0.693272 0.627028 0.557395 0.485733 0.411552 0.336132
3.881100 3.851943 3.813215 3.769429 3.724505 3.662021 3.620112 3.577561 3.535638 3.507467 3.478210 3.442284 3.387728 3.332032 3.251754 3.176825 3.103334 3.061653 3.023402 2.955055 2.873035 2.801485 2.746152 2.683519 2.608394 2.542780 2.476851 2.405211 2.341835 2.275405 2.208906 2.145154 2.080786 2.014206 1.953003 1.891584 1.831723 1.773304 1.715711 1.659980 1.605337 1.552842 1.500925 1.450639 1.401764 1.352395 1.305699 1.258123 1.211523 1.164503 1.116455 1.067152 1.017220 0.963658 0.909365 0.853616 0.794499 0.732438 0.667327 0.601129 0.531454 0.459848 0.385422 0.309605
3.871449 3.843285 3.805742 3.763212 3.719334 3.657903 3.616306 3.573686 3.531440 3.502705 3.473109 3.437543 3.384511 3.330914 3.252749 3.178356 3.103442 3.059529 3.021625 2.956114 2.876226 2.803058 2.745980 2.685367 2.612331 2.544371 2.479296 2.408235 2.344633 2.278697 2.212145 2.148704 2.084607 2.018095 1.957055 1.895815 1.836180 1.778067 1.720649 1.665052 1.610679 1.558398 1.506700 1.456755 1.407863 1.358706 1.312152 1.264950 1.218139 1.171326 1.123254 1.074154 1.024283 0.970706 0.916384 0.860540 0.801461 0.739456 0.674185 0.607880 0.538610 0.466656 0.392385 0.316671
3.861833 3.834636 3.798182 3.756848 3.714008 3.653632 3.612304 3.569698 3.527175 3.497864 3.468000 3.432701 3.381047 3.329348 3.253310 3.179558 3.103484 3.057391 3.019549 2.956639 2.878920 2.804579 2.745700 2.686592 2.615345 2.545798 2.481257 2.410910 2.346964 2.281513 2.215011 2.151909 2.087960 2.021595 1.960680 1.899551 1.840292 1.782284 1.725038 1.669593 1.615511 1.563375 1.511842 1.462164 1.413345 1.364389 1.318022 1.270917 1.224164 1.177435 1.129447 1.080572 1.030582 0.977050 0.922811 0.866752 0.807456 0.745426 0.680144 0.613899 0.544481 0.472973 0.398529 0.323075
3.852222 3.825930 3.790547 3.750351 3.708517 3.649135 3.608196 3.565627 3.522857 3.493070 3.462854 3.427761 3.377394 3.327478 3.253350 3.180481 3.103419 3.055312 3.017251 2.956569 2.881142 2.805993 2.745295 2.687333 2.618451 2.547094 2.482749 2.413228 2.349077 2.283959 2.217597 2.154600 2.090878 2.024646 1.963863 1.902873 1.843925 1.786078 1.728986 1.673630 1.619772 1.567829 1.516432 1.467032 1.418193 1.369435 1.323090 1.276319 1.229477 1.182821 1.134843 1.086061 1.036097 0.982716 0.928402 0.872379 0.812969 0.751130 0.685489 0.619183 0.549709 0.478518 0.404132 0.328424
3.842663 3.817201 3.782851 3.743742 3.702890 3.644486 3.603911 3.561407 3.518491 3.488250 3.457731 3.422792 3.373578 3.325269 3.253063 3.181061 3.103303 3.053224 3.014733 2.956021 2.882928 2.807328 2.744781 2.687583 2.620987 2.548305 2.483884 2.415273 2.350813 2.286026 2.219733 2.156960 2.093386 2.027373 1.966618 1.905830 1.847153 1.789331 1.732355 1.677213 1.623578 1.571742 1.520439 1.471322 1.422453 1.373969 1.327845 1.281024 1.234283 1.187812 1.139762 1.091030 1.041104 0.987815 0.933580 0.877224 0.817924 0.755891 0.690310 0.623930 0.554325 0.482830 0.408443 0.332863
3.833106 3.808462 3.775080 3.737058 3.697100 3.639678 3.599496 3.557111 3.514046 3.483414 3.452603 3.417719 3.369538 3.322690 3.252338 3.181346 3.103069 3.051279 3.012143 2.955080 2.884276 2.808532 2.744203 2.687391 2.622944 2.549340 2.484612 2.416957 2.352272 2.287736 2.221627 2.158981 2.095537 2.029684 1.969023 1.908316 1.849895 1.792206 1.735343 1.680358 1.626886 1.575199 1.523964 1.475144 1.426227 1.377986 1.331881 1.285299 1.238340 1.192067 1.144045 1.095372 1.045699 0.992328 0.938035 0.881593 0.821926 0.760222 0.694406 0.628332 0.558342 0.487006 0.412751 0.337063
3.823558 3.799741 3.767297 3.730285 3.691225 3.634768 3.594970 3.552710 3.509575 3.478581 3.447424 3.412561 3.365302 3.319870 3.251291 3.181352 3.102752 3.049247 3.009384 2.953742 2.885257 2.809578 2.743532 2.686867 2.624862 2.550297 2.485092 2.418340 2.353493 2.289096 2.223202 2.160647 2.097300 2.031684 1.971110 1.910512 1.852331 1.794728 1.737926 1.683062 1.629729 1.578241 1.527060 1.478363 1.429542 1.381440 1.335477 1.289056 1.241937 1.195732 1.147881 1.099204 1.049383 0.996265 0.942006 0.885464 0.826016 0.763941 0.698122 0.631864 0.562285 0.490534 0.416072 0.340969
3.814070 3.791024 3.759463 3.723431 3.685269 3.629714 3.590364 3.548280 3.505104 3.473730 3.442263 3.407354 3.360915 3.316747 3.249953 3.181114 3.102292 3.047256 3.006572 2.952080 2.885823 2.810520 2.742852 2.686002 2.626205 2.551031 2.485280 2.419407 2.354502 2.290188 2.224501 2.162033 2.098858 2.033327 1.972804 1.912346 1.854354 1.796826 1.740175 1.685380 1.632225 1.580826 1.529643 1.481142 1.432382 1.384450 1.338608 1.292290 1.245116 1.199013 1.151025 1.102682 1.052653 0.999801 0.945297 0.889350 0.829400 0.767621 0.701662 0.635388 0.565523 0.493798 0.419974 0.344202
3.804594 3.782334 3.751655 3.716548 3.679214 3.624599 3.585670 3.543758 3.500583 3.468877 3.437078 3.402172 3.356306 3.313480 3.248357 3.180617 3.101766 3.045260 3.003648 2.950150 2.886078 2.811350 2.742099 2.684955 2.627383 2.551573 2.485292 2.420216 2.355283 2.290955 2.225587 2.163166 2.100138 2.034677 1.974265 1.913900 1.856108 1.798606 1.742018 1.687359 1.634279 1.583023 1.531905 1.483672 1.434926 1.387129 1.341121 1.295008 1.247847 1.201889 1.154065 1.105661 1.056051 1.003114 0.948081 0.892281 0.832549 0.770600 0.704773 0.638556 0.568594 0.497017 0.422878 0.347739
