# mode(P)
3275.645067 3087.697295 2856.284035 2616.134949 2381.094259 2102.739846 1909.181689 1729.158605 1568.573988 1457.794057 1357.566544 1252.608715 1126.503758 1005.813640 854.428120 720.008637 601.828937 532.693678 486.509067 427.619572 359.690240 297.986100 255.943970 225.155998 190.757193 158.880088 136.416164 114.660532 97.549106 82.727721 69.670652 59.136464 50.147870 42.090638 35.719107 30.331616 25.757581 21.912766 18.681118 15.940336 13.635403 11.709084 10.068288 8.685012 7.519987 6.530365 5.691347 4.974611 4.361283 3.838852 3.383825 2.984285 2.644763 2.343235 2.081229 1.846844 1.639221 1.451735 1.282802 1.130019 0.992286 0.867611 0.755671 0.655905
3672.669653 3426.183075 3132.479058 2832.787177 2550.543070 2228.774028 2015.327101 1824.483561 1659.784945 1550.160822 1448.375500 1333.304291 1182.923779 1034.491376 859.273561 717.420120 606.623164 549.410985 503.006487 430.244186 352.093019 294.863575 259.525433 224.531206 185.237672 157.598618 134.934648 111.890079 95.938700 80.694962 68.041396 57.530652 48.710822 40.804601 34.570789 29.296361 24.815965 21.082728 17.940787 15.267572 13.036937 11.170686 9.584539 8.253134 7.130180 6.179332 5.371688 4.687360 4.098929 3.601606 3.166399 2.789821 2.466248 2.181133 1.933780 1.713746 1.518522 1.343567 1.186583 1.044442 0.916259 0.801094 0.697621 0.605544
3583.596212 3351.061977 3072.182459 2786.414088 2514.889046 2202.715837 1993.330908 1804.395362 1640.090217 1529.895638 1428.465316 1315.943651 1171.709089 1029.879011 859.729701 718.836142 605.689861 545.648034 499.920421 430.690256 354.405015 295.526347 258.789248 225.213746 186.794227 157.880822 135.518158 112.600062 96.384132 81.262913 68.469214 57.950884 49.092541 41.133601 34.870348 29.562102 25.050427 21.294144 18.127771 15.436669 13.188042 11.307627 9.705917 8.360230 7.227472 6.266741 5.451247 4.759020 4.163449 3.659484 3.219721 2.837532 2.509639 2.220631 1.970006 1.746535 1.548080 1.370311 1.210228 1.065395 0.935377 0.817888 0.712445 0.618366
3497.165658 3277.767729 3012.953429 2740.335890 2479.080672 2176.353796 1971.015544 1784.125009 1620.726013 1510.073313 1408.922054 1298.867648 1160.039081 1024.334281 859.378640 719.809469 604.755703 542.025052 496.555900 430.539626 356.323007 296.223996 258.061761 225.582672 188.084853 158.152940 135.938008 113.248133 96.778228 81.747444 68.848130 58.330816 49.437182 41.432887 35.138756 29.802399 25.269057 21.486218 18.298233 15.590752 13.324942 11.430803 9.816533 8.460420 7.317014 6.346502 5.524051 4.824585 4.223360 3.713961 3.269165 2.881632 2.550522 2.257318 2.002976 1.776476 1.575233 1.394815 1.232137 1.084766 0.952604 0.833022 0.725259 0.629829
3413.586761 3206.374803 2954.486543 2694.376456 2443.046737 2149.367480 1948.454200 1763.932110 1601.256720 1490.519992 1389.733548 1281.691121 1147.955261 1018.165367 858.283779 720.306066 603.723024 538.476330 492.895567 429.863466 357.854489 296.896020 257.283946 225.650186 189.120966 158.415146 136.224125 113.830579 97.102869 82.164890 69.188707 58.667147 49.733553 41.702279 35.375959 30.017941 25.465654 21.661217 18.453500 15.731940 13.450207 11.541767 9.916952 8.551103 7.398007 6.419912 5.590166 4.884488 4.278352 3.763690 3.315032 2.922656 2.587100 2.291279 2.034298 1.804320 1.600382 1.417611 1.252202 1.102736 0.968384 0.847056 0.737661 0.640465
3332.288407 3136.802506 2896.908064 2648.479173 2407.036839 2122.254832 1925.673746 1743.569259 1582.162114 1471.368385 1370.930633 1264.492055 1135.629232 1011.243700 856.195656 720.295002 602.680884 535.072455 489.241376 428.738517 359.058376 297.555716 256.501998 225.436034 190.268211 158.682769 136.366547 114.329100 97.371108 82.514627 69.482553 58.952831 49.989507 41.941718 35.585208 30.209228 25.644415 21.813108 18.591959 15.859175 13.562000 11.643688 10.008706 8.631366 7.471736 6.486469 5.651792 4.938622 4.328418 3.809266 3.356880 2.959796 2.621542 2.322857 2.062126 1.829744 1.623670 1.438214 1.270465 1.119244 0.982420 0.859893 0.748877 0.649793
3253.411193 3068.360664 2840.371407 2603.235688 2370.709488 2094.749913 1902.441915 1723.185164 1563.197020 1452.410720 1352.345498 1247.700603 1122.986608 1003.651428 853.567911 719.801614 601.486121 531.803440 485.401175 427.149109 359.872481 298.154978 255.731463 225.006018 190.989900 158.950890 136.427087 114.773651 97.601698 82.797932 69.741156 59.199544 50.210309 42.148856 35.770254 30.375907 25.801001 21.951180 18.713834 15.970485 13.663661 11.734070 10.090468 8.705353 7.538162 6.546192 5.706375 4.988643 4.374421 3.849635 3.394379 2.993947 2.652765 2.351429 2.088445 1.852501 1.644395 1.457038 1.287238 1.133915 0.995487 0.871134 0.758310 0.657835
3176.706795 3001.882530 2784.687718 2558.220958 2334.558022 2067.163355 1879.408547 1702.928069 1544.317133 1433.807543 1334.071480 1230.826345 1110.093535 995.526669 850.263377 718.926983 600.268860 528.603084 481.536511 425.226086 360.381090 298.677088 254.942682 224.417304 191.720207 159.199516 136.379872 115.126539 97.789697 83.022039 69.950127 59.411124 50.396667 42.326101 35.925619 30.522491 25.936240 22.073692 18.821539 16.072310 13.752203 11.815421 10.165237 8.771135 7.598363 6.600564 5.755888 5.033802 4.414823 3.886880 3.429238 3.025666 2.681352 2.377510 2.111995 1.874135 1.663987 1.473928 1.302515 1.147449 1.007673 0.881027 0.767113 0.665877
3102.195405 2936.902363 2730.256987 2513.729900 2298.675751 2039.638918 1856.167237 1682.646402 1525.693626 1415.520888 1316.124761 1214.226843 1097.114171 986.800801 846.476396 717.628265 598.909199 525.412738 477.584561 423.024123 360.565126 299.155944 254.179304 223.638879 192.167876 159.394341 136.263109 115.405197 97.939193 83.186009 70.134293 59.578525 50.559080 42.477906 36.064374 30.648800 26.056270 22.177694 18.918629 16.160119 13.830962 11.885310 10.229928 8.829012 7.651583 6.648981 5.800916 5.073595 4.451681 3.920765 3.459643 3.054112 2.707057 2.401094 2.133121 1.893490 1.681359 1.489756 1.316365 1.159997 1.018179 0.889883 0.775131 0.672415
3029.721038 2873.455976 2676.715242 2469.724670 2262.775888 2012.035817 1832.972089 1662.531316 1507.369728 1397.450783 1298.394270 1197.771798 1083.961712 977.932383 842.120639 715.930729 597.434990 522.333933 473.687372 420.546404 360.457443 299.553612 253.420148 222.778504 192.592064 159.554266 136.090924 115.601778 98.056484 83.294390 70.283802 59.714388 50.698304 42.599879 36.180799 30.755097 26.159020 22.269891 19.000769 16.237529 13.899693 11.947151 10.288629 8.881557 7.700474 6.693434 5.839608 5.109244 4.484864 3.950409 3.488191 3.080722 2.730967 2.423078 2.152268 1.910851 1.697251 1.503559 1.328795 1.171008 1.027585 0.898647 0.782445 0.679027
