# mean(lg_P) also median/mode
4.256456 4.233795 4.200380 4.161792 4.122872 4.057763 4.020857 3.978942 3.935319 3.906110 3.876107 3.842202 3.788219 3.745748 3.675343 3.610235 3.533708 3.486816 3.448175 3.387962 3.325048 3.262010 3.203713 3.147759 3.093670 3.035481 2.975089 2.925701 2.867826 2.818591 2.768806 2.720101 2.671824 2.626106 2.580223 2.537713 2.495607 2.455584 2.413764 2.375651 2.335855 2.297756 2.257906 2.217846 2.175267 2.132445 2.086682 2.040018 1.989755 1.937661 1.882453 1.824777 1.764894 1.703074 1.639644 1.574146 1.506350 1.436328 1.365617 1.292888 1.219472 1.144398 1.068630 0.991589
4.284722 4.257866 4.219438 4.175438 4.131847 4.061984 4.023743 3.981782 3.939228 3.912272 3.883842 3.848938 3.789465 3.738972 3.660147 3.592049 3.519788 3.480175 3.441817 3.373577 3.302388 3.242092 3.188996 3.129104 3.068366 3.013688 2.952431 2.901669 2.842605 2.792154 2.741182 2.691695 2.642136 2.594719 2.547717 2.504452 2.461215 2.420453 2.377350 2.339198 2.298741 2.260087 2.220022 2.178893 2.137148 2.095421 2.049331 2.004151 1.954803 1.903629 1.849822 1.793579 1.734622 1.673046 1.609179 1.543740 1.477819 1.409537 1.338596 1.266476 1.193549 1.119324 1.043648 0.966921
4.278858 4.252978 4.215684 4.172937 4.130410 4.061588 4.023572 3.981551 3.938670 3.911147 3.882386 3.847819 3.789768 3.741275 3.664250 3.596625 3.523076 3.481807 3.443788 3.377660 3.308134 3.246793 3.192605 3.134002 3.074310 3.018965 2.958124 2.907493 2.848811 2.798735 2.747971 2.698684 2.649236 2.602375 2.555720 2.512542 2.469641 2.429148 2.386099 2.348176 2.307967 2.269501 2.229373 2.188280 2.146423 2.104641 2.058588 2.013275 1.963689 1.911993 1.858048 1.801566 1.741990 1.680577 1.617100 1.551520 1.485412 1.416572 1.345576 1.273817 1.200599 1.125691 1.050465 0.973312
4.272913 4.247954 4.211773 4.170207 4.128714 4.060896 4.023154 3.981075 3.937957 3.909914 3.880845 3.846531 3.789741 3.743069 3.667899 3.600739 3.526176 3.483338 3.445347 3.381123 3.313376 3.251260 3.195898 3.138321 3.080157 3.023819 2.963229 2.912926 2.854501 2.804760 2.754255 2.705132 2.655989 2.609519 2.563113 2.520022 2.477342 2.437021 2.394617 2.356349 2.316418 2.277948 2.237904 2.197210 2.155135 2.113107 2.066929 2.021084 1.971467 1.919857 1.865061 1.808527 1.749344 1.687484 1.624022 1.558622 1.492299 1.422686 1.351972 1.279748 1.206529 1.131184 1.056138 0.979067
4.266897 4.242821 4.207711 4.167273 4.126758 4.059952 4.022485 3.980447 3.937104 3.908604 3.879195 3.845068 3.789423 3.744397 3.671032 3.604552 3.529122 3.484708 3.446680 3.384087 3.318086 3.255411 3.199013 3.142171 3.085598 3.028427 2.967987 2.917993 2.859711 2.810234 2.760025 2.711094 2.662174 2.616066 2.569807 2.526905 2.484556 2.444453 2.402192 2.364018 2.324090 2.285744 2.245866 2.205510 2.163169 2.120968 2.074765 2.028516 1.978687 1.926626 1.871928 1.814724 1.755390 1.693728 1.630272 1.565103 1.497967 1.428258 1.357600 1.285227 1.211555 1.136891 1.061186 0.983993
4.260823 4.237577 4.203478 4.164136 4.124577 4.058760 4.021601 3.979636 3.936106 3.907157 3.877433 3.843422 3.788796 3.745311 3.673681 3.607958 3.531872 3.485995 3.447627 3.386531 3.322322 3.259368 3.201807 3.145561 3.090335 3.032650 2.972307 2.922700 2.864618 2.815285 2.765289 2.716530 2.667953 2.622150 2.576118 2.533413 2.491108 2.451146 2.409160 2.371134 2.331138 2.292809 2.253058 2.212959 2.170197 2.128041 2.081988 2.035342 1.985260 1.933317 1.878094 1.820521 1.761131 1.699519 1.635778 1.570453 1.502906 1.433145 1.362501 1.289973 1.216433 1.141308 1.065781 0.988615
4.254703 4.232260 4.199131 4.160821 4.122191 4.057344 4.020520 3.978646 3.935008 3.905689 3.875587 3.841663 3.787955 3.745875 3.675972 3.611054 3.534464 3.487162 3.448395 3.388503 3.326073 3.263033 3.204504 3.148562 3.095009 3.036553 2.976136 2.926938 2.869095 2.819828 2.770156 2.721519 2.673259 2.627721 2.581712 2.539234 2.497239 2.457334 2.415600 2.377518 2.337663 2.299754 2.259874 2.219628 2.177086 2.134398 2.088429 2.041466 1.991236 1.939275 1.883995 1.825769 1.766315 1.704561 1.640977 1.575638 1.507878 1.437382 1.366986 1.294193 1.220665 1.145691 1.069750 0.992859
4.248553 4.226871 4.194675 4.157365 4.119609 4.055719 4.019260 3.977528 3.933766 3.904075 3.873670 3.839787 3.786840 3.746108 3.677824 3.613830 3.536850 3.488214 3.448897 3.390058 3.329433 3.266448 3.206879 3.151165 3.098986 3.040173 2.979627 2.930817 2.873175 2.824012 2.774605 2.726016 2.678012 2.632826 2.587083 2.544507 2.502731 2.463117 2.421795 2.383491 2.343620 2.305841 2.265787 2.226191 2.183284 2.140061 2.094625 2.047166 1.996648 1.944491 1.889202 1.830571 1.771175 1.709022 1.645472 1.579877 1.511857 1.441358 1.370475 1.297980 1.224163 1.149022 1.073775 0.996461
4.242388 4.221429 4.190115 4.153787 4.116895 4.053964 4.017822 3.976250 3.932431 3.902436 3.871666 3.837757 3.785573 3.746052 3.679319 3.616277 3.539086 3.489173 3.449251 3.391401 3.332427 3.269629 3.209064 3.153418 3.102575 3.043443 2.982826 2.934291 2.876856 2.827790 2.778605 2.730250 2.682616 2.637531 2.591837 2.549570 2.507927 2.468333 2.427195 2.389112 2.349107 2.311422 2.271655 2.231896 2.189129 2.145791 2.099878 2.052325 2.001878 1.949380 1.893858 1.834907 1.775300 1.713036 1.649535 1.583909 1.515805 1.445066 1.374144 1.301532 1.227581 1.152760 1.077051 0.999820
4.236225 4.215965 4.185493 4.150124 4.114045 4.052039 4.016237 3.974887 3.931007 3.900717 3.869634 3.835644 3.784123 3.745718 3.680549 3.618427 3.541128 3.490067 3.449458 3.392366 3.335057 3.272567 3.211088 3.155361 3.106154 3.046477 2.985757 2.937491 2.880258 2.831266 2.782392 2.734010 2.686737 2.641935 2.596372 2.554095 2.512733 2.473182 2.432458 2.394180 2.354435 2.316738 2.277001 2.237488 2.194181 2.151042 2.104818 2.057170 2.006264 1.953902 1.898194 1.838875 1.778999 1.716644 1.653335 1.587403 1.519051 1.447980 1.376927 1.304970 1.230749 1.155702 1.080002 1.002520
