# mean(lg_P) also median/mode
4.036325 4.012964 3.979133 3.940787 3.900990 3.840163 3.801369 3.759121 3.715783 3.685879 3.655584 3.620892 3.569835 3.524805 3.454155 3.385389 3.307387 3.257724 3.219288 3.160345 3.092379 3.021994 2.960068 2.903264 2.843998 2.776160 2.712912 2.653162 2.591030 2.533203 2.474025 2.418150 2.361330 2.304179 2.250271 2.197659 2.147966 2.098015 2.049391 2.002608 1.957392 1.913521 1.868577 1.824843 1.781774 1.738457 1.694645 1.648663 1.603406 1.552854 1.503417 1.449282 1.393857 1.334881 1.273859 1.209399 1.142976 1.074231 1.002951 0.930049 0.855967 0.779723 0.703059 0.624059
4.075765 4.048015 4.009148 3.965314 3.920915 3.855247 3.814980 3.772675 3.730425 3.702938 3.673961 3.638370 3.581584 3.528143 3.448475 3.376437 3.302900 3.262260 3.224102 3.155512 3.078090 3.011176 2.956965 2.894608 2.826581 2.765002 2.700540 2.638156 2.576264 2.517361 2.457321 2.400716 2.342461 2.284747 2.229935 2.176609 2.125634 2.075230 2.025742 1.979103 1.932412 1.886808 1.841717 1.797515 1.753463 1.709192 1.665523 1.618813 1.572661 1.523145 1.473270 1.421110 1.365583 1.306826 1.245972 1.181512 1.115267 1.046959 0.976416 0.904746 0.830277 0.754160 0.676640 0.597523
4.067448 4.040700 4.002976 3.960421 3.917083 3.852467 3.812448 3.770084 3.727492 3.699417 3.670163 3.634866 3.579580 3.528219 3.450533 3.378949 3.304062 3.261332 3.223625 3.157520 3.082035 3.013758 2.957939 2.897459 2.830774 2.767805 2.703959 2.642068 2.580103 2.521551 2.461615 2.405232 2.347282 2.289722 2.235111 2.181934 2.131308 2.081039 2.031656 1.985064 1.938821 1.893704 1.848506 1.804426 1.760639 1.716445 1.672859 1.626298 1.580681 1.530795 1.481115 1.428479 1.372894 1.314191 1.253310 1.189011 1.122697 1.054363 0.983575 0.911782 0.837207 0.760929 0.683992 0.604618
4.059096 4.033316 3.996719 3.955358 3.913005 3.849448 3.809702 3.767340 3.724460 3.695855 3.666309 3.631239 3.577286 3.527840 3.452110 3.381132 3.305132 3.260388 3.222772 3.159049 3.085437 3.016224 2.958616 2.899687 2.834748 2.770330 2.707004 2.645518 2.583493 2.525276 2.465536 2.409328 2.351655 2.294261 2.239935 2.186897 2.136428 2.086316 2.037257 1.990487 1.944590 1.899725 1.854791 1.810935 1.767258 1.723376 1.679680 1.633408 1.587767 1.537466 1.487968 1.434872 1.379762 1.320853 1.259867 1.195427 1.129344 1.060563 0.989881 0.917747 0.843295 0.766898 0.690196 0.610861
4.050718 4.025849 3.990329 3.950115 3.908742 3.846215 3.806772 3.764451 3.721331 3.692195 3.662406 3.627542 3.574763 3.527038 3.453220 3.382988 3.306060 3.259438 3.221694 3.159946 3.088425 3.018480 2.959228 2.901392 2.838587 2.772656 2.709497 2.648690 2.586581 2.528539 2.469022 2.412925 2.355582 2.298298 2.244112 2.191207 2.141100 2.091054 2.042163 1.995452 1.949819 1.905279 1.860347 1.816574 1.773106 1.729494 1.685597 1.639749 1.594045 1.543824 1.494192 1.441017 1.385286 1.326642 1.265603 1.201171 1.134761 1.066242 0.995466 0.922921 0.848481 0.772385 0.695588 0.616234
4.042324 4.018360 3.983833 3.944730 3.904288 3.842749 3.803671 3.761376 3.718115 3.688529 3.658449 3.623685 3.571971 3.525842 3.453887 3.384459 3.306898 3.258443 3.220396 3.160347 3.090894 3.020612 2.959751 2.902631 2.841733 2.774770 2.711627 2.651411 2.589276 2.531389 2.472076 2.416158 2.359074 2.301925 2.247847 2.195210 2.145264 2.095337 2.046580 1.999819 1.954436 1.910311 1.865338 1.821757 1.778303 1.734920 1.691046 1.645011 1.599771 1.549467 1.499750 1.446047 1.390487 1.331745 1.270576 1.206280 1.139620 1.071118 1.000130 0.927262 0.852932 0.776874 0.700054 0.620909
4.033925 4.010806 3.977235 3.939187 3.899655 3.839130 3.800396 3.758213 3.714855 3.684810 3.654450 3.619733 3.568953 3.524342 3.454191 3.385659 3.307596 3.257381 3.218813 3.160361 3.092941 3.022547 2.960118 2.903460 2.844601 2.776642 2.713348 2.653761 2.591660 2.533882 2.474765 2.418915 2.362085 2.305103 2.251120 2.198648 2.148936 2.099033 2.050462 2.003734 1.958503 1.914757 1.869856 1.826161 1.783043 1.739585 1.695709 1.650117 1.604465 1.554065 1.504649 1.450150 1.394899 1.336219 1.274942 1.210753 1.143889 1.075273 1.004280 0.931271 0.856916 0.781220 0.704252 0.625129
4.025535 4.003175 3.970594 3.933535 3.894903 3.835324 3.796988 3.754929 3.711471 3.681017 3.650382 3.615702 3.565767 3.522540 3.454054 3.386594 3.308147 3.256390 3.217183 3.159931 3.094579 3.024273 2.960300 2.903899 2.847084 2.778314 2.714783 2.655780 2.593748 2.535981 2.477061 2.421364 2.364755 2.307841 2.254033 2.201554 2.152094 2.102367 2.053961 2.007058 1.962129 1.918625 1.873784 1.830351 1.787082 1.743959 1.700052 1.654246 1.608857 1.558135 1.509170 1.454138 1.398829 1.340015 1.278935 1.214409 1.147890 1.079172 1.007835 0.934669 0.860358 0.784564 0.707912 0.628850
4.017166 3.995544 3.963841 3.927793 3.890002 3.831399 3.793438 3.751526 3.708023 3.677251 3.646332 3.611576 3.562403 3.520462 3.453682 3.387225 3.308590 3.255291 3.215266 3.159196 3.095854 3.025841 2.960459 2.904061 2.849111 2.779684 2.715842 2.657485 2.595436 2.537727 2.479057 2.423414 2.367037 2.310162 2.256475 2.204151 2.154923 2.105166 2.056954 2.010008 1.965134 1.922105 1.877107 1.833484 1.790374 1.747554 1.703471 1.657982 1.612584 1.561857 1.512181 1.457697 1.402151 1.343428 1.282311 1.217798 1.151158 1.082277 1.010770 0.938020 0.863758 0.787761 0.711122 0.632137
4.008834 3.987912 3.957076 3.921999 3.885039 3.827357 3.789736 3.748057 3.704531 3.673406 3.642193 3.607384 3.558931 3.518141 3.452969 3.387537 3.308869 3.254226 3.213373 3.158226 3.096801 3.027194 2.960424 2.903947 2.851019 2.780918 2.716737 2.658901 2.596866 2.539219 2.480769 2.425181 2.369010 2.312197 2.258536 2.206276 2.157199 2.107529 2.059481 2.012353 1.967800 1.925086 1.879977 1.836618 1.793024 1.750664 1.706233 1.660778 1.615278 1.564474 1.515060 1.460236 1.405039 1.346348 1.285285 1.220811 1.154072 1.085246 1.013622 0.941127 0.866623 0.790852 0.713902 0.634994
