# omega0 omegab hubble scalar_amp ns w0 wa mnu Neff alphas MWDM_inverse 
2.725741e-01 4.812963e-02 6.735556e-01 1.760000e-09 9.531111e-01 -7.055556e-01 -4.444444e-03 6.250000e-02 3.218889e+00 1.030556e-02 3.388889e-01 
2.940926e-01 4.609259e-02 6.828889e-01 2.008889e-09 9.077778e-01 -1.218889e+00 3.422222e-01 3.358333e-01 2.461852e+00 -1.976111e-02 9.722222e-01 
3.150926e-01 4.079630e-02 7.495556e-01 2.600000e-09 9.722222e-01 -1.030000e+00 -5.688889e-01 2.125000e-01 2.850741e+00 -7.309259e-03 1.833333e-01 
2.666111e-01 4.212963e-02 7.273333e-01 1.946667e-09 9.046667e-01 -1.107778e+00 -1.333333e-02 1.525000e-01 3.561111e+00 1.288704e-02 6.685185e-01 
2.995370e-01 4.546296e-02 6.460000e-01 2.560000e-09 9.726667e-01 -8.633333e-01 3.644444e-01 1.425000e-01 2.731481e+00 -2.462037e-02 6.648148e-01 
3.285741e-01 4.779630e-02 7.095556e-01 1.777778e-09 9.313333e-01 -9.233333e-01 -6.000000e-01 3.825000e-01 2.596667e+00 -1.387037e-03 5.000000e-02 
2.762037e-01 4.616667e-02 7.011111e-01 1.511111e-09 8.957778e-01 -1.072222e+00 -7.111111e-02 3.725000e-01 2.212963e+00 4.838889e-03 6.537037e-01 
3.026481e-01 4.783333e-02 6.513333e-01 2.564444e-09 9.286667e-01 -8.677778e-01 -3.866667e-01 8.416667e-02 3.234444e+00 2.105556e-03 4.259259e-02 
3.205370e-01 4.031481e-02 7.402222e-01 2.195556e-09 9.673333e-01 -1.138889e+00 1.511111e-01 1.691667e-01 3.084074e+00 -2.279815e-02 8.129630e-01 
2.660926e-01 4.764815e-02 7.300000e-01 1.728889e-09 9.948889e-01 -1.001111e+00 -1.422222e-01 8.083333e-02 3.436667e+00 -3.664815e-03 7.685185e-01 
2.834630e-01 4.261111e-02 7.135556e-01 2.493333e-09 8.820000e-01 -7.788889e-01 -3.422222e-01 3.691667e-01 3.130741e+00 -2.264630e-02 3.685185e-01 
3.184630e-01 4.505556e-02 6.451111e-01 2.093333e-09 9.584444e-01 -1.201111e+00 1.866667e-01 2.691667e-01 2.218148e+00 3.016667e-03 2.944444e-01 
2.614259e-01 4.935185e-02 7.211111e-01 2.337778e-09 8.971111e-01 -9.211111e-01 -4.222222e-01 2.725000e-01 2.321852e+00 -6.853704e-03 4.500000e-01 
3.055000e-01 4.264815e-02 6.597778e-01 2.280000e-09 9.935556e-01 -1.294444e+00 -2.222222e-02 3.408333e-01 2.975185e+00 -1.581296e-02 8.166667e-01 
3.200185e-01 4.372222e-02 7.113333e-01 1.577778e-09 9.384444e-01 -7.700000e-01 1.822222e-01 1.175000e-01 3.364074e+00 5.294444e-03 9.074074e-02 
2.824259e-01 4.416667e-02 6.762222e-01 1.960000e-09 9.864444e-01 -1.172222e+00 4.311111e-01 3.075000e-01 3.213704e+00 -2.021667e-02 5.370370e-02 
2.839815e-01 4.012963e-02 6.824444e-01 2.684444e-09 9.326667e-01 -9.611111e-01 -3.111111e-01 5.916667e-02 2.695185e+00 1.440556e-02 6.462963e-01 
3.189815e-01 4.987037e-02 7.406667e-01 1.644444e-09 9.011111e-01 -8.588889e-01 -2.755556e-01 2.391667e-01 2.518889e+00 -4.727778e-03 7.314815e-01 
2.782778e-01 4.561111e-02 7.477778e-01 2.657778e-09 9.428889e-01 -9.522222e-01 2.177778e-01 1.491667e-01 3.317407e+00 8.483333e-03 8.759259e-01 
2.878704e-01 4.738889e-02 6.664444e-01 2.146667e-09 9.780000e-01 -7.833333e-01 -4.400000e-01 2.008333e-01 2.435926e+00 -1.368704e-02 9.259259e-03 
3.122407e-01 4.009259e-02 6.904444e-01 1.555556e-09 8.962222e-01 -1.254444e+00 -7.555556e-02 3.425000e-01 2.918148e+00 -1.125741e-02 5.833333e-01 
2.707593e-01 4.487037e-02 7.006667e-01 2.302222e-09 8.851111e-01 -1.283333e+00 -4.622222e-01 4.191667e-01 3.001111e+00 -7.461111e-03 7.129630e-01 
2.845000e-01 4.116667e-02 7.388889e-01 2.275556e-09 9.757778e-01 -1.007778e+00 1.911111e-01 1.916667e-02 2.264815e+00 5.598148e-03 4.537037e-01 
3.161296e-01 4.853704e-02 6.562222e-01 1.822222e-09 9.540000e-01 -7.011111e-01 7.555556e-02 2.608333e-01 3.400370e+00 -1.140926e-02 3.314815e-01 
2.720556e-01 4.298148e-02 6.940000e-01 1.515556e-09 9.922222e-01 -8.166667e-01 -1.155556e-01 2.941667e-01 3.239630e+00 -1.083333e-03 1.500000e-01 
3.052407e-01 4.787037e-02 7.517778e-01 2.577778e-09 9.473333e-01 -9.633333e-01 2.666667e-01 3.241667e-01 2.617407e+00 -2.219074e-02 7.981481e-01 
3.207963e-01 4.538889e-02 6.495556e-01 2.186667e-09 9.028889e-01 -1.296667e+00 -4.266667e-01 5.750000e-02 2.980370e+00 4.231481e-03 3.833333e-01 
2.730926e-01 4.775926e-02 7.140000e-01 2.542222e-09 9.331111e-01 -9.033333e-01 -6.444444e-01 9.166667e-03 3.032222e+00 1.000185e-02 6.240741e-01 
3.049815e-01 4.635185e-02 7.526667e-01 1.635556e-09 9.717778e-01 -1.116667e+00 3.866667e-01 2.775000e-01 3.498889e+00 -1.262407e-02 3.018519e-01 
3.119815e-01 4.216667e-02 6.473333e-01 1.933333e-09 9.095556e-01 -8.833333e-01 -6.222222e-02 3.958333e-01 2.202593e+00 -4.879630e-03 7.574074e-01 
2.640185e-01 4.294444e-02 7.366667e-01 2.688889e-09 8.837778e-01 -1.032222e+00 2.800000e-01 2.575000e-01 2.959630e+00 -6.701852e-03 2.981481e-01 
2.912407e-01 4.712963e-02 6.424444e-01 2.057778e-09 9.868889e-01 -1.130000e+00 -1.377778e-01 5.833333e-03 2.638148e+00 1.167222e-02 4.203704e-01 
3.187222e-01 4.638889e-02 7.193333e-01 1.528889e-09 9.486667e-01 -8.966667e-01 -3.955556e-01 4.441667e-01 3.151481e+00 -1.915370e-02 7.092593e-01 
2.741296e-01 4.975926e-02 6.593333e-01 2.324444e-09 9.993333e-01 -1.074444e+00 -3.330669e-16 3.375000e-01 2.881852e+00 -1.763519e-02 5.314815e-01 
2.896852e-01 4.361111e-02 7.268889e-01 2.102222e-09 8.846667e-01 -7.233333e-01 3.777778e-01 1.308333e-01 2.332222e+00 -1.690741e-03 3.055556e-01 
3.130185e-01 4.112963e-02 6.971111e-01 1.857778e-09 9.295556e-01 -1.234444e+00 -6.755556e-01 2.108333e-01 3.441852e+00 9.698148e-03 6.833333e-01 
2.733519e-01 4.175926e-02 7.286667e-01 2.168889e-09 9.224444e-01 -9.588889e-01 -6.888889e-01 3.325000e-01 2.285556e+00 -1.991296e-02 3.870370e-01 
2.891667e-01 4.438889e-02 6.784444e-01 2.320000e-09 8.993333e-01 -8.300000e-01 4.088889e-01 1.991667e-01 3.540370e+00 9.394444e-03 1.203704e-01 
3.091296e-01 4.909259e-02 6.935556e-01 1.746667e-09 9.944444e-01 -1.238889e+00 9.777778e-02 1.241667e-01 2.772963e+00 -9.435185e-03 8.500000e-01 
2.767222e-01 4.624074e-02 6.842222e-01 1.657778e-09 8.806667e-01 -8.877778e-01 -1.866667e-01 4.075000e-01 3.192963e+00 -1.338333e-02 8.722222e-01 
2.938333e-01 4.761111e-02 7.446667e-01 2.240000e-09 9.371111e-01 -1.207778e+00 3.733333e-01 1.708333e-01 3.110000e+00 1.212778e-02 1.666667e-02 
3.137963e-01 4.194444e-02 6.722222e-01 2.391111e-09 9.824444e-01 -9.433333e-01 -3.244444e-01 3.416667e-02 2.233704e+00 -1.110556e-02 6.351852e-01 
2.808704e-01 4.038889e-02 7.046667e-01 1.942222e-09 9.873333e-01 -8.944444e-01 -6.844444e-01 1.508333e-01 2.550000e+00 8.027778e-03 3.537037e-01 
2.860556e-01 4.583333e-02 7.308889e-01 1.617778e-09 8.824444e-01 -1.045556e+00 3.466667e-01 3.991667e-01 2.964815e+00 -1.307963e-02 1.759259e-01 
3.182037e-01 4.957407e-02 6.491111e-01 2.497778e-09 9.482222e-01 -1.101111e+00 -3.111111e-02 1.225000e-01 3.208519e+00 -4.120370e-03 9.166667e-01 
2.793148e-01 4.227778e-02 6.646667e-01 2.671111e-09 9.940000e-01 -9.144444e-01 -5.600000e-01 2.558333e-01 2.876667e+00 -1.945741e-02 4.240741e-01 
2.881296e-01 4.838889e-02 6.962222e-01 1.546667e-09 9.317778e-01 -7.522222e-01 2.933333e-01 3.341667e-01 2.513704e+00 4.079630e-03 1.277778e-01 
3.148333e-01 4.509259e-02 7.215556e-01 2.164444e-09 8.877778e-01 -1.243333e+00 4.000000e-02 1.475000e-01 3.447037e+00 -1.994444e-03 9.907407e-01 
2.603889e-01 4.727778e-02 7.175556e-01 2.044444e-09 9.051111e-01 -1.223333e+00 -2.355556e-01 2.258333e-01 3.042593e+00 -2.310185e-02 1.314815e-01 
2.870926e-01 4.375926e-02 6.504444e-01 2.475556e-09 9.846667e-01 -7.922222e-01 3.066667e-01 9.583333e-02 3.275926e+00 8.179630e-03 5.574074e-01 
3.277963e-01 4.198148e-02 7.322222e-01 1.871111e-09 9.255556e-01 -9.677778e-01 -5.155556e-01 3.841667e-01 2.591481e+00 1.801852e-03 8.574074e-01 
2.736111e-01 4.542593e-02 6.544444e-01 2.222222e-09 9.388889e-01 -1.118889e+00 4.844444e-01 5.250000e-02 3.161852e+00 -4.575926e-03 9.944444e-01 
2.837222e-01 4.316667e-02 7.384444e-01 1.733333e-09 8.873333e-01 -8.566667e-01 -2.977778e-01 1.641667e-01 3.052963e+00 7.724074e-03 5.555556e-03 
3.252037e-01 4.842593e-02 7.060000e-01 2.471111e-09 9.837778e-01 -9.944444e-01 -3.466667e-01 4.458333e-01 2.643333e+00 -1.156111e-02 5.240741e-01 
2.798333e-01 4.650000e-02 6.744444e-01 2.031111e-09 9.691111e-01 -7.255556e-01 4.044444e-01 2.458333e-01 2.384074e+00 9.850000e-03 8.055556e-01 
2.992778e-01 4.816667e-02 6.868889e-01 2.528889e-09 9.522222e-01 -1.245556e+00 -1.244444e-01 4.408333e-01 3.483333e+00 -1.247222e-02 1.981481e-01 
3.086111e-01 4.083333e-02 7.375556e-01 1.666667e-09 9.140000e-01 -1.090000e+00 -6.133333e-01 5.583333e-02 2.705556e+00 -1.095370e-02 6.018519e-01 
2.749074e-01 4.138889e-02 7.073333e-01 1.520000e-09 9.642222e-01 -8.077778e-01 -5.333333e-02 3.808333e-01 2.804074e+00 1.346296e-03 9.462963e-01 
2.985000e-01 4.464815e-02 6.508889e-01 2.586667e-09 9.113333e-01 -9.900000e-01 4.222222e-01 6.083333e-02 2.508519e+00 8.331481e-03 2.833333e-01 
3.096481e-01 4.950000e-02 7.362222e-01 1.955556e-09 9.526667e-01 -1.250000e+00 -6.711111e-01 1.625000e-01 3.146296e+00 -1.535741e-02 4.425926e-01 
2.800926e-01 4.601852e-02 7.371111e-01 2.231111e-09 9.900000e-01 -8.722222e-01 -2.800000e-01 4.258333e-01 3.182593e+00 -1.869815e-02 7.962963e-02 
3.010926e-01 4.801852e-02 6.957778e-01 1.533333e-09 9.380000e-01 -1.081111e+00 -6.088889e-01 2.250000e-02 2.524074e+00 5.901852e-03 7.351852e-01 
3.070556e-01 4.061111e-02 6.406667e-01 2.377778e-09 8.966667e-01 -1.112222e+00 4.000000e-01 2.975000e-01 2.933704e+00 -9.131481e-03 5.759259e-01 
2.684259e-01 4.016667e-02 6.948889e-01 2.582222e-09 9.308889e-01 -1.150000e+00 1.733333e-01 3.058333e-01 3.281111e+00 -5.487037e-03 8.944444e-01 
2.868333e-01 4.861111e-02 6.571111e-01 1.697778e-09 8.984444e-01 -7.900000e-01 -6.533333e-01 1.375000e-01 2.928519e+00 -1.429444e-02 4.981481e-01 
3.239074e-01 4.575926e-02 7.420000e-01 2.151111e-09 9.913333e-01 -1.098889e+00 -1.111111e-01 2.591667e-01 2.451481e+00 5.142593e-03 1.851852e-03 
2.637593e-01 4.772222e-02 6.442222e-01 1.782222e-09 9.304444e-01 -1.261111e+00 -2.266667e-01 2.925000e-01 2.721111e+00 2.409259e-03 2.166667e-01 
3.003148e-01 4.072222e-02 7.197778e-01 2.413333e-09 9.762222e-01 -9.411111e-01 2.533333e-01 4.241667e-01 2.612222e+00 -7.796296e-04 9.759259e-01 
3.265000e-01 4.642593e-02 7.282222e-01 2.053333e-09 9.131111e-01 -7.988889e-01 -5.866667e-01 2.083333e-02 3.203333e+00 -1.323148e-02 3.759259e-01 
2.645370e-01 4.653704e-02 6.717778e-01 1.848889e-09 9.242222e-01 -7.477778e-01 9.333333e-02 1.541667e-01 2.290741e+00 -2.067222e-02 7.648148e-01 
2.933148e-01 4.705556e-02 7.584444e-01 2.200000e-09 9.042222e-01 -1.023333e+00 -6.044444e-01 4.291667e-01 3.338148e+00 -7.764815e-03 2.500000e-01 
3.202778e-01 4.094444e-02 6.855556e-01 2.311111e-09 9.700000e-01 -1.167778e+00 3.822222e-01 9.750000e-02 3.115185e+00 1.015370e-02 4.907407e-01 
2.772407e-01 4.979630e-02 7.593333e-01 1.951111e-09 9.820000e-01 -7.877778e-01 -9.333333e-02 2.225000e-01 2.539630e+00 -6.277778e-04 1.944444e-01 
3.034259e-01 4.150000e-02 6.984444e-01 1.817778e-09 9.513333e-01 -1.212222e+00 2.888889e-01 4.058333e-01 3.369259e+00 9.546296e-03 8.314815e-01 
3.112037e-01 4.435185e-02 6.651111e-01 2.351111e-09 8.944444e-01 -1.034444e+00 -5.422222e-01 2.916667e-02 2.679630e+00 -2.431667e-02 5.092593e-01 
2.715370e-01 4.335185e-02 7.566667e-01 2.422222e-09 9.357778e-01 -8.011111e-01 1.111111e-01 8.583333e-02 2.607037e+00 -2.188704e-02 6.129630e-01 
2.920185e-01 4.938889e-02 6.668889e-01 2.155556e-09 8.895556e-01 -1.214444e+00 -2.488889e-01 2.041667e-01 2.690000e+00 1.470926e-02 8.092593e-01 
3.233889e-01 4.257407e-02 6.891111e-01 1.884444e-09 9.904444e-01 -1.005556e+00 -3.333333e-01 3.775000e-01 3.581852e+00 -1.019444e-02 2.685185e-01 
2.629815e-01 4.709259e-02 6.895556e-01 1.973333e-09 9.291111e-01 -7.455556e-01 1.422222e-01 4.475000e-01 3.472963e+00 3.320370e-03 4.166667e-01 
2.886481e-01 4.387037e-02 6.637778e-01 1.662222e-09 9.753333e-01 -1.187778e+00 -5.244444e-01 2.416667e-02 2.861111e+00 -1.733148e-02 2.462963e-01 
3.195000e-01 4.220370e-02 7.353333e-01 2.640000e-09 9.064444e-01 -9.366667e-01 1.333333e-02 1.858333e-01 2.446296e+00 -3.240741e-04 9.425926e-01 
2.619444e-01 4.550000e-02 6.806667e-01 2.680000e-09 9.571111e-01 -1.143333e+00 -4.444444e-02 1.658333e-01 2.627778e+00 1.182407e-02 1.166667e-01 
2.946111e-01 4.190741e-02 7.415556e-01 1.564444e-09 9.682222e-01 -8.233333e-01 4.977778e-01 1.441667e-01 2.840370e+00 -1.778704e-02 6.277778e-01 
3.267593e-01 4.768519e-02 6.620000e-01 1.964444e-09 8.900000e-01 -1.083333e+00 -5.511111e-01 3.475000e-01 3.286296e+00 -8.372222e-03 6.981481e-01 
2.650556e-01 4.224074e-02 7.206667e-01 1.937778e-09 9.917778e-01 -1.183333e+00 -6.800000e-01 3.508333e-01 2.949259e+00 -4.272222e-03 6.870370e-01 
3.013519e-01 4.846296e-02 7.153333e-01 2.604444e-09 9.024444e-01 -8.788889e-01 2.666667e-02 2.991667e-01 2.575926e+00 1.152037e-02 6.111111e-02 
3.179444e-01 4.412963e-02 6.731111e-01 1.671111e-09 9.442222e-01 -9.700000e-01 4.666667e-01 3.916667e-02 3.457407e+00 -1.353519e-02 6.574074e-01 
2.668704e-01 4.405556e-02 6.997778e-01 2.071111e-09 9.237778e-01 -1.190000e+00 1.022222e-01 3.925000e-01 3.415926e+00 7.268519e-03 3.518519e-02 
2.930556e-01 4.883333e-02 7.428889e-01 2.466667e-09 9.073333e-01 -1.063333e+00 -4.488889e-01 7.583333e-02 2.715926e+00 -1.292778e-02 9.870370e-01 
3.293519e-01 4.131481e-02 6.553333e-01 1.648889e-09 9.704444e-01 -7.655556e-01 -2.088889e-01 1.725000e-01 2.653704e+00 -5.638889e-03 4.351852e-01 
2.671296e-01 4.183333e-02 6.433333e-01 1.604444e-09 9.246667e-01 -1.014444e+00 1.377778e-01 1.258333e-01 2.907778e+00 9.090741e-03 4.314815e-01 
3.062778e-01 4.675926e-02 7.171111e-01 2.644444e-09 9.988889e-01 -7.100000e-01 -3.022222e-01 1.875000e-01 3.270741e+00 -3.209259e-03 2.203704e-01 
3.088704e-01 4.524074e-02 7.553333e-01 1.986667e-09 8.802222e-01 -1.163333e+00 -2.533333e-01 3.391667e-01 2.601852e+00 -2.127963e-02 7.425926e-01 
2.780185e-01 4.090741e-02 7.251111e-01 1.995556e-09 9.206667e-01 -8.922222e-01 3.511111e-01 4.091667e-01 2.363333e+00 -1.900185e-02 5.462963e-01 
2.899444e-01 4.953704e-02 7.091111e-01 1.862222e-09 9.953333e-01 -1.181111e+00 -1.777778e-02 6.416667e-02 3.156667e+00 -1.004259e-02 2.037037e-02 
3.153519e-01 4.501852e-02 6.695556e-01 2.617778e-09 9.157778e-01 -9.300000e-01 -5.822222e-01 2.291667e-01 3.104815e+00 1.455741e-02 8.685185e-01 
2.806111e-01 4.920370e-02 6.766667e-01 2.457778e-09 9.877778e-01 -9.655556e-01 -2.844444e-01 2.808333e-01 3.421111e+00 1.349444e-02 5.981481e-01 
2.979815e-01 4.516667e-02 7.246667e-01 2.097778e-09 9.300000e-01 -1.263333e+00 -4.177778e-01 8.250000e-02 2.301111e+00 -2.203889e-02 3.888889e-02 
3.109444e-01 4.201852e-02 7.051111e-01 1.613333e-09 8.886667e-01 -8.811111e-01 4.711111e-01 3.191667e-01 2.954444e+00 -3.057407e-03 8.870370e-01 
2.705000e-01 4.164815e-02 6.500000e-01 2.204444e-09 9.602222e-01 -9.566667e-01 -4.533333e-01 2.500000e-03 3.395185e+00 -2.298148e-03 3.425926e-01 
2.961667e-01 4.946296e-02 7.397778e-01 1.724444e-09 9.477778e-01 -8.500000e-01 4.533333e-01 2.425000e-01 3.094444e+00 3.168519e-03 8.388889e-01 
3.163889e-01 4.350000e-02 7.015556e-01 2.595556e-09 9.108889e-01 -1.121111e+00 -1.822222e-01 3.975000e-01 2.275185e+00 -1.520556e-02 2.796296e-01 
2.689444e-01 4.109259e-02 7.357778e-01 2.662222e-09 9.882222e-01 -1.052222e+00 8.444444e-02 1.825000e-01 3.099630e+00 -9.587037e-03 2.351852e-01 
2.953889e-01 4.805556e-02 7.157778e-01 1.631111e-09 9.348889e-01 -1.127778e+00 -5.377778e-01 3.575000e-01 3.301852e+00 1.121667e-02 8.648148e-01 
3.117222e-01 4.579630e-02 6.477778e-01 1.902222e-09 8.864444e-01 -8.455556e-01 3.600000e-01 9.083333e-02 2.622593e+00 -1.626852e-02 3.796296e-01 
2.673889e-01 4.420370e-02 6.851111e-01 1.622222e-09 9.086667e-01 -1.092222e+00 -4.311111e-01 7.750000e-02 2.814444e+00 -1.459815e-02 9.574074e-01 
2.904630e-01 4.735185e-02 6.713333e-01 2.666667e-09 9.504444e-01 -7.744444e-01 1.555556e-01 3.891667e-01 2.228519e+00 -7.916667e-03 4.129630e-01 
3.083519e-01 4.283333e-02 7.544444e-01 2.160000e-09 9.793333e-01 -1.170000e+00 -1.600000e-01 2.658333e-01 3.524815e+00 1.258333e-02 2.870370e-01 
2.653148e-01 4.368519e-02 6.900000e-01 1.826667e-09 8.868889e-01 -1.103333e+00 4.355556e-01 1.591667e-01 3.426296e+00 -1.717963e-02 5.166667e-01 
2.876111e-01 4.698148e-02 6.575556e-01 2.506667e-09 9.508889e-01 -1.038889e+00 -6.355556e-01 4.375000e-01 2.726296e+00 6.205556e-03 2.314815e-01 
3.275370e-01 4.324074e-02 7.540000e-01 1.906667e-09 9.806667e-01 -8.611111e-01 -9.777778e-02 1.008333e-01 2.378889e+00 -6.550000e-03 8.462963e-01 
2.658333e-01 4.831481e-02 7.202222e-01 1.928889e-09 9.015556e-01 -9.922222e-01 3.555556e-02 2.750000e-02 2.534444e+00 1.197593e-02 3.907407e-01 
2.917593e-01 4.209259e-02 6.753333e-01 2.404444e-09 9.264444e-01 -1.232222e+00 -6.488889e-01 2.825000e-01 3.177407e+00 -2.295000e-02 2.388889e-01 
3.262407e-01 4.475926e-02 6.975556e-01 1.764444e-09 9.980000e-01 -8.433333e-01 3.377778e-01 3.525000e-01 3.037407e+00 -9.314815e-04 7.537037e-01 
2.811296e-01 4.231481e-02 7.104444e-01 1.982222e-09 8.917778e-01 -7.611111e-01 -3.733333e-01 1.575000e-01 2.347778e+00 1.498148e-03 9.500000e-01 
2.977222e-01 4.875926e-02 7.260000e-01 1.755556e-09 9.593333e-01 -9.344444e-01 -2.000000e-01 4.125000e-01 3.467778e+00 1.106481e-02 1.129630e-01 
3.192407e-01 4.527778e-02 6.726667e-01 2.484444e-09 9.695556e-01 -1.272222e+00 1.066667e-01 3.583333e-02 2.897407e+00 -1.960926e-02 3.722222e-01 
2.723148e-01 4.983333e-02 7.313333e-01 2.000000e-09 9.660000e-01 -9.811111e-01 -4.888889e-01 3.908333e-01 2.793704e+00 -1.034630e-02 8.833333e-01 
2.969444e-01 4.179630e-02 7.028889e-01 1.840000e-09 8.855556e-01 -1.221111e+00 3.333333e-01 1.791667e-01 2.581111e+00 1.486111e-02 4.611111e-01 
3.220926e-01 4.342593e-02 6.615556e-01 2.360000e-09 9.566667e-01 -8.211111e-01 -1.688889e-01 9.250000e-02 3.291481e+00 -2.340556e-02 1.092593e-01 
2.676481e-01 4.327778e-02 6.486667e-01 1.977778e-09 9.664444e-01 -1.276667e+00 -1.777778e-01 2.375000e-01 3.576667e+00 6.357407e-03 6.759259e-01 
2.966852e-01 4.809259e-02 7.393333e-01 1.786667e-09 9.277778e-01 -1.050000e+00 2.355556e-01 4.250000e-02 2.244074e+00 -1.809074e-02 5.611111e-01 
3.272778e-01 4.346296e-02 7.131111e-01 2.511111e-09 9.135556e-01 -7.411111e-01 -3.822222e-01 4.308333e-01 3.016667e+00 1.042593e-03 2.759259e-01 
2.627222e-01 4.394444e-02 7.575556e-01 1.813333e-09 9.273333e-01 -1.110000e+00 3.111111e-01 2.358333e-01 2.648519e+00 -1.842593e-03 9.314815e-01 
2.943519e-01 4.701852e-02 6.415556e-01 2.137778e-09 8.882222e-01 -8.766667e-01 -1.200000e-01 3.741667e-01 2.684815e+00 -1.657222e-02 9.814815e-02 
3.259815e-01 4.305556e-02 6.873333e-01 2.315556e-09 9.997778e-01 -1.025556e+00 -5.777778e-01 7.916667e-02 3.260370e+00 4.990741e-03 5.351852e-01 
2.738704e-01 4.694444e-02 7.020000e-01 2.626667e-09 9.228889e-01 -7.344444e-01 1.688889e-01 3.708333e-01 3.125556e+00 -1.186481e-02 9.388889e-01 
3.008333e-01 4.657407e-02 6.437778e-01 1.542222e-09 9.957778e-01 -1.058889e+00 -5.200000e-01 2.641667e-01 3.172222e+00 4.535185e-03 4.648148e-01 
3.210556e-01 4.268519e-02 7.597778e-01 2.253333e-09 9.068889e-01 -1.156667e+00 -3.555556e-02 1.075000e-01 2.358148e+00 1.650000e-03 2.055556e-01 
2.616852e-01 4.790741e-02 6.420000e-01 2.431111e-09 9.100000e-01 -1.027778e+00 -2.222222e-01 4.416667e-02 2.809259e+00 -1.383889e-02 3.574074e-01 
2.857963e-01 4.001852e-02 7.166667e-01 2.040000e-09 9.748889e-01 -1.290000e+00 3.022222e-01 3.491667e-01 2.560370e+00 2.864815e-03 2.611111e-01 
3.174259e-01 4.468519e-02 7.291111e-01 1.853333e-09 9.468889e-01 -7.077778e-01 -3.600000e-01 2.191667e-01 3.504074e+00 1.194444e-03 8.981481e-01 
2.694630e-01 4.672222e-02 7.500000e-01 1.675556e-09 9.393333e-01 -8.477778e-01 -6.977778e-01 1.758333e-01 3.073704e+00 -1.399074e-02 3.611111e-01 
3.021296e-01 4.146296e-02 6.540000e-01 2.573333e-09 9.833333e-01 -1.136667e+00 -1.288889e-01 3.108333e-01 3.229259e+00 8.907407e-04 6.851852e-02 
3.145741e-01 4.661111e-02 6.966667e-01 2.017778e-09 9.117778e-01 -9.855556e-01 4.622222e-01 1.058333e-01 2.342593e+00 7.420370e-03 9.685185e-01 
2.686852e-01 4.153704e-02 6.748889e-01 2.022222e-09 9.842222e-01 -9.188889e-01 2.133333e-01 1.741667e-01 3.571481e+00 -1.930556e-02 6.388889e-01 
3.036852e-01 4.872222e-02 7.326667e-01 2.631111e-09 8.948889e-01 -1.196667e+00 8.888889e-02 3.791667e-01 2.923333e+00 3.624074e-03 7.240741e-01 
3.073148e-01 4.472222e-02 7.077778e-01 1.684444e-09 9.233333e-01 -8.122222e-01 -6.222222e-01 6.750000e-02 2.254444e+00 -3.512963e-03 1.018519e-01 
2.609074e-01 4.620370e-02 7.340000e-01 2.142222e-09 9.668889e-01 -1.210000e+00 2.844444e-01 4.391667e-01 3.135926e+00 -1.216852e-02 5.648148e-01 
2.964259e-01 4.120370e-02 7.162222e-01 2.435556e-09 9.451111e-01 -7.433333e-01 -6.933333e-01 4.916667e-02 3.021852e+00 -9.738889e-03 7.462963e-01 
3.169074e-01 4.824074e-02 6.557778e-01 1.715556e-09 8.926667e-01 -1.012222e+00 -6.666667e-02 2.025000e-01 2.570741e+00 1.334259e-02 1.685185e-01 
2.601296e-01 4.279630e-02 6.522222e-01 1.968889e-09 9.624444e-01 -1.021111e+00 1.466667e-01 2.675000e-01 2.259630e+00 -1.080185e-02 1.351852e-01 
3.023889e-01 4.690741e-02 7.588889e-01 1.808889e-09 9.597778e-01 -8.700000e-01 -3.911111e-01 1.750000e-02 3.089259e+00 1.273519e-02 4.277778e-01 
3.226111e-01 4.338889e-02 7.002222e-01 2.546667e-09 9.180000e-01 -1.105556e+00 -1.733333e-01 4.341667e-01 3.250000e+00 -1.566111e-02 9.277778e-01 
2.775000e-01 4.442593e-02 6.886667e-01 2.444444e-09 9.646667e-01 -9.477778e-01 -5.555556e-01 3.658333e-01 3.592222e+00 -1.201667e-02 9.796296e-01 
2.990185e-01 4.998148e-02 6.757778e-01 2.088889e-09 9.037778e-01 -1.292222e+00 2.044444e-01 1.408333e-01 2.669259e+00 -1.049815e-02 1.611111e-01 
3.078333e-01 4.172222e-02 7.513333e-01 1.773333e-09 9.433333e-01 -7.300000e-01 -1.022222e-01 2.475000e-01 2.311481e+00 1.379815e-02 4.055556e-01 
2.679074e-01 4.490741e-02 7.380000e-01 1.586667e-09 9.784444e-01 -8.744444e-01 -2.577778e-01 1.141667e-01 2.207778e+00 -5.031481e-03 7.018519e-01 
2.915000e-01 4.124074e-02 7.122222e-01 2.622222e-09 8.975556e-01 -1.067778e+00 -5.466667e-01 2.275000e-01 3.410741e+00 6.964815e-03 2.092593e-01 
3.257222e-01 4.898148e-02 6.588889e-01 2.026667e-09 9.495556e-01 -1.134444e+00 4.400000e-01 3.675000e-01 3.078889e+00 -1.414259e-02 5.425926e-01 
2.795741e-01 4.835185e-02 7.464444e-01 2.453333e-09 9.535556e-01 -1.047778e+00 3.200000e-01 2.541667e-01 2.223333e+00 1.076111e-02 5.796296e-01 
2.889074e-01 4.064815e-02 7.068889e-01 1.791111e-09 9.175556e-01 -1.216667e+00 -8.000000e-02 5.416667e-02 3.379630e+00 -8.068519e-03 6.481481e-02 
3.171667e-01 4.453704e-02 6.428889e-01 2.075556e-09 9.708889e-01 -8.322222e-01 -4.977778e-01 3.458333e-01 3.006296e+00 -1.277593e-02 9.351852e-01 
2.816481e-01 4.990741e-02 7.055556e-01 2.524444e-09 9.851111e-01 -8.388889e-01 2.577778e-01 4.583333e-02 2.741852e+00 -2.905556e-03 5.055556e-01 
2.909815e-01 4.357407e-02 7.424444e-01 1.680000e-09 9.437778e-01 -1.265556e+00 -2.888889e-01 3.041667e-01 3.519630e+00 -1.748333e-02 7.907407e-01 
3.093889e-01 4.050000e-02 6.526667e-01 2.182222e-09 8.997778e-01 -9.455556e-01 -4.666667e-01 2.158333e-01 2.503333e+00 2.712963e-03 9.444444e-02 
2.746481e-01 4.564815e-02 6.953333e-01 2.675556e-09 9.500000e-01 -1.230000e+00 2.711111e-01 2.408333e-01 2.441111e+00 -2.234259e-02 2.425926e-01 
2.982407e-01 4.005556e-02 7.228889e-01 1.600000e-09 9.931111e-01 -1.018889e+00 -1.955556e-01 9.416667e-02 3.348519e+00 -4.759259e-04 7.055556e-01 
3.099074e-01 4.942593e-02 6.642222e-01 2.066667e-09 9.148889e-01 -7.188889e-01 -3.688889e-01 4.158333e-01 2.762593e+00 6.053704e-03 6.611111e-01 
2.717963e-01 4.457407e-02 6.633333e-01 1.893333e-09 9.886667e-01 -7.211111e-01 -4.800000e-01 1.091667e-01 2.912963e+00 -8.220370e-03 8.537037e-01 
2.974630e-01 4.972222e-02 7.086667e-01 1.915556e-09 9.562222e-01 -1.256667e+00 1.333333e-01 4.425000e-01 2.664074e+00 1.060926e-02 4.092593e-01 
3.280556e-01 4.105556e-02 7.317778e-01 2.346667e-09 8.931111e-01 -1.041111e+00 -2.044444e-01 1.891667e-01 3.312222e+00 -2.158333e-02 2.722222e-01 
2.803519e-01 4.187037e-02 6.691111e-01 2.048889e-09 9.060000e-01 -9.788889e-01 -4.444444e-01 4.325000e-01 3.027037e+00 1.592407e-02 7.870370e-01 
2.850185e-01 4.720370e-02 7.024444e-01 1.880000e-09 9.220000e-01 -8.655556e-01 -4.888889e-02 3.750000e-02 3.597407e+00 -2.082407e-02 1.055556e-01 
3.156111e-01 4.479630e-02 7.255556e-01 2.440000e-09 9.962222e-01 -1.225556e+00 4.488889e-01 2.141667e-01 2.337407e+00 -7.157407e-03 6.055556e-01 
2.647963e-01 4.398148e-02 6.793333e-01 2.426667e-09 9.006667e-01 -1.236667e+00 1.200000e-01 1.675000e-01 2.270000e+00 2.833333e-04 7.722222e-01 
3.065370e-01 4.057407e-02 7.220000e-01 1.924444e-09 9.548889e-01 -7.033333e-01 -3.555556e-01 3.125000e-01 2.824815e+00 -2.492407e-02 4.388889e-01 
3.241667e-01 4.905556e-02 6.864444e-01 1.875556e-09 9.677778e-01 -1.085556e+00 -8.888889e-02 1.108333e-01 3.550741e+00 1.136852e-02 3.240741e-01 
2.787963e-01 4.557407e-02 6.944444e-01 2.555556e-09 9.797778e-01 -1.274444e+00 -5.066667e-01 7.416667e-02 3.265556e+00 -3.816667e-03 7.500000e-01 
3.005741e-01 4.053704e-02 7.580000e-01 2.133333e-09 9.055556e-01 -9.500000e-01 2.622222e-01 3.875000e-01 3.063333e+00 6.509259e-03 2.277778e-01 
3.158704e-01 4.827778e-02 6.677778e-01 1.706667e-09 9.544444e-01 -8.033333e-01 6.222222e-02 2.875000e-01 2.316667e+00 -2.355741e-02 6.425926e-01 
2.819074e-01 4.027778e-02 6.993333e-01 1.524444e-09 9.020000e-01 -7.633333e-01 -1.644444e-01 1.025000e-01 3.327778e+00 -8.979630e-03 5.907407e-01 
2.927963e-01 4.864815e-02 6.535556e-01 2.271111e-09 9.731111e-01 -9.722222e-01 3.955556e-01 3.258333e-01 2.990741e+00 6.812963e-03 4.629630e-02 
3.140556e-01 4.446296e-02 7.348889e-01 2.515556e-09 9.580000e-01 -1.247778e+00 -5.733333e-01 2.241667e-01 2.404815e+00 -1.672407e-02 8.277778e-01 
2.692037e-01 4.968519e-02 6.655556e-01 1.582222e-09 9.491111e-01 -1.036667e+00 3.155556e-01 1.275000e-01 3.011481e+00 -1.702778e-02 5.018519e-01 
2.951296e-01 4.572222e-02 7.335556e-01 2.111111e-09 8.842222e-01 -1.158889e+00 -6.177778e-01 3.091667e-01 2.467037e+00 1.243148e-02 2.537037e-01 
3.223519e-01 4.035185e-02 6.926667e-01 2.591111e-09 9.744444e-01 -7.766667e-01 1.777778e-02 2.508333e-01 3.343333e+00 -5.790741e-03 6.944444e-01 
2.642778e-01 4.272222e-02 7.473333e-01 1.711111e-09 9.446667e-01 -9.766667e-01 -1.911111e-01 4.108333e-01 2.456667e+00 4.383333e-03 1.537037e-01 
2.902037e-01 4.535185e-02 6.611111e-01 2.653333e-09 9.166667e-01 -1.252222e+00 2.400000e-01 1.558333e-01 3.555926e+00 -2.450000e-03 3.351852e-01 
3.197593e-01 4.931481e-02 7.064444e-01 2.080000e-09 9.811111e-01 -8.055556e-01 -5.333333e-01 1.158333e-01 2.700370e+00 -1.171296e-02 9.055556e-01 
2.777593e-01 4.961111e-02 6.833333e-01 2.520000e-09 8.833333e-01 -1.003333e+00 -4.133333e-01 2.791667e-01 3.545556e+00 -2.146296e-03 4.796296e-01 
2.842407e-01 4.379630e-02 6.606667e-01 1.595556e-09 9.815556e-01 -1.132222e+00 -2.666667e-01 3.008333e-01 2.280370e+00 -1.490185e-02 7.833333e-01 
3.249444e-01 4.309259e-02 7.522222e-01 2.297778e-09 9.557778e-01 -7.944444e-01 4.933333e-01 1.341667e-01 2.835185e+00 3.775926e-03 3.203704e-01 
2.663519e-01 4.716667e-02 6.740000e-01 1.720000e-09 9.517778e-01 -8.144444e-01 -6.400000e-01 2.958333e-01 2.425556e+00 9.242593e-03 4.722222e-01 
3.039444e-01 4.612963e-02 7.242222e-01 2.408889e-09 9.775556e-01 -9.011111e-01 1.288889e-01 1.583333e-02 3.374444e+00 -1.854630e-02 8.796296e-01 
3.236481e-01 4.331481e-02 6.988889e-01 2.257778e-09 8.922222e-01 -1.287778e+00 4.888889e-02 3.608333e-01 3.068519e+00 7.388889e-04 3.148148e-02 
2.710185e-01 4.924074e-02 6.860000e-01 2.248889e-09 9.735556e-01 -1.076667e+00 -3.377778e-01 1.291667e-01 2.306296e+00 3.472222e-03 9.833333e-01 
2.855370e-01 4.075926e-02 6.660000e-01 2.417778e-09 9.464444e-01 -7.544444e-01 2.311111e-01 3.175000e-01 2.970000e+00 -1.475000e-02 5.740741e-02 
3.228704e-01 4.598148e-02 7.460000e-01 1.573333e-09 8.860000e-01 -1.145556e+00 -2.444444e-01 2.091667e-01 3.332963e+00 5.870370e-04 3.500000e-01 
2.769815e-01 4.450000e-02 7.486667e-01 2.124444e-09 8.953333e-01 -8.900000e-01 -4.044444e-01 1.608333e-01 3.493704e+00 -1.550926e-02 8.907407e-01 
3.000556e-01 4.312963e-02 6.820000e-01 2.693333e-09 9.420000e-01 -1.178889e+00 2.000000e-01 4.208333e-01 2.710741e+00 1.531667e-02 5.203704e-01 
3.213148e-01 4.916667e-02 6.780000e-01 1.568889e-09 9.686667e-01 -9.277778e-01 4.444444e-03 4.083333e-02 2.544815e+00 -6.246296e-03 1.425926e-01 
2.754259e-01 4.994444e-02 7.468889e-01 2.013333e-09 9.215556e-01 -1.267778e+00 1.244444e-01 9.916667e-02 3.224074e+00 -4.424074e-03 6.500000e-01 
3.047222e-01 4.424074e-02 6.775556e-01 2.635556e-09 9.153333e-01 -7.588889e-01 -3.511111e-01 2.708333e-01 2.498148e+00 -2.370926e-02 8.611111e-01 
3.114630e-01 4.127778e-02 6.837778e-01 1.653333e-09 9.655556e-01 -1.061111e+00 -2.133333e-01 3.625000e-01 2.752222e+00 1.425370e-02 8.333333e-02 
2.790556e-01 4.301852e-02 6.913333e-01 2.551111e-09 9.415556e-01 -9.877778e-01 -6.666667e-01 3.591667e-01 2.327037e+00 -2.037037e-05 9.648148e-01 
2.907222e-01 4.820370e-02 6.700000e-01 1.737778e-09 9.082222e-01 -1.185556e+00 4.266667e-01 2.441667e-01 3.452222e+00 1.045741e-02 5.388889e-01 
3.176852e-01 4.587037e-02 7.437778e-01 2.035556e-09 9.855556e-01 -8.522222e-01 8.888889e-03 1.208333e-01 2.788519e+00 -2.325370e-02 1.240741e-01 
2.712778e-01 4.890741e-02 7.304444e-01 2.266667e-09 9.268889e-01 -8.188889e-01 4.755556e-01 2.525000e-01 2.938889e+00 -1.687593e-02 1.648148e-01 
2.865741e-01 4.101852e-02 6.482222e-01 1.591111e-09 9.193333e-01 -9.833333e-01 -6.577778e-01 3.208333e-01 3.198148e+00 -1.065000e-02 4.018519e-01 
3.246852e-01 4.590741e-02 7.144444e-01 2.382222e-09 9.633333e-01 -1.203333e+00 -2.177778e-01 1.358333e-01 2.565556e+00 1.501296e-02 8.351852e-01 
2.743889e-01 4.798148e-02 6.797778e-01 2.364444e-09 9.282222e-01 -1.198889e+00 -8.444444e-02 2.175000e-01 3.514444e+00 -2.477222e-02 8.203704e-01 
2.922778e-01 4.431481e-02 7.277778e-01 2.106667e-09 9.984444e-01 -8.544444e-01 4.177778e-01 4.141667e-01 2.430741e+00 -5.942593e-03 2.018519e-01 
3.218333e-01 4.250000e-02 6.882222e-01 1.804444e-09 9.033333e-01 -9.055556e-01 -3.155556e-01 3.083333e-02 2.887037e+00 1.577222e-02 5.722222e-01 
2.764630e-01 4.901852e-02 7.482222e-01 2.568889e-09 9.651111e-01 -1.054444e+00 -1.333333e-01 1.808333e-01 3.566296e+00 -6.398148e-03 1.722222e-01 
2.959074e-01 4.042593e-02 6.811111e-01 2.191111e-09 9.184444e-01 -7.500000e-01 3.244444e-01 7.250000e-02 2.819630e+00 -1.232037e-02 9.129630e-01 
3.125000e-01 4.498148e-02 6.682222e-01 1.768889e-09 9.353333e-01 -1.278889e+00 -6.622222e-01 4.041667e-01 2.472222e+00 3.927778e-03 5.500000e-01 
2.699815e-01 4.205556e-02 7.037778e-01 1.911111e-09 9.713333e-01 -1.298889e+00 2.222222e-01 6.583333e-02 2.778148e+00 -1.596481e-02 6.722222e-01 
3.060185e-01 4.731481e-02 7.531111e-01 2.608889e-09 9.344444e-01 -7.277778e-01 -4.711111e-01 1.975000e-01 2.410000e+00 -6.094444e-03 4.685185e-01 
3.106852e-01 4.409259e-02 6.624444e-01 1.626667e-09 8.913333e-01 -9.100000e-01 -8.888889e-03 4.275000e-01 3.384815e+00 8.635185e-03 2.907407e-01 
2.751667e-01 4.724074e-02 6.922222e-01 1.920000e-09 9.202222e-01 -1.165556e+00 -5.644444e-01 7.083333e-02 3.431481e+00 7.116667e-03 1.796296e-01 
2.873519e-01 4.287037e-02 7.571111e-01 1.897778e-09 9.926667e-01 -1.070000e+00 -1.555556e-01 3.291667e-01 2.482593e+00 -2.386111e-02 7.388889e-01 
3.270185e-01 4.605556e-02 6.673333e-01 2.537778e-09 9.126667e-01 -7.566667e-01 4.577778e-01 2.908333e-01 2.902593e+00 -1.538889e-03 6.166667e-01 
2.702407e-01 4.646296e-02 7.233333e-01 1.751111e-09 9.588889e-01 -7.144444e-01 4.444444e-02 3.308333e-01 3.187778e+00 -2.416481e-02 6.907407e-01 
2.847593e-01 4.024074e-02 6.580000e-01 2.306667e-09 9.620000e-01 -1.281111e+00 -5.111111e-01 2.058333e-01 2.420370e+00 -1.722222e-04 4.759259e-01 
3.290926e-01 4.753704e-02 7.148889e-01 2.173333e-09 8.940000e-01 -1.065556e+00 3.911111e-01 8.333333e-04 3.058148e+00 2.561111e-03 3.166667e-01 
2.785370e-01 4.364815e-02 7.033333e-01 2.004444e-09 9.966667e-01 -1.141111e+00 1.955556e-01 1.391667e-01 2.866296e+00 1.562037e-02 9.611111e-01 
2.894259e-01 4.887037e-02 7.264444e-01 1.831111e-09 9.455556e-01 -1.078889e+00 -1.466667e-01 3.941667e-01 2.295926e+00 -2.173519e-02 1.388889e-01 
3.132778e-01 4.275926e-02 6.566667e-01 2.328889e-09 8.815556e-01 -7.855556e-01 -3.066667e-01 1.908333e-01 3.509259e+00 -8.524074e-03 5.685185e-01 
2.826852e-01 4.683333e-02 6.548889e-01 1.800000e-09 9.211111e-01 -9.077778e-01 -2.622222e-01 1.191667e-01 3.462593e+00 7.572222e-03 9.981481e-01 
3.018704e-01 4.483333e-02 7.508889e-01 2.226667e-09 9.104444e-01 -1.258889e+00 4.800000e-01 1.775000e-01 2.995926e+00 -2.143148e-02 3.092593e-01 
3.135370e-01 4.142593e-02 6.877778e-01 2.400000e-09 9.860000e-01 -8.255556e-01 -4.088889e-01 3.858333e-01 2.249259e+00 4.351852e-04 3.648148e-01 
2.624630e-01 4.235185e-02 7.295556e-01 2.333333e-09 8.904444e-01 -1.096667e+00 -5.022222e-01 4.750000e-02 2.658889e+00 -7.005556e-03 3.981481e-01 
2.852778e-01 4.494444e-02 6.628889e-01 1.560000e-09 9.553333e-01 -1.123333e+00 2.444444e-01 4.225000e-01 3.322593e+00 -2.036852e-02 8.018519e-01 
3.298704e-01 4.742593e-02 6.815556e-01 2.235556e-09 9.766667e-01 -7.677778e-01 -4.000000e-02 1.841667e-01 2.674444e+00 1.546852e-02 3.277778e-01 
2.655741e-01 4.664815e-02 7.126667e-01 2.368889e-09 9.788889e-01 -1.010000e+00 -4.844444e-01 1.250000e-02 2.555185e+00 -2.249444e-02 5.129630e-01 
2.863148e-01 4.668519e-02 7.491111e-01 2.062222e-09 8.980000e-01 -7.966667e-01 -1.066667e-01 4.175000e-01 2.871481e+00 1.319074e-02 7.277778e-01 
3.244259e-01 4.290741e-02 6.402222e-01 1.795556e-09 9.375556e-01 -1.147778e+00 1.600000e-01 1.941667e-01 3.296667e+00 -5.335185e-03 7.222222e-02 
2.611667e-01 4.135185e-02 6.464444e-01 2.177778e-09 9.144444e-01 -8.988889e-01 -2.311111e-01 3.275000e-01 2.747037e+00 -1.824259e-02 7.203704e-01 
2.925370e-01 4.520370e-02 7.237778e-01 1.502222e-09 9.771111e-01 -1.043333e+00 4.133333e-01 1.325000e-01 2.586296e+00 1.227963e-02 2.648148e-01 
3.296111e-01 4.750000e-02 7.188889e-01 2.697778e-09 9.335556e-01 -1.114444e+00 -4.755556e-01 1.925000e-01 3.488519e+00 -2.601852e-03 4.574074e-01 
2.622037e-01 4.461111e-02 7.411111e-01 2.448889e-09 9.615556e-01 -8.366667e-01 -4.000000e-01 2.625000e-01 3.047778e+00 1.410185e-02 1.462963e-01 
3.031667e-01 4.098148e-02 6.531111e-01 2.084444e-09 9.340000e-01 -1.152222e+00 -2.933333e-01 6.916667e-02 3.390000e+00 -1.611667e-02 9.092593e-01 
3.283148e-01 4.687037e-02 7.180000e-01 1.888889e-09 9.122222e-01 -9.966667e-01 4.444444e-01 3.641667e-01 2.238889e+00 -7.612963e-03 3.944444e-01 
2.832037e-01 4.568519e-02 7.344444e-01 2.262222e-09 9.975556e-01 -7.811111e-01 -3.777778e-01 2.891667e-01 2.632963e+00 1.303889e-02 8.425926e-01 
2.956481e-01 4.794444e-02 6.708889e-01 1.537778e-09 9.366667e-01 -1.094444e+00 -2.711111e-01 3.558333e-01 3.307037e+00 -2.052037e-02 8.703704e-02 
3.067963e-01 4.068519e-02 7.042222e-01 2.613333e-09 8.908889e-01 -1.194444e+00 1.777778e-01 7.500000e-03 2.892222e+00 -8.675926e-03 5.870370e-01 
2.697222e-01 4.627778e-02 7.504444e-01 2.462222e-09 9.802222e-01 -1.241111e+00 -4.577778e-01 2.758333e-01 2.477407e+00 -5.183333e-03 2.240741e-01 
3.016111e-01 4.020370e-02 6.686667e-01 1.991111e-09 9.397778e-01 -7.388889e-01 3.688889e-01 3.141667e-01 2.830000e+00 1.395000e-02 4.462963e-01 
3.127593e-01 4.857407e-02 6.931111e-01 1.688889e-09 9.091111e-01 -1.016667e+00 -1.511111e-01 8.916667e-02 3.167037e+00 -2.401296e-02 9.240741e-01 
2.632407e-01 4.512963e-02 6.584444e-01 2.488889e-09 8.988889e-01 -7.166667e-01 -3.200000e-01 2.308333e-01 2.855926e+00 8.938889e-03 4.944444e-01 
3.057593e-01 4.757407e-02 7.442222e-01 2.293333e-09 9.891111e-01 -1.174444e+00 -5.777778e-02 3.225000e-01 3.358889e+00 -1.235185e-03 9.537037e-01 
3.104259e-01 4.087037e-02 6.908889e-01 1.742222e-09 9.362222e-01 -1.087778e+00 2.488889e-01 1.458333e-01 2.399630e+00 -2.097593e-02 1.574074e-01 
2.813889e-01 4.631481e-02 7.331111e-01 1.551111e-09 9.740000e-01 -1.270000e+00 -4.933333e-01 2.208333e-01 2.757407e+00 8.787037e-03 1.870370e-01 
3.029074e-01 4.320370e-02 7.184444e-01 2.342222e-09 9.411111e-01 -9.322222e-01 4.888889e-01 4.025000e-01 3.535185e+00 -1.839444e-02 4.833333e-01 
3.075741e-01 4.746296e-02 6.455556e-01 2.284444e-09 9.171111e-01 -7.722222e-01 -2.400000e-01 5.083333e-02 2.352963e+00 1.314815e-04 7.759259e-01 
2.635000e-01 4.850000e-02 6.602222e-01 2.213333e-09 9.251111e-01 -1.056667e+00 2.977778e-01 4.008333e-01 2.783333e+00 5.446296e-03 8.240741e-01 
2.935741e-01 4.157407e-02 7.455556e-01 2.395556e-09 9.188889e-01 -8.277778e-01 7.111111e-02 1.416667e-02 3.530000e+00 -3.361111e-03 3.462963e-01 
3.288333e-01 4.531481e-02 6.846667e-01 1.835556e-09 9.828889e-01 -1.125556e+00 -5.911111e-01 2.491667e-01 2.492963e+00 -2.112778e-02 3.129630e-01 
2.821667e-01 4.168519e-02 7.557778e-01 2.288889e-09 9.322222e-01 -1.227778e+00 -3.644444e-01 3.025000e-01 2.767778e+00 1.364630e-02 7.944444e-01 
2.883889e-01 4.390741e-02 6.468889e-01 1.640000e-09 9.908889e-01 -8.855556e-01 3.288889e-01 3.250000e-02 2.529259e+00 -8.827778e-03 5.944444e-01 
3.231296e-01 4.894444e-02 7.108889e-01 2.386667e-09 9.002222e-01 -9.255556e-01 3.111111e-02 2.841667e-01 3.244815e+00 -1.885000e-02 7.592593e-02 
2.728333e-01 4.238889e-02 6.771111e-01 2.244444e-09 8.891111e-01 -9.744444e-01 8.000000e-02 4.358333e-01 2.373704e+00 6.661111e-03 1.907407e-01 
2.972037e-01 4.927778e-02 6.802222e-01 2.373333e-09 9.611111e-01 -8.344444e-01 -6.266667e-01 2.325000e-01 3.353704e+00 -2.446852e-02 4.870370e-01 
3.101667e-01 4.383333e-02 7.548889e-01 1.702222e-09 9.424444e-01 -1.205556e+00 2.755556e-01 4.166667e-03 2.985556e+00 2.257407e-03 7.796296e-01 
2.681667e-01 4.242593e-02 7.117778e-01 1.866667e-09 9.606667e-01 -8.100000e-01 5.777778e-02 1.083333e-02 2.736667e+00 -9.283333e-03 2.777778e-02 
2.948704e-01 4.868519e-02 6.517778e-01 2.355556e-09 9.260000e-01 -1.192222e+00 -5.288889e-01 2.858333e-01 2.389259e+00 -1.793889e-02 7.166667e-01 
3.254630e-01 4.594444e-02 7.224444e-01 2.217778e-09 9.197778e-01 -9.388889e-01 2.266667e-01 3.441667e-01 3.587037e+00 1.516481e-02 6.314815e-01 
2.759444e-01 4.046296e-02 7.535556e-01 2.115556e-09 9.628889e-01 -8.411111e-01 -3.288889e-01 3.758333e-01 3.478148e+00 -2.753704e-03 5.537037e-01 
2.997963e-01 4.679630e-02 7.100000e-01 2.648889e-09 9.162222e-01 -9.166667e-01 1.155556e-01 2.583333e-02 2.487778e+00 -1.642037e-02 2.407407e-02 
3.215741e-01 4.427778e-02 6.446667e-01 1.608889e-09 9.402222e-01 -1.176667e+00 5.333333e-02 1.958333e-01 2.798889e+00 5.750000e-03 9.203704e-01 
2.829444e-01 4.912963e-02 6.917778e-01 2.533333e-09 8.811111e-01 -9.544444e-01 3.555556e-01 1.125000e-01 2.845556e+00 -1.505370e-02 7.611111e-01 
2.987593e-01 4.253704e-02 6.704444e-01 2.128889e-09 9.575556e-01 -7.122222e-01 -5.955556e-01 2.741667e-01 3.405556e+00 1.091296e-02 2.574074e-01 
3.166481e-01 4.401852e-02 7.433333e-01 1.506667e-09 9.637778e-01 -1.285556e+00 2.222222e-02 3.158333e-01 2.394444e+00 -3.968519e-03 6.092593e-01 
2.606481e-01 4.353704e-02 6.788889e-01 2.480000e-09 9.971111e-01 -9.988889e-01 1.644444e-01 2.341667e-01 2.415185e+00 -9.890741e-03 9.018519e-01 
3.044630e-01 4.964815e-02 7.082222e-01 2.208889e-09 8.828889e-01 -7.366667e-01 -2.666667e-02 1.041667e-01 3.255185e+00 7.875926e-03 6.203704e-01 
3.080926e-01 4.161111e-02 7.451111e-01 1.693333e-09 9.406667e-01 -1.154444e+00 -4.355556e-01 3.541667e-01 2.944074e+00 -1.444630e-02 1.296296e-02 
2.756852e-01 4.246296e-02 6.411111e-01 2.120000e-09 9.895556e-01 -9.122222e-01 6.666667e-02 4.491667e-01 3.141111e+00 1.953704e-03 6.796296e-01 
3.042037e-01 4.879630e-02 6.980000e-01 2.502222e-09 9.460000e-01 -1.161111e+00 -6.311111e-01 8.750000e-02 2.368519e+00 4.687037e-03 2.129630e-01 
3.143148e-01 4.553704e-02 7.562222e-01 1.844444e-09 8.935556e-01 -7.322222e-01 2.088889e-01 2.075000e-01 3.120370e+00 -2.006481e-02 5.277778e-01 
