# mean(lg_P) also median/mode
4.101113 4.075125 4.039117 3.998516 3.958746 3.896172 3.861178 3.818888 3.781692 3.760913 3.733227 3.695241 3.638104 3.583396 3.505917 3.437518 3.376720 3.338395 3.295706 3.223324 3.146887 3.094419 3.039947 2.977291 2.909602 2.857109 2.793363 2.734927 2.674489 2.619200 2.564462 2.510621 2.458056 2.401815 2.351328 2.303009 2.259368 2.208794 2.162821 2.123656 2.076733 2.031631 1.992554 1.953592 1.907264 1.864355 1.823445 1.777685 1.730335 1.686218 1.635783 1.580897 1.519679 1.456983 1.391898 1.333649 1.265581 1.201500 1.122356 1.049510 0.973239 0.903314 0.822912 0.755382
4.198188 4.182108 4.154718 4.122570 4.089672 4.035433 4.008263 3.973124 3.943828 3.925944 3.901180 3.869764 3.809931 3.756320 3.686491 3.637589 3.576340 3.545691 3.501839 3.427984 3.363490 3.319565 3.265173 3.203131 3.151021 3.095817 3.038271 2.991304 2.939876 2.892787 2.843590 2.796718 2.747834 2.713357 2.665983 2.625419 2.570443 2.539442 2.495525 2.462207 2.418730 2.401475 2.350095 2.308286 2.268499 2.224514 2.172743 2.126882 2.070120 2.008245 1.946189 1.882747 1.804604 1.740576 1.665716 1.589152 1.518190 1.445446 1.371300 1.282439 1.217112 1.142416 1.062055 0.984406
4.076259 4.059685 4.036122 4.007618 3.978378 3.927942 3.899568 3.860438 3.826580 3.807941 3.782032 3.746015 3.687357 3.653879 3.589986 3.528478 3.466709 3.422505 3.383847 3.322094 3.252188 3.199190 3.145013 3.085709 3.027136 2.974087 2.912539 2.860066 2.801724 2.750324 2.694500 2.647278 2.596859 2.533259 2.481326 2.436337 2.381807 2.358774 2.292529 2.257477 2.220481 2.182532 2.115637 2.073516 2.039368 1.998485 1.937817 1.894647 1.844056 1.790535 1.735419 1.674745 1.622152 1.551423 1.485352 1.417628 1.346318 1.269910 1.192095 1.114410 1.038970 0.963365 0.882894 0.795525
4.063719 4.038811 4.003394 3.963262 3.923213 3.863131 3.830010 3.794355 3.757557 3.733623 3.705586 3.668637 3.610990 3.552011 3.472729 3.404508 3.345940 3.309879 3.262721 3.186349 3.106882 3.056515 3.000912 2.933151 2.865232 2.809884 2.741649 2.681035 2.618730 2.558877 2.503152 2.445869 2.389432 2.329814 2.276714 2.222852 2.173261 2.120699 2.072629 2.019424 1.982339 1.934642 1.875163 1.835087 1.796133 1.752711 1.706276 1.658025 1.607612 1.556010 1.504230 1.447973 1.392820 1.329616 1.266290 1.214428 1.153937 1.083836 0.998690 0.930711 0.861935 0.779090 0.700051 0.618584
4.105396 4.082643 4.050739 4.015912 3.976247 3.917134 3.881941 3.839791 3.804085 3.784652 3.759059 3.727689 3.671847 3.625949 3.552485 3.487375 3.418012 3.381291 3.344697 3.279494 3.205446 3.148708 3.095035 3.038143 2.973836 2.919842 2.860466 2.804232 2.746665 2.693272 2.636162 2.585678 2.537654 2.477087 2.428896 2.382003 2.338275 2.300364 2.247778 2.203630 2.168921 2.117896 2.081046 2.039513 1.990148 1.946765 1.903194 1.854539 1.803024 1.752596 1.703505 1.646706 1.586749 1.524004 1.460200 1.395558 1.326796 1.255097 1.181712 1.104934 1.030101 0.955151 0.876375 0.800340
4.179485 4.170443 4.148826 4.130333 4.108041 4.059283 4.037614 4.008433 3.976933 3.957262 3.935916 3.904374 3.849467 3.808012 3.749372 3.699555 3.641514 3.606411 3.574518 3.512397 3.442008 3.397968 3.356763 3.297881 3.240329 3.196601 3.137522 3.091142 3.052981 3.007192 2.964598 2.923476 2.872293 2.840839 2.798988 2.766697 2.730025 2.686741 2.645707 2.618947 2.573614 2.550500 2.496302 2.461580 2.410512 2.372175 2.288142 2.257414 2.199677 2.136749 2.073416 2.009291 1.926474 1.841327 1.774621 1.701777 1.607112 1.532017 1.475510 1.381852 1.319349 1.239413 1.163573 1.054005
4.118685 4.086833 4.045349 3.996500 3.952222 3.883907 3.843255 3.804059 3.764358 3.744467 3.717616 3.681822 3.623028 3.559464 3.474569 3.402016 3.341779 3.308509 3.264952 3.187018 3.105872 3.053575 3.000674 2.935559 2.866336 2.811676 2.744501 2.686266 2.625386 2.566912 2.511809 2.456170 2.399789 2.340609 2.290392 2.237622 2.188980 2.142554 2.091194 2.044014 2.002099 1.956165 1.907238 1.866581 1.824148 1.779606 1.742854 1.694984 1.649551 1.599283 1.547518 1.496145 1.440616 1.377506 1.316297 1.260470 1.197113 1.125312 1.051451 0.982673 0.911648 0.832032 0.757468 0.679915
4.100856 4.082164 4.053661 4.020349 3.987485 3.932251 3.901113 3.860549 3.826260 3.807156 3.780236 3.746616 3.682633 3.639601 3.567900 3.508394 3.444355 3.406038 3.362859 3.292125 3.220915 3.168997 3.112656 3.051658 2.988058 2.933691 2.873162 2.815291 2.757271 2.703930 2.645588 2.595245 2.543891 2.484547 2.436295 2.389239 2.347188 2.303717 2.252099 2.213104 2.169840 2.122889 2.079894 2.034581 1.985434 1.944200 1.888889 1.844519 1.791653 1.743057 1.691180 1.631771 1.577045 1.509895 1.445983 1.378144 1.314039 1.242625 1.158352 1.082339 1.015983 0.938832 0.857013 0.774112
4.171572 4.160996 4.141514 4.121150 4.094411 4.049639 4.024296 3.993691 3.967325 3.949278 3.925880 3.897348 3.844984 3.800481 3.736882 3.691677 3.630845 3.598285 3.564068 3.496433 3.435201 3.385724 3.342919 3.281796 3.230443 3.181761 3.125637 3.080999 3.034487 2.989092 2.941650 2.900486 2.852278 2.816048 2.775869 2.740041 2.703733 2.656769 2.619245 2.586166 2.539489 2.525127 2.474096 2.427203 2.386305 2.342402 2.278885 2.235136 2.178545 2.116036 2.052775 1.987042 1.903644 1.831560 1.757055 1.679653 1.595417 1.524650 1.461135 1.372946 1.303040 1.226900 1.153206 1.058503
4.162546 4.135377 4.098355 4.055357 4.013432 3.948277 3.911056 3.868589 3.831149 3.813248 3.786728 3.752331 3.685842 3.633670 3.550841 3.482402 3.417917 3.385381 3.342732 3.264620 3.184769 3.133041 3.079087 3.012549 2.945937 2.890816 2.826466 2.768767 2.706806 2.651290 2.592132 2.539998 2.486126 2.428364 2.379412 2.329397 2.288275 2.233879 2.187444 2.142004 2.096690 2.046262 2.007385 1.958068 1.918339 1.867436 1.824055 1.770408 1.720621 1.666936 1.612435 1.552311 1.490819 1.423451 1.357979 1.294064 1.227377 1.154267 1.071216 0.993025 0.923110 0.841511 0.758736 0.674393
4.163405 4.145211 4.116539 4.086838 4.051471 3.997298 3.965969 3.929433 3.895187 3.877053 3.850050 3.815443 3.760053 3.713320 3.644311 3.588980 3.524906 3.489096 3.449409 3.382475 3.314028 3.264358 3.214684 3.154354 3.096920 3.046152 2.987053 2.937413 2.883754 2.836073 2.785781 2.737196 2.690362 2.651790 2.600396 2.558018 2.502037 2.474868 2.421237 2.390077 2.353323 2.318553 2.278177 2.234635 2.192800 2.144090 2.104432 2.053016 1.998437 1.941894 1.885280 1.823911 1.751547 1.682244 1.613730 1.540208 1.466180 1.398155 1.325052 1.237139 1.166350 1.091470 1.013225 0.934330
4.027921 4.016575 3.995428 3.974717 3.948567 3.904801 3.881086 3.844619 3.816275 3.800680 3.776202 3.742023 3.684015 3.653037 3.589512 3.536198 3.478798 3.439885 3.404497 3.339270 3.274270 3.225559 3.177528 3.115606 3.060105 3.010563 2.951435 2.899246 2.846821 2.795238 2.742526 2.694799 2.649576 2.603978 2.554027 2.511038 2.451962 2.427868 2.378552 2.345971 2.312668 2.283370 2.241095 2.194445 2.161389 2.122356 2.068264 2.030475 1.985126 1.931254 1.873500 1.818588 1.750361 1.687953 1.620839 1.544032 1.466809 1.397716 1.332038 1.246988 1.175319 1.104640 1.025487 0.941733
4.139722 4.112565 4.074577 4.029229 3.988894 3.924764 3.890529 3.849595 3.815175 3.797480 3.768365 3.729957 3.663018 3.600792 3.522827 3.460731 3.405688 3.371675 3.319299 3.237258 3.163432 3.120392 3.059734 2.992856 2.929273 2.873908 2.808469 2.752338 2.692049 2.636299 2.580745 2.526941 2.473071 2.419403 2.370698 2.320808 2.283313 2.221851 2.183357 2.132548 2.087138 2.045683 2.000660 1.952493 1.911284 1.867729 1.820735 1.773189 1.723236 1.675373 1.624010 1.564113 1.500258 1.435609 1.372802 1.314610 1.253374 1.183285 1.100570 1.026086 0.960960 0.879891 0.802407 0.721178
4.091233 4.071362 4.041794 4.010332 3.974086 3.918901 3.885497 3.842667 3.808046 3.789059 3.762232 3.729474 3.673596 3.631351 3.557847 3.493405 3.426692 3.387347 3.350385 3.284210 3.213522 3.154911 3.104187 3.043123 2.980985 2.928302 2.866786 2.812423 2.752069 2.700162 2.640462 2.591376 2.542818 2.479774 2.431888 2.382367 2.337812 2.298361 2.244214 2.199803 2.165998 2.114905 2.065498 2.021787 1.981463 1.932972 1.882326 1.835740 1.782910 1.736007 1.681855 1.624051 1.567058 1.499883 1.435939 1.370686 1.296750 1.225603 1.148396 1.073307 0.997716 0.921160 0.838900 0.754701
4.168255 4.157257 4.136338 4.114848 4.091023 4.042382 4.017607 3.985868 3.956840 3.937123 3.914221 3.884571 3.832305 3.788713 3.724954 3.679107 3.614431 3.580254 3.545083 3.479774 3.418987 3.366508 3.321118 3.260333 3.210320 3.159023 3.103861 3.056504 3.010218 2.965168 2.915526 2.872784 2.825684 2.787135 2.748265 2.711246 2.669187 2.627648 2.592813 2.557417 2.510101 2.495399 2.444971 2.397552 2.358676 2.318296 2.249837 2.211801 2.156552 2.096915 2.033560 1.970664 1.889260 1.820317 1.747659 1.673974 1.591342 1.517837 1.446408 1.362415 1.291418 1.216801 1.136593 1.055489
