# var(lg_P)
0.000107 0.000075 0.000088 0.000128 0.000139 0.000113 0.000097 0.000075 0.000088 0.000065 0.000068 0.000087 0.000086 0.000099 0.000092 0.000124 0.000104 0.000090 0.000099 0.000085 0.000091 0.000087 0.000097 0.000128 0.000095 0.000089 0.000201 0.000154 0.000108 0.000126 0.000092 0.000130 0.000276 0.000076 0.000277 0.000249 0.001258 0.000709 0.000799 0.000927 0.001167 0.000141 0.001289 0.002129 0.000745 0.000382 0.002516 0.000629 0.000713 0.000416 0.000473 0.000549 0.000547 0.000563 0.000575 0.000644 0.000746 0.000970 0.000893 0.000820 0.001063 0.001100 0.001351 0.001499
0.000130 0.000086 0.000104 0.000171 0.000165 0.000138 0.000110 0.000143 0.000132 0.000080 0.000082 0.000103 0.000095 0.000117 0.000102 0.000140 0.000113 0.000106 0.000114 0.000100 0.000102 0.000103 0.000120 0.000172 0.000114 0.000100 0.000225 0.000164 0.000133 0.000139 0.000120 0.000167 0.000333 0.000098 0.000376 0.000334 0.001567 0.000941 0.001046 0.001068 0.001422 0.000224 0.001576 0.002573 0.001031 0.000517 0.002927 0.000720 0.000786 0.000579 0.000642 0.000665 0.000647 0.000629 0.000631 0.000629 0.000794 0.000888 0.000847 0.000853 0.001045 0.001239 0.001287 0.001550
0.000322 0.000206 0.000231 0.000454 0.000380 0.000305 0.000245 0.000312 0.000380 0.000187 0.000200 0.000206 0.000192 0.000262 0.000218 0.000231 0.000226 0.000207 0.000215 0.000200 0.000181 0.000206 0.000255 0.000353 0.000227 0.000218 0.000452 0.000338 0.000257 0.000276 0.000256 0.000355 0.000735 0.000250 0.000652 0.000678 0.002868 0.001972 0.001983 0.002319 0.002594 0.000485 0.003889 0.004738 0.001902 0.001230 0.006474 0.001229 0.001290 0.001070 0.001062 0.001022 0.001116 0.001054 0.000989 0.000950 0.001120 0.001372 0.001343 0.001345 0.001586 0.002044 0.001950 0.002852
0.000101 0.000077 0.000090 0.000147 0.000130 0.000123 0.000091 0.000089 0.000104 0.000070 0.000071 0.000087 0.000065 0.000106 0.000099 0.000122 0.000093 0.000089 0.000095 0.000086 0.000094 0.000088 0.000104 0.000137 0.000107 0.000093 0.000177 0.000145 0.000119 0.000130 0.000105 0.000146 0.000283 0.000120 0.000264 0.000288 0.001478 0.000745 0.000696 0.001018 0.001058 0.000172 0.001415 0.002137 0.000851 0.000493 0.002637 0.000641 0.000631 0.000487 0.000538 0.000506 0.000598 0.000604 0.000565 0.000643 0.000888 0.000994 0.000929 0.000924 0.001212 0.001423 0.001469 0.001928
0.000122 0.000079 0.000096 0.000124 0.000156 0.000127 0.000100 0.000123 0.000130 0.000074 0.000081 0.000090 0.000101 0.000112 0.000098 0.000120 0.000102 0.000097 0.000102 0.000093 0.000102 0.000097 0.000108 0.000144 0.000112 0.000096 0.000177 0.000168 0.000108 0.000128 0.000102 0.000126 0.000316 0.000069 0.000319 0.000194 0.001336 0.000821 0.001000 0.000928 0.001191 0.000152 0.001408 0.002332 0.000919 0.000518 0.002436 0.000603 0.000656 0.000402 0.000507 0.000505 0.000560 0.000586 0.000519 0.000694 0.000773 0.000936 0.000901 0.000839 0.001071 0.001254 0.001213 0.001505
0.001132 0.000674 0.000706 0.001397 0.001147 0.001110 0.000856 0.001110 0.001473 0.000628 0.000695 0.000602 0.000746 0.000858 0.000700 0.000718 0.000715 0.000644 0.000686 0.000601 0.000547 0.000593 0.000882 0.001231 0.000705 0.000713 0.001239 0.001041 0.000765 0.000731 0.000877 0.001018 0.002285 0.000682 0.002097 0.001812 0.011536 0.005819 0.005873 0.008113 0.008172 0.001299 0.011023 0.014733 0.005361 0.003280 0.014765 0.003360 0.003573 0.002687 0.003062 0.002717 0.002832 0.002274 0.002186 0.002001 0.001922 0.002430 0.002545 0.002254 0.002521 0.003678 0.003624 0.004868
0.000109 0.000077 0.000093 0.000148 0.000134 0.000129 0.000091 0.000073 0.000102 0.000075 0.000076 0.000091 0.000068 0.000099 0.000093 0.000124 0.000091 0.000087 0.000102 0.000089 0.000086 0.000090 0.000106 0.000133 0.000104 0.000093 0.000163 0.000153 0.000110 0.000124 0.000106 0.000129 0.000292 0.000100 0.000301 0.000245 0.001240 0.000777 0.000792 0.001036 0.001120 0.000182 0.001219 0.001933 0.000781 0.000421 0.002706 0.000568 0.000656 0.000576 0.000515 0.000628 0.000587 0.000595 0.000571 0.000664 0.000846 0.000987 0.000896 0.000883 0.001108 0.001377 0.001334 0.001449
0.000122 0.000077 0.000094 0.000140 0.000131 0.000123 0.000100 0.000112 0.000107 0.000076 0.000072 0.000085 0.000076 0.000107 0.000092 0.000117 0.000097 0.000092 0.000101 0.000085 0.000095 0.000097 0.000107 0.000155 0.000110 0.000092 0.000183 0.000161 0.000111 0.000122 0.000104 0.000143 0.000299 0.000070 0.000336 0.000224 0.001135 0.000789 0.000836 0.000922 0.001251 0.000177 0.001163 0.002082 0.000817 0.000464 0.002647 0.000588 0.000587 0.000428 0.000399 0.000427 0.000585 0.000552 0.000516 0.000646 0.000744 0.000929 0.000830 0.000835 0.000919 0.001312 0.001335 0.001584
0.000177 0.000123 0.000147 0.000240 0.000233 0.000195 0.000158 0.000222 0.000217 0.000121 0.000112 0.000136 0.000141 0.000165 0.000141 0.000176 0.000157 0.000137 0.000148 0.000123 0.000146 0.000130 0.000165 0.000223 0.000158 0.000135 0.000277 0.000213 0.000172 0.000182 0.000170 0.000225 0.000439 0.000163 0.000460 0.000465 0.002125 0.001277 0.001402 0.001761 0.001862 0.000291 0.002153 0.003100 0.001392 0.000794 0.004194 0.001012 0.000909 0.000757 0.000845 0.000868 0.000869 0.000802 0.000763 0.000830 0.001095 0.001286 0.001122 0.001122 0.001322 0.001489 0.001489 0.002016
0.000109 0.000077 0.000093 0.000147 0.000145 0.000131 0.000098 0.000121 0.000117 0.000068 0.000072 0.000097 0.000075 0.000114 0.000092 0.000120 0.000092 0.000097 0.000105 0.000090 0.000093 0.000096 0.000104 0.000138 0.000095 0.000092 0.000196 0.000156 0.000114 0.000124 0.000104 0.000149 0.000293 0.000092 0.000305 0.000253 0.001310 0.000802 0.000808 0.001041 0.001206 0.000168 0.001333 0.002471 0.000799 0.000519 0.002790 0.000648 0.000733 0.000537 0.000635 0.000694 0.000562 0.000567 0.000573 0.000580 0.000795 0.000913 0.000948 0.000999 0.001128 0.001459 0.001415 0.001658
0.000119 0.000078 0.000097 0.000154 0.000168 0.000131 0.000110 0.000117 0.000135 0.000076 0.000078 0.000098 0.000125 0.000106 0.000091 0.000123 0.000101 0.000098 0.000110 0.000099 0.000093 0.000095 0.000105 0.000145 0.000105 0.000096 0.000184 0.000173 0.000115 0.000132 0.000110 0.000153 0.000295 0.000102 0.000268 0.000295 0.001307 0.000859 0.000821 0.001206 0.001193 0.000249 0.001295 0.002219 0.000837 0.000518 0.002695 0.000709 0.000713 0.000579 0.000570 0.000657 0.000588 0.000577 0.000538 0.000611 0.000734 0.000859 0.000846 0.000785 0.001117 0.001104 0.001260 0.001516
0.000113 0.000079 0.000100 0.000173 0.000135 0.000133 0.000113 0.000121 0.000122 0.000075 0.000081 0.000093 0.000087 0.000104 0.000105 0.000134 0.000107 0.000094 0.000110 0.000095 0.000106 0.000098 0.000112 0.000152 0.000126 0.000097 0.000199 0.000182 0.000124 0.000141 0.000121 0.000152 0.000355 0.000163 0.000318 0.000349 0.001420 0.000790 0.001003 0.001135 0.001288 0.000261 0.001513 0.001983 0.000872 0.000588 0.003027 0.000672 0.000787 0.000631 0.000739 0.000678 0.000653 0.000608 0.000635 0.000666 0.000823 0.000951 0.000921 0.000887 0.001117 0.001268 0.001211 0.001703
0.000115 0.000081 0.000089 0.000173 0.000154 0.000127 0.000092 0.000109 0.000119 0.000077 0.000077 0.000094 0.000102 0.000109 0.000096 0.000127 0.000106 0.000098 0.000102 0.000100 0.000098 0.000094 0.000107 0.000143 0.000099 0.000095 0.000198 0.000169 0.000116 0.000123 0.000104 0.000147 0.000317 0.000086 0.000351 0.000286 0.001438 0.000797 0.000859 0.001025 0.001193 0.000155 0.001406 0.002299 0.000829 0.000477 0.002641 0.000660 0.000653 0.000577 0.000618 0.000613 0.000587 0.000593 0.000507 0.000627 0.000847 0.000949 0.001043 0.000883 0.001065 0.001360 0.001509 0.001754
0.000123 0.000088 0.000104 0.000172 0.000171 0.000144 0.000121 0.000125 0.000137 0.000080 0.000079 0.000101 0.000097 0.000127 0.000116 0.000128 0.000106 0.000100 0.000112 0.000100 0.000099 0.000107 0.000112 0.000162 0.000115 0.000093 0.000202 0.000181 0.000130 0.000149 0.000120 0.000154 0.000382 0.000086 0.000317 0.000216 0.001307 0.000785 0.000998 0.001113 0.001675 0.000162 0.001527 0.002260 0.000901 0.000494 0.002589 0.000682 0.000773 0.000405 0.000409 0.000430 0.000645 0.000631 0.000557 0.000637 0.000778 0.000978 0.000922 0.000871 0.001181 0.001305 0.001494 0.001643
0.000108 0.000080 0.000098 0.000158 0.000144 0.000139 0.000112 0.000122 0.000127 0.000078 0.000079 0.000097 0.000110 0.000112 0.000098 0.000131 0.000105 0.000107 0.000112 0.000101 0.000105 0.000101 0.000119 0.000164 0.000110 0.000097 0.000212 0.000192 0.000121 0.000140 0.000106 0.000149 0.000329 0.000107 0.000366 0.000279 0.001285 0.000833 0.001033 0.001155 0.001261 0.000180 0.001769 0.002215 0.000934 0.000524 0.003216 0.000752 0.000700 0.000638 0.000647 0.000683 0.000640 0.000643 0.000593 0.000694 0.000871 0.000919 0.000933 0.000883 0.001068 0.001223 0.001338 0.001554
