# mean(lg_P) also median/mode
4.305577 4.281165 4.245538 4.205039 4.163738 4.099736 4.064839 4.028929 3.988776 3.965091 3.937826 3.901641 3.839904 3.787591 3.713556 3.652148 3.585530 3.552053 3.510877 3.439003 3.367634 3.316222 3.265976 3.208418 3.148861 3.098864 3.039158 2.992308 2.936544 2.889321 2.841578 2.797998 2.749400 2.706246 2.662703 2.622921 2.582775 2.541045 2.503700 2.464561 2.427470 2.389933 2.352164 2.314762 2.270597 2.227299 2.183114 2.135383 2.089273 2.034798 1.980090 1.926538 1.866932 1.810699 1.745091 1.681478 1.622076 1.556511 1.468689 1.406949 1.333625 1.254600 1.171305 1.111200
4.422100 4.405907 4.376764 4.345279 4.313551 4.258565 4.227158 4.195014 4.165015 4.146996 4.121251 4.089122 4.027188 3.980991 3.910913 3.859431 3.806300 3.769733 3.732592 3.657370 3.601956 3.563063 3.510272 3.455166 3.412584 3.362338 3.311259 3.272119 3.227889 3.186856 3.146792 3.101636 3.069297 3.027483 2.995647 2.958468 2.923275 2.897222 2.860079 2.821888 2.783040 2.741904 2.718278 2.675129 2.629211 2.580569 2.529907 2.480981 2.418062 2.359444 2.305051 2.241174 2.191402 2.084839 2.010520 1.937013 1.863741 1.789066 1.718011 1.639830 1.571151 1.498975 1.422856 1.342552
4.314669 4.299568 4.277965 4.246895 4.217781 4.158391 4.135976 4.101123 4.066176 4.044909 4.018889 3.986240 3.931007 3.890619 3.825794 3.769595 3.705106 3.662088 3.627452 3.565371 3.499348 3.453031 3.404307 3.348488 3.292969 3.249522 3.193799 3.153954 3.098479 3.057441 3.011708 2.971680 2.929098 2.887765 2.847596 2.807610 2.767651 2.728025 2.690854 2.652216 2.610079 2.567967 2.522653 2.475934 2.430414 2.375166 2.326050 2.269052 2.210006 2.145847 2.085151 2.019870 1.952598 1.905370 1.840257 1.769181 1.692020 1.622426 1.558486 1.470662 1.405691 1.333818 1.264464 1.194041
4.272573 4.249195 4.213983 4.174437 4.135695 4.070702 4.037760 4.000874 3.964752 3.942059 3.914932 3.878547 3.815207 3.760528 3.684550 3.623705 3.558716 3.526494 3.480826 3.407018 3.333589 3.280959 3.231005 3.168965 3.107714 3.055953 2.994318 2.943537 2.887907 2.837680 2.789746 2.738971 2.690381 2.643988 2.597979 2.553001 2.510459 2.477245 2.436441 2.396659 2.356927 2.314962 2.264844 2.223480 2.179183 2.131468 2.091705 2.040437 1.993059 1.936653 1.884970 1.823949 1.764741 1.702625 1.637961 1.574931 1.521811 1.455613 1.359539 1.301559 1.241656 1.161812 1.073898 0.991206
4.334007 4.312614 4.282163 4.245102 4.206805 4.145546 4.110592 4.072202 4.033626 4.012841 3.986618 3.955492 3.900503 3.854085 3.782067 3.719726 3.652651 3.616900 3.581847 3.516335 3.448649 3.397024 3.346338 3.292322 3.232555 3.188716 3.132127 3.088557 3.029850 2.989293 2.944528 2.900964 2.855861 2.814657 2.774513 2.735062 2.697277 2.657351 2.618555 2.583448 2.542796 2.501840 2.458459 2.416366 2.371787 2.326003 2.274429 2.221718 2.167679 2.109768 2.050318 1.988627 1.929561 1.882317 1.812791 1.743714 1.681465 1.610036 1.532236 1.463582 1.389058 1.314227 1.238962 1.163190
4.417914 4.409605 4.386881 4.366450 4.346151 4.292791 4.272412 4.244565 4.211099 4.193063 4.170110 4.139581 4.081385 4.048091 3.982325 3.936570 3.880488 3.838579 3.815409 3.748385 3.690620 3.656346 3.615260 3.558747 3.508851 3.468085 3.420607 3.383740 3.347100 3.314464 3.279176 3.235402 3.210796 3.175838 3.146363 3.110075 3.082507 3.058259 3.022910 2.992353 2.955450 2.918815 2.881208 2.844511 2.796042 2.742530 2.690392 2.634324 2.580821 2.523884 2.467744 2.393141 2.322313 2.202405 2.130690 2.050977 1.952170 1.883122 1.833180 1.725009 1.683288 1.609184 1.536279 1.475397
4.323935 4.293890 4.252997 4.204956 4.158809 4.087984 4.048960 4.010583 3.970671 3.949906 3.924529 3.888823 3.824608 3.764730 3.684195 3.618324 3.553165 3.524075 3.481461 3.405522 3.330150 3.279356 3.228177 3.169580 3.106997 3.055358 2.995849 2.945676 2.890155 2.841290 2.792763 2.743983 2.695146 2.649934 2.605135 2.563501 2.522490 2.488144 2.449045 2.411473 2.371515 2.334831 2.285069 2.243540 2.202489 2.156926 2.115428 2.066829 2.021744 1.968987 1.917817 1.863374 1.808111 1.740920 1.677049 1.610450 1.546561 1.475021 1.407836 1.338665 1.261193 1.183121 1.100355 1.035315
4.320011 4.301477 4.273027 4.239281 4.206424 4.149126 4.118186 4.082886 4.045722 4.024464 3.997631 3.963441 3.905144 3.857236 3.787940 3.731268 3.666769 3.631334 3.589338 3.519527 3.454472 3.405078 3.351746 3.296391 3.237741 3.193365 3.136054 3.091971 3.031694 2.991039 2.944402 2.901617 2.856601 2.812538 2.772907 2.734157 2.695371 2.655637 2.617686 2.579759 2.540272 2.500856 2.457326 2.415604 2.369741 2.324209 2.275095 2.223065 2.172085 2.115101 2.055582 1.993750 1.929868 1.874377 1.809026 1.735817 1.675404 1.608548 1.520867 1.450255 1.391178 1.317247 1.235542 1.152949
4.412670 4.402522 4.382396 4.359506 4.335817 4.281865 4.262155 4.230635 4.204828 4.187437 4.162710 4.132848 4.076639 4.041777 3.972911 3.926306 3.872820 3.833459 3.807193 3.735234 3.682830 3.645134 3.601916 3.543202 3.499178 3.456839 3.408159 3.373905 3.328380 3.295142 3.256637 3.214135 3.185808 3.149010 3.118365 3.080091 3.045264 3.019133 2.983693 2.946448 2.910533 2.866738 2.831083 2.785515 2.733713 2.680942 2.631127 2.574006 2.522825 2.460979 2.400241 2.340178 2.272176 2.163389 2.089278 2.015711 1.934861 1.862614 1.800074 1.710459 1.653673 1.580100 1.507906 1.432487
4.381435 4.355761 4.319979 4.276006 4.233934 4.166669 4.129534 4.089786 4.051729 4.031405 4.005885 3.971780 3.907544 3.854556 3.773627 3.709592 3.644899 3.614183 3.573407 3.496602 3.425590 3.374618 3.323510 3.264435 3.202664 3.156582 3.097361 3.052203 2.990814 2.947373 2.897749 2.854910 2.804248 2.762336 2.720051 2.679866 2.638309 2.597176 2.556687 2.514474 2.473871 2.433258 2.391624 2.348830 2.301739 2.252609 2.203280 2.150182 2.098840 2.043025 1.981962 1.922567 1.859164 1.791791 1.722584 1.651510 1.592373 1.519903 1.430539 1.364600 1.295468 1.217765 1.132718 1.045117
4.396134 4.379088 4.350197 4.318678 4.286725 4.224331 4.196451 4.163095 4.129900 4.108041 4.080566 4.047308 3.987663 3.946537 3.876141 3.822111 3.761615 3.724316 3.688803 3.620456 3.560171 3.516888 3.468954 3.413088 3.367442 3.317522 3.265358 3.226419 3.180073 3.137262 3.095934 3.052385 3.018516 2.974151 2.942470 2.903396 2.867431 2.840452 2.803079 2.769151 2.728027 2.688956 2.643768 2.601404 2.557923 2.503498 2.450812 2.397443 2.333839 2.272937 2.213246 2.151173 2.087714 2.020671 1.948538 1.878171 1.807060 1.737588 1.659216 1.584874 1.514601 1.441051 1.367239 1.288031
4.254026 4.243513 4.221625 4.200854 4.175455 4.122181 4.104861 4.074526 4.044778 4.024628 4.000460 3.968268 3.916821 3.875995 3.811776 3.764740 3.703855 3.667394 3.634870 3.567020 3.506619 3.465126 3.419238 3.359348 3.309975 3.268217 3.213886 3.172741 3.124602 3.082073 3.039272 2.996066 2.959988 2.917747 2.882892 2.846884 2.813466 2.783265 2.748010 2.717204 2.680635 2.646628 2.608604 2.568819 2.528486 2.483402 2.440982 2.389943 2.337820 2.281337 2.224349 2.166492 2.112329 2.029513 1.960916 1.893167 1.813465 1.744703 1.681459 1.596269 1.534255 1.457274 1.382060 1.315753
4.346819 4.320565 4.281835 4.238050 4.195935 4.132752 4.097924 4.062941 4.024989 4.003659 3.975271 3.936764 3.868632 3.810280 3.733837 3.676513 3.618142 3.586801 3.536983 3.457970 3.390575 3.345847 3.289015 3.230326 3.172824 3.122940 3.062965 3.016474 2.959063 2.910773 2.864261 2.820867 2.770704 2.729334 2.684255 2.645272 2.604367 2.561620 2.521657 2.480260 2.442015 2.402212 2.370303 2.328945 2.282923 2.235267 2.192650 2.141806 2.090665 2.036051 1.980429 1.922236 1.861485 1.798562 1.732730 1.665913 1.609144 1.542018 1.452648 1.390261 1.329323 1.254546 1.173472 1.092892
4.326982 4.307982 4.280863 4.246210 4.211168 4.147837 4.118982 4.081201 4.044502 4.023049 3.996226 3.964574 3.908920 3.864702 3.792572 3.733417 3.665708 3.630148 3.593388 3.526847 3.461649 3.411054 3.361910 3.305023 3.246801 3.203712 3.146482 3.105083 3.044940 3.002767 2.955848 2.916544 2.869418 2.828319 2.786628 2.747277 2.706618 2.665079 2.626030 2.588892 2.548180 2.507062 2.454634 2.412758 2.364666 2.311642 2.262359 2.205297 2.148194 2.090468 2.030017 1.964514 1.897796 1.856024 1.785663 1.715546 1.649249 1.576281 1.498272 1.429593 1.351819 1.274563 1.199836 1.117944
4.399994 4.389793 4.370172 4.344389 4.322250 4.266294 4.244354 4.214168 4.185771 4.166867 4.141444 4.112123 4.055705 4.021241 3.952348 3.904020 3.849118 3.808782 3.781434 3.710315 3.658846 3.619034 3.571512 3.514220 3.471745 3.428394 3.380242 3.344494 3.297466 3.260663 3.222559 3.180402 3.148689 3.114188 3.080490 3.045671 3.013019 2.984381 2.948217 2.914497 2.877982 2.835667 2.807019 2.761932 2.711877 2.663356 2.614668 2.557983 2.507376 2.451540 2.391044 2.331421 2.267556 2.152392 2.078859 2.008679 1.928119 1.855940 1.791295 1.701710 1.640090 1.566587 1.489692 1.419388
