# mean(lg_P) also median/mode
3.387057 3.358405 3.318732 3.278600 3.235884 3.184977 3.142037 3.103857 3.067451 3.042012 3.009861 2.975211 2.920717 2.860508 2.783559 2.710334 2.650746 2.611877 2.565353 2.492275 2.404659 2.343041 2.288399 2.216355 2.134396 2.071542 1.999295 1.919128 1.852029 1.776699 1.702693 1.627570 1.554208 1.480727 1.403086 1.327340 1.253832 1.181876 1.110008 1.036982 0.964152 0.893603 0.822953 0.755295 0.684185 0.620006 0.555881 0.496599 0.434325 0.374572 0.313635 0.253813 0.199839 0.137178 0.081729 0.026950 -0.024903 -0.079409 -0.133314 -0.182843 -0.242163 -0.298561 -0.349539 -0.406393
3.405292 3.387119 3.361068 3.329853 3.294972 3.251910 3.219781 3.191464 3.158869 3.129828 3.103588 3.075876 3.026542 2.966738 2.893715 2.837251 2.781812 2.744789 2.698095 2.622535 2.547351 2.490541 2.433619 2.363118 2.293157 2.227750 2.157636 2.083220 2.020690 1.945920 1.874001 1.803048 1.733487 1.660812 1.589866 1.522036 1.451624 1.382759 1.316706 1.246524 1.180393 1.116486 1.052083 0.990060 0.930593 0.868231 0.808565 0.766634 0.713687 0.660837 0.609570 0.554448 0.512644 0.456862 0.416572 0.375298 0.322962 0.238589 0.202132 0.173852 0.083234 0.027770 -0.019306 -0.084404
3.285697 3.271836 3.239094 3.210863 3.180461 3.138571 3.108154 3.071472 3.040507 3.019466 2.984070 2.955134 2.909996 2.862255 2.798017 2.730389 2.669837 2.624587 2.584019 2.522748 2.446950 2.380411 2.321818 2.256443 2.183880 2.117543 2.044977 1.973158 1.902104 1.830441 1.757081 1.686600 1.612604 1.535498 1.463324 1.388756 1.315315 1.241460 1.169833 1.098145 1.028488 0.955245 0.885792 0.818450 0.750980 0.684650 0.621007 0.558969 0.496750 0.435199 0.376001 0.317078 0.261870 0.201530 0.143085 0.082094 0.026932 -0.021131 -0.082133 -0.139515 -0.189081 -0.245317 -0.301558 -0.370051
3.315661 3.285949 3.252473 3.212420 3.172438 3.119981 3.081042 3.043801 3.008442 2.982001 2.956493 2.917880 2.862107 2.800478 2.719324 2.646198 2.589231 2.552314 2.502876 2.424096 2.332927 2.274081 2.219420 2.139478 2.056582 1.994014 1.915421 1.833298 1.762902 1.683565 1.605527 1.527968 1.448780 1.368393 1.289316 1.208076 1.128866 1.052566 0.974165 0.894196 0.816029 0.738560 0.661518 0.586951 0.509138 0.435938 0.364642 0.292063 0.219913 0.149628 0.079446 0.011154 -0.053640 -0.119552 -0.188684 -0.255745 -0.318185 -0.378161 -0.430061 -0.504058 -0.571610 -0.625061 -0.690269 -0.749196
3.304437 3.281899 3.247586 3.211547 3.170991 3.121737 3.082764 3.045470 3.008503 2.979727 2.955633 2.924284 2.878560 2.824190 2.749375 2.676098 2.610519 2.570572 2.532648 2.469455 2.385265 2.311831 2.262107 2.199644 2.117197 2.050073 1.983434 1.903761 1.837851 1.763515 1.690805 1.616731 1.545399 1.467525 1.395591 1.321066 1.247977 1.176452 1.105907 1.032429 0.961893 0.890891 0.821897 0.753286 0.685093 0.619983 0.555914 0.494560 0.433617 0.373048 0.313460 0.254261 0.199508 0.139773 0.088872 0.032268 -0.020601 -0.077554 -0.121711 -0.177880 -0.239188 -0.287725 -0.339031 -0.395029
3.393756 3.400558 3.366340 3.349077 3.327313 3.289888 3.265469 3.239094 3.208743 3.186584 3.156475 3.127651 3.082545 3.030264 2.977299 2.923864 2.864683 2.822344 2.792133 2.727321 2.646023 2.589566 2.543767 2.480025 2.405647 2.349797 2.287645 2.213496 2.165945 2.088897 2.028474 1.959546 1.898447 1.837652 1.765555 1.708218 1.646427 1.573688 1.513413 1.452784 1.400280 1.341685 1.278391 1.233036 1.181317 1.126271 1.076954 1.052494 1.009278 0.968041 0.921833 0.869584 0.840568 0.784460 0.738619 0.700782 0.653660 0.555817 0.496811 0.478644 0.378968 0.320786 0.243691 0.182585
3.381518 3.348776 3.302712 3.256072 3.208012 3.149555 3.103970 3.064685 3.026610 2.999659 2.971194 2.938497 2.881206 2.814226 2.727060 2.649378 2.592351 2.559296 2.511474 2.432135 2.337893 2.277234 2.227187 2.148919 2.065007 2.003924 1.927723 1.847367 1.778582 1.702062 1.625446 1.551116 1.475099 1.396282 1.320754 1.244094 1.167535 1.095099 1.020901 0.945103 0.871042 0.796902 0.725016 0.654655 0.581226 0.514128 0.447517 0.379731 0.315109 0.249156 0.183980 0.119459 0.059137 -0.001920 -0.059060 -0.123093 -0.174930 -0.229242 -0.284341 -0.342026 -0.404572 -0.453451 -0.512695 -0.564929
3.322123 3.300526 3.273852 3.241473 3.206078 3.160948 3.126606 3.091938 3.054484 3.022620 2.997243 2.966524 2.917216 2.861338 2.788097 2.720519 2.659915 2.619774 2.572993 2.503283 2.422503 2.356283 2.300226 2.230643 2.151585 2.083772 2.011258 1.933975 1.863278 1.786463 1.711091 1.635347 1.560161 1.483668 1.406068 1.329431 1.253387 1.179983 1.106026 1.029851 0.955320 0.881877 0.810250 0.740225 0.666705 0.599876 0.531214 0.466608 0.401482 0.335300 0.274221 0.210490 0.151990 0.091164 0.034416 -0.028164 -0.087757 -0.145978 -0.192900 -0.261103 -0.321767 -0.376189 -0.427251 -0.495344
3.373073 3.358670 3.342713 3.320196 3.294322 3.259031 3.229956 3.201378 3.177688 3.158964 3.126085 3.100358 3.059076 3.007659 2.946980 2.892668 2.835452 2.796288 2.761146 2.692144 2.621351 2.564497 2.510552 2.448401 2.377622 2.318772 2.254170 2.181436 2.127730 2.052924 1.986768 1.919000 1.854237 1.785697 1.718605 1.659686 1.593055 1.523659 1.460460 1.399349 1.339297 1.281258 1.220919 1.163425 1.112094 1.054675 1.001670 0.971813 0.927282 0.882385 0.836937 0.786954 0.752217 0.695929 0.653328 0.616615 0.571046 0.471795 0.427371 0.408018 0.302812 0.255821 0.187665 0.124234
3.381218 3.353731 3.314593 3.271630 3.226869 3.172182 3.131127 3.090868 3.053795 3.023665 2.997764 2.966854 2.912819 2.849806 2.763471 2.686804 2.624899 2.590129 2.544256 2.466029 2.373231 2.308190 2.255964 2.178005 2.093296 2.028874 1.951561 1.868123 1.796913 1.718000 1.639757 1.562156 1.483466 1.403219 1.324049 1.243673 1.163739 1.087969 1.011225 0.930866 0.853574 0.776934 0.700262 0.627508 0.550335 0.478180 0.407228 0.334480 0.266220 0.195159 0.125234 0.058105 -0.006578 -0.066643 -0.131722 -0.198662 -0.257542 -0.316952 -0.365498 -0.437585 -0.501436 -0.559754 -0.622632 -0.677642
3.364958 3.341297 3.313421 3.282345 3.247129 3.202439 3.166870 3.133426 3.102468 3.078584 3.046135 3.014381 2.965863 2.912922 2.844545 2.780601 2.720633 2.681011 2.639864 2.572202 2.494826 2.432662 2.379002 2.313494 2.237780 2.176348 2.107244 2.032141 1.970042 1.896955 1.827510 1.756994 1.688707 1.615921 1.546565 1.477545 1.408702 1.339198 1.272387 1.204407 1.139174 1.072968 1.009745 0.948426 0.885824 0.825971 0.770055 0.718276 0.665367 0.614296 0.560592 0.508669 0.458866 0.404012 0.359565 0.313191 0.266413 0.201388 0.155415 0.118229 0.047668 -0.006847 -0.057053 -0.113960
3.292793 3.275547 3.254059 3.231525 3.206083 3.169817 3.140578 3.110157 3.084906 3.062023 3.035611 3.004965 2.960083 2.913298 2.854572 2.796735 2.737914 2.698351 2.661224 2.596584 2.523344 2.461526 2.412161 2.348619 2.273310 2.214813 2.148369 2.072263 2.016584 1.940680 1.872767 1.802300 1.735813 1.665189 1.594535 1.527968 1.460766 1.389412 1.321161 1.256085 1.192100 1.128931 1.064039 1.003292 0.943781 0.884413 0.827814 0.785802 0.732960 0.683093 0.631513 0.577810 0.536683 0.479648 0.435888 0.389963 0.343106 0.269817 0.219750 0.187576 0.121909 0.067649 0.016596 -0.035189
3.372119 3.342613 3.304234 3.260909 3.216652 3.165020 3.126801 3.089638 3.053449 3.025733 2.993985 2.958914 2.898717 2.830632 2.746717 2.680879 2.629057 2.594370 2.536533 2.452336 2.367489 2.314741 2.256314 2.172617 2.098528 2.033911 1.954404 1.878208 1.806550 1.730567 1.653424 1.577501 1.501477 1.421579 1.346747 1.269808 1.192755 1.120212 1.046668 0.969953 0.895998 0.822699 0.750495 0.679782 0.608218 0.539517 0.472510 0.406960 0.341722 0.276988 0.212361 0.150139 0.090383 0.028931 -0.031284 -0.091853 -0.149444 -0.211690 -0.256077 -0.319626 -0.384879 -0.441307 -0.490605 -0.551899
3.290342 3.271490 3.239007 3.205850 3.168084 3.123208 3.083031 3.045210 3.012430 2.985152 2.958741 2.926259 2.881216 2.828780 2.757219 2.685235 2.619441 2.577885 2.538201 2.475090 2.392838 2.321354 2.269679 2.204130 2.123273 2.057171 1.986987 1.908502 1.841004 1.765732 1.691534 1.618883 1.544673 1.468425 1.392794 1.316887 1.243351 1.169779 1.096146 1.021584 0.950267 0.878098 0.806572 0.738088 0.667596 0.600936 0.535989 0.471058 0.407610 0.346722 0.284918 0.221850 0.165485 0.106358 0.049340 -0.013226 -0.068332 -0.121901 -0.178141 -0.236031 -0.296389 -0.348530 -0.403079 -0.467719
3.398119 3.387731 3.367651 3.345457 3.320879 3.283602 3.254318 3.224305 3.196424 3.169020 3.147473 3.118810 3.075593 3.024285 2.964931 2.910004 2.847719 2.806481 2.773260 2.705550 2.633753 2.570490 2.517309 2.457495 2.385154 2.322441 2.260213 2.185274 2.131546 2.053933 1.988011 1.918290 1.854653 1.784219 1.716323 1.656402 1.591530 1.520514 1.456917 1.395624 1.334165 1.276215 1.215821 1.158293 1.105154 1.050056 0.997065 0.968145 0.921423 0.876328 0.828277 0.775975 0.742684 0.689187 0.643307 0.600564 0.556793 0.461994 0.411009 0.394578 0.301007 0.240664 0.177853 0.111116
