# var(lg_P)
0.000070 0.000072 0.000095 0.000088 0.000111 0.000085 0.000091 0.000087 0.000079 0.000063 0.000093 0.000069 0.000096 0.000091 0.000088 0.000108 0.000105 0.000094 0.000094 0.000101 0.000117 0.000091 0.000098 0.000102 0.000109 0.000094 0.000100 0.000084 0.000098 0.000077 0.000095 0.000108 0.000125 0.000109 0.000100 0.000117 0.000117 0.000117 0.000272 0.000159 0.000187 0.000155 0.000179 0.000231 0.000224 0.000500 0.000277 0.000319 0.000308 0.000343 0.000399 0.000465 0.000428 0.000394 0.000381 0.000498 0.000676 0.000853 0.000633 0.001148 0.001299 0.001548 0.001895 0.001993
0.000088 0.000077 0.000124 0.000121 0.000142 0.000108 0.000110 0.000111 0.000101 0.000085 0.000126 0.000084 0.000106 0.000101 0.000107 0.000141 0.000126 0.000110 0.000113 0.000118 0.000148 0.000106 0.000117 0.000128 0.000116 0.000096 0.000111 0.000098 0.000117 0.000089 0.000112 0.000115 0.000142 0.000127 0.000129 0.000146 0.000135 0.000141 0.000375 0.000180 0.000221 0.000200 0.000195 0.000254 0.000238 0.000575 0.000314 0.000348 0.000311 0.000392 0.000469 0.000507 0.000558 0.000437 0.000383 0.000507 0.000599 0.000989 0.000789 0.001506 0.001815 0.001851 0.002207 0.002393
0.000205 0.000192 0.000294 0.000328 0.000328 0.000222 0.000235 0.000243 0.000237 0.000191 0.000296 0.000177 0.000206 0.000212 0.000225 0.000261 0.000249 0.000249 0.000230 0.000258 0.000250 0.000218 0.000248 0.000274 0.000227 0.000238 0.000245 0.000214 0.000249 0.000215 0.000249 0.000303 0.000357 0.000298 0.000242 0.000307 0.000254 0.000271 0.000765 0.000351 0.000387 0.000386 0.000456 0.000469 0.000509 0.001421 0.000649 0.000620 0.000524 0.000660 0.000727 0.000837 0.000851 0.000732 0.000694 0.000824 0.000988 0.001698 0.001241 0.002549 0.002788 0.003018 0.002865 0.003687
0.000075 0.000066 0.000100 0.000098 0.000107 0.000097 0.000091 0.000099 0.000081 0.000070 0.000095 0.000069 0.000086 0.000090 0.000097 0.000116 0.000099 0.000098 0.000097 0.000103 0.000136 0.000096 0.000103 0.000115 0.000116 0.000094 0.000108 0.000084 0.000093 0.000086 0.000099 0.000107 0.000150 0.000125 0.000102 0.000119 0.000113 0.000124 0.000287 0.000160 0.000183 0.000159 0.000176 0.000225 0.000228 0.000469 0.000292 0.000310 0.000283 0.000347 0.000407 0.000461 0.000489 0.000431 0.000452 0.000624 0.000742 0.000960 0.000841 0.001287 0.001393 0.001635 0.001689 0.002107
0.000080 0.000070 0.000107 0.000101 0.000135 0.000090 0.000094 0.000110 0.000080 0.000074 0.000102 0.000072 0.000102 0.000098 0.000098 0.000128 0.000110 0.000100 0.000100 0.000104 0.000118 0.000091 0.000107 0.000111 0.000123 0.000092 0.000106 0.000088 0.000103 0.000089 0.000104 0.000116 0.000138 0.000110 0.000111 0.000137 0.000125 0.000118 0.000293 0.000173 0.000186 0.000169 0.000191 0.000236 0.000236 0.000454 0.000284 0.000319 0.000318 0.000351 0.000411 0.000455 0.000464 0.000405 0.000387 0.000528 0.000628 0.001006 0.000723 0.001207 0.001442 0.001732 0.001843 0.002245
0.000714 0.000652 0.000994 0.000986 0.000988 0.000799 0.000818 0.000801 0.000841 0.000613 0.001032 0.000597 0.000663 0.000687 0.000686 0.000753 0.000756 0.000737 0.000696 0.000743 0.000665 0.000629 0.000882 0.000893 0.000637 0.000800 0.000726 0.000709 0.000900 0.000631 0.000869 0.000792 0.001157 0.000786 0.000732 0.000760 0.000840 0.000824 0.002203 0.001060 0.001205 0.000970 0.001177 0.001323 0.001236 0.003592 0.001539 0.001513 0.001407 0.001585 0.001896 0.001882 0.001927 0.001588 0.001243 0.001605 0.001984 0.004237 0.002800 0.005948 0.007024 0.007591 0.007277 0.008225
0.000074 0.000065 0.000096 0.000107 0.000115 0.000099 0.000089 0.000102 0.000079 0.000072 0.000087 0.000069 0.000091 0.000087 0.000097 0.000117 0.000097 0.000094 0.000105 0.000098 0.000125 0.000090 0.000103 0.000111 0.000114 0.000091 0.000096 0.000084 0.000098 0.000083 0.000096 0.000110 0.000140 0.000122 0.000103 0.000129 0.000133 0.000120 0.000297 0.000168 0.000194 0.000161 0.000165 0.000237 0.000243 0.000537 0.000291 0.000314 0.000318 0.000337 0.000404 0.000478 0.000449 0.000417 0.000381 0.000552 0.000699 0.000898 0.000656 0.001217 0.001342 0.001477 0.001932 0.002289
0.000076 0.000077 0.000108 0.000118 0.000116 0.000097 0.000089 0.000098 0.000081 0.000071 0.000100 0.000076 0.000097 0.000094 0.000095 0.000120 0.000103 0.000102 0.000098 0.000106 0.000119 0.000091 0.000102 0.000106 0.000111 0.000094 0.000114 0.000083 0.000095 0.000085 0.000108 0.000103 0.000141 0.000118 0.000113 0.000143 0.000132 0.000118 0.000277 0.000158 0.000200 0.000175 0.000179 0.000233 0.000223 0.000573 0.000316 0.000315 0.000298 0.000337 0.000400 0.000477 0.000435 0.000411 0.000387 0.000521 0.000673 0.000985 0.000755 0.001302 0.001334 0.001554 0.001671 0.002131
0.000109 0.000116 0.000174 0.000175 0.000200 0.000147 0.000149 0.000167 0.000125 0.000119 0.000155 0.000110 0.000138 0.000133 0.000140 0.000166 0.000159 0.000140 0.000152 0.000159 0.000162 0.000154 0.000166 0.000173 0.000160 0.000134 0.000147 0.000130 0.000153 0.000132 0.000159 0.000160 0.000199 0.000190 0.000173 0.000200 0.000175 0.000176 0.000516 0.000262 0.000295 0.000254 0.000264 0.000318 0.000329 0.000851 0.000467 0.000502 0.000418 0.000504 0.000625 0.000702 0.000668 0.000594 0.000567 0.000697 0.000804 0.001316 0.000988 0.002107 0.002346 0.002503 0.002485 0.003404
0.000076 0.000067 0.000110 0.000105 0.000121 0.000096 0.000089 0.000109 0.000085 0.000068 0.000097 0.000077 0.000095 0.000093 0.000095 0.000121 0.000100 0.000091 0.000102 0.000102 0.000116 0.000099 0.000100 0.000105 0.000111 0.000096 0.000108 0.000084 0.000104 0.000080 0.000103 0.000105 0.000146 0.000111 0.000105 0.000121 0.000137 0.000130 0.000334 0.000161 0.000201 0.000159 0.000181 0.000238 0.000236 0.000523 0.000296 0.000318 0.000303 0.000341 0.000414 0.000472 0.000453 0.000388 0.000411 0.000584 0.000706 0.001013 0.000794 0.001300 0.001504 0.001489 0.001667 0.002184
0.000080 0.000075 0.000113 0.000120 0.000133 0.000097 0.000103 0.000110 0.000089 0.000076 0.000102 0.000079 0.000096 0.000093 0.000102 0.000121 0.000108 0.000099 0.000111 0.000106 0.000136 0.000100 0.000105 0.000118 0.000108 0.000100 0.000108 0.000098 0.000097 0.000087 0.000105 0.000103 0.000139 0.000130 0.000115 0.000139 0.000120 0.000132 0.000308 0.000173 0.000197 0.000171 0.000198 0.000228 0.000248 0.000521 0.000319 0.000303 0.000325 0.000387 0.000420 0.000499 0.000473 0.000402 0.000359 0.000532 0.000550 0.000956 0.000658 0.001304 0.001469 0.001754 0.001668 0.002188
0.000079 0.000074 0.000108 0.000119 0.000117 0.000098 0.000107 0.000103 0.000086 0.000072 0.000108 0.000079 0.000104 0.000090 0.000099 0.000127 0.000107 0.000102 0.000100 0.000102 0.000133 0.000099 0.000111 0.000116 0.000119 0.000107 0.000112 0.000097 0.000104 0.000094 0.000113 0.000110 0.000155 0.000128 0.000116 0.000140 0.000119 0.000123 0.000340 0.000168 0.000210 0.000181 0.000186 0.000242 0.000239 0.000608 0.000336 0.000327 0.000328 0.000347 0.000453 0.000536 0.000526 0.000404 0.000388 0.000505 0.000631 0.001059 0.000740 0.001469 0.001448 0.001887 0.002065 0.002213
0.000082 0.000069 0.000116 0.000107 0.000127 0.000096 0.000090 0.000111 0.000093 0.000072 0.000103 0.000078 0.000092 0.000088 0.000103 0.000116 0.000106 0.000098 0.000108 0.000114 0.000131 0.000095 0.000103 0.000109 0.000111 0.000096 0.000111 0.000094 0.000104 0.000083 0.000102 0.000117 0.000148 0.000117 0.000111 0.000139 0.000122 0.000135 0.000331 0.000164 0.000197 0.000158 0.000182 0.000238 0.000239 0.000591 0.000306 0.000329 0.000299 0.000340 0.000394 0.000500 0.000460 0.000429 0.000407 0.000542 0.000726 0.000993 0.000737 0.001174 0.001470 0.001512 0.001762 0.002140
0.000083 0.000078 0.000120 0.000123 0.000148 0.000110 0.000110 0.000104 0.000092 0.000075 0.000100 0.000082 0.000099 0.000107 0.000105 0.000125 0.000112 0.000111 0.000115 0.000118 0.000139 0.000108 0.000110 0.000126 0.000121 0.000100 0.000110 0.000101 0.000117 0.000086 0.000112 0.000128 0.000151 0.000122 0.000115 0.000142 0.000129 0.000140 0.000380 0.000184 0.000207 0.000189 0.000197 0.000246 0.000262 0.000596 0.000342 0.000326 0.000349 0.000372 0.000423 0.000504 0.000492 0.000439 0.000398 0.000593 0.000668 0.001013 0.000773 0.001432 0.001565 0.001600 0.001831 0.002095
0.000076 0.000074 0.000114 0.000108 0.000115 0.000106 0.000104 0.000109 0.000086 0.000081 0.000097 0.000086 0.000106 0.000099 0.000111 0.000113 0.000106 0.000113 0.000114 0.000111 0.000121 0.000105 0.000118 0.000123 0.000128 0.000090 0.000114 0.000097 0.000115 0.000094 0.000109 0.000118 0.000155 0.000124 0.000123 0.000140 0.000137 0.000139 0.000357 0.000185 0.000231 0.000171 0.000205 0.000243 0.000230 0.000548 0.000334 0.000333 0.000333 0.000406 0.000472 0.000578 0.000533 0.000455 0.000427 0.000587 0.000680 0.001124 0.000766 0.001512 0.001874 0.001864 0.002135 0.002383
