# var(lg_P)
0.000090 0.000072 0.000077 0.000104 0.000125 0.000105 0.000089 0.000121 0.000115 0.000065 0.000067 0.000085 0.000089 0.000104 0.000091 0.000098 0.000098 0.000073 0.000089 0.000094 0.000098 0.000092 0.000094 0.000072 0.000089 0.000097 0.000096 0.000118 0.000112 0.000114 0.000070 0.000078 0.000147 0.000104 0.000193 0.000080 0.000129 0.000132 0.000111 0.000142 0.000140 0.000295 0.000130 0.000177 0.000300 0.000270 0.000454 0.000269 0.000389 0.000414 0.000474 0.000565 0.000545 0.000510 0.000523 0.000409 0.000491 0.000657 0.000360 0.000406 0.000917 0.000952 0.001912 0.001532
0.000102 0.000083 0.000094 0.000122 0.000154 0.000117 0.000115 0.000153 0.000153 0.000081 0.000085 0.000079 0.000077 0.000128 0.000098 0.000117 0.000118 0.000080 0.000110 0.000108 0.000136 0.000105 0.000110 0.000080 0.000096 0.000105 0.000122 0.000136 0.000138 0.000134 0.000098 0.000112 0.000210 0.000151 0.000225 0.000117 0.000170 0.000158 0.000164 0.000148 0.000178 0.000463 0.000207 0.000264 0.000357 0.000301 0.000535 0.000381 0.000543 0.000457 0.000556 0.000654 0.000599 0.000627 0.000729 0.000532 0.000523 0.000737 0.000433 0.000421 0.000904 0.000987 0.002436 0.001738
0.000252 0.000203 0.000209 0.000337 0.000413 0.000249 0.000239 0.000334 0.000383 0.000189 0.000198 0.000135 0.000183 0.000268 0.000208 0.000204 0.000242 0.000206 0.000221 0.000211 0.000222 0.000227 0.000236 0.000182 0.000200 0.000247 0.000217 0.000235 0.000271 0.000275 0.000221 0.000265 0.000471 0.000298 0.000405 0.000276 0.000319 0.000292 0.000311 0.000298 0.000354 0.001054 0.000455 0.000486 0.000737 0.000630 0.001072 0.000772 0.000839 0.000844 0.000976 0.001115 0.001097 0.001035 0.001040 0.000710 0.000688 0.001001 0.000627 0.000676 0.001521 0.001797 0.003709 0.003344
0.000091 0.000073 0.000080 0.000102 0.000124 0.000109 0.000096 0.000122 0.000114 0.000071 0.000072 0.000033 0.000058 0.000102 0.000087 0.000094 0.000105 0.000043 0.000099 0.000095 0.000111 0.000093 0.000096 0.000089 0.000082 0.000098 0.000101 0.000112 0.000117 0.000105 0.000134 0.000119 0.000185 0.000146 0.000202 0.000125 0.000161 0.000137 0.000148 0.000134 0.000183 0.000406 0.000204 0.000260 0.000330 0.000280 0.000460 0.000376 0.000422 0.000419 0.000506 0.000575 0.000557 0.000532 0.000529 0.000452 0.000531 0.000754 0.000421 0.000524 0.001035 0.001292 0.002060 0.001861
0.000093 0.000076 0.000090 0.000111 0.000137 0.000108 0.000103 0.000143 0.000119 0.000074 0.000074 0.000083 0.000103 0.000114 0.000093 0.000105 0.000109 0.000082 0.000099 0.000096 0.000117 0.000100 0.000095 0.000083 0.000099 0.000103 0.000106 0.000118 0.000114 0.000105 0.000081 0.000091 0.000198 0.000116 0.000224 0.000112 0.000131 0.000140 0.000143 0.000144 0.000170 0.000475 0.000192 0.000281 0.000326 0.000284 0.000498 0.000446 0.000540 0.000452 0.000497 0.000640 0.000567 0.000536 0.000571 0.000404 0.000456 0.000616 0.000350 0.000409 0.000991 0.001038 0.002313 0.001558
0.000932 0.000673 0.000599 0.001038 0.001280 0.000899 0.000822 0.001146 0.001400 0.000598 0.000691 0.000614 0.000817 0.000878 0.000654 0.000624 0.000687 0.000692 0.000672 0.000543 0.000646 0.000627 0.000808 0.000644 0.000591 0.000784 0.000692 0.000640 0.000937 0.000791 0.000812 0.000751 0.001565 0.000922 0.001246 0.000723 0.001184 0.000856 0.000969 0.000870 0.001182 0.002716 0.001338 0.001508 0.002074 0.001683 0.002522 0.001982 0.002507 0.002151 0.002552 0.002710 0.002757 0.002360 0.003333 0.001683 0.001354 0.002272 0.001574 0.001191 0.002839 0.003334 0.009145 0.006853
0.000083 0.000074 0.000082 0.000113 0.000138 0.000095 0.000095 0.000135 0.000118 0.000071 0.000069 0.000074 0.000058 0.000099 0.000093 0.000095 0.000108 0.000042 0.000098 0.000100 0.000111 0.000100 0.000087 0.000081 0.000086 0.000102 0.000114 0.000120 0.000115 0.000104 0.000117 0.000106 0.000196 0.000139 0.000199 0.000100 0.000139 0.000133 0.000133 0.000139 0.000157 0.000341 0.000164 0.000205 0.000300 0.000267 0.000479 0.000294 0.000364 0.000423 0.000483 0.000600 0.000580 0.000504 0.000544 0.000413 0.000501 0.000689 0.000355 0.000438 0.000943 0.001165 0.001848 0.001705
0.000086 0.000074 0.000085 0.000113 0.000140 0.000111 0.000099 0.000139 0.000122 0.000074 0.000076 0.000053 0.000064 0.000115 0.000091 0.000099 0.000106 0.000055 0.000095 0.000102 0.000104 0.000100 0.000095 0.000074 0.000094 0.000103 0.000105 0.000116 0.000112 0.000109 0.000078 0.000100 0.000184 0.000125 0.000179 0.000109 0.000152 0.000136 0.000133 0.000141 0.000158 0.000463 0.000201 0.000274 0.000318 0.000282 0.000430 0.000397 0.000511 0.000405 0.000478 0.000597 0.000535 0.000505 0.000505 0.000393 0.000462 0.000634 0.000373 0.000408 0.000989 0.001007 0.001825 0.001645
0.000121 0.000119 0.000126 0.000180 0.000229 0.000160 0.000152 0.000227 0.000201 0.000118 0.000112 0.000153 0.000171 0.000172 0.000132 0.000151 0.000156 0.000144 0.000151 0.000142 0.000161 0.000140 0.000151 0.000123 0.000135 0.000154 0.000159 0.000141 0.000175 0.000188 0.000151 0.000167 0.000332 0.000197 0.000304 0.000174 0.000203 0.000197 0.000218 0.000220 0.000253 0.000620 0.000268 0.000374 0.000534 0.000468 0.000748 0.000524 0.000625 0.000601 0.000770 0.000893 0.000858 0.000829 0.000901 0.000740 0.000711 0.001010 0.000594 0.000580 0.001209 0.001284 0.002681 0.002322
0.000088 0.000073 0.000086 0.000119 0.000134 0.000102 0.000094 0.000142 0.000122 0.000069 0.000071 0.000047 0.000064 0.000106 0.000092 0.000096 0.000101 0.000077 0.000096 0.000095 0.000108 0.000099 0.000095 0.000088 0.000096 0.000106 0.000109 0.000122 0.000116 0.000117 0.000082 0.000081 0.000218 0.000131 0.000181 0.000126 0.000149 0.000148 0.000174 0.000149 0.000231 0.000501 0.000271 0.000373 0.000385 0.000271 0.000498 0.000517 0.000628 0.000398 0.000502 0.000631 0.000550 0.000527 0.000540 0.000485 0.000546 0.000710 0.000372 0.000498 0.001093 0.001152 0.001679 0.001764
0.000090 0.000075 0.000088 0.000105 0.000143 0.000107 0.000104 0.000145 0.000140 0.000075 0.000075 0.000085 0.000118 0.000114 0.000087 0.000105 0.000109 0.000089 0.000108 0.000099 0.000110 0.000096 0.000096 0.000098 0.000090 0.000110 0.000107 0.000123 0.000119 0.000117 0.000103 0.000092 0.000180 0.000133 0.000205 0.000117 0.000152 0.000148 0.000140 0.000151 0.000181 0.000394 0.000195 0.000284 0.000320 0.000296 0.000489 0.000402 0.000483 0.000453 0.000503 0.000626 0.000549 0.000519 0.000593 0.000443 0.000459 0.000647 0.000384 0.000396 0.000915 0.000887 0.002030 0.001412
0.000097 0.000076 0.000088 0.000125 0.000148 0.000121 0.000106 0.000148 0.000124 0.000076 0.000080 0.000061 0.000087 0.000114 0.000096 0.000102 0.000108 0.000091 0.000101 0.000101 0.000121 0.000103 0.000104 0.000114 0.000102 0.000099 0.000121 0.000137 0.000128 0.000124 0.000114 0.000102 0.000206 0.000151 0.000206 0.000107 0.000160 0.000146 0.000151 0.000153 0.000166 0.000411 0.000204 0.000247 0.000386 0.000309 0.000540 0.000428 0.000515 0.000473 0.000570 0.000657 0.000659 0.000604 0.000672 0.000476 0.000503 0.000719 0.000387 0.000394 0.000951 0.000946 0.002099 0.001549
0.000091 0.000077 0.000082 0.000113 0.000139 0.000110 0.000097 0.000135 0.000142 0.000076 0.000073 0.000061 0.000098 0.000099 0.000093 0.000099 0.000108 0.000084 0.000101 0.000100 0.000107 0.000102 0.000096 0.000076 0.000106 0.000108 0.000114 0.000114 0.000120 0.000116 0.000082 0.000084 0.000157 0.000121 0.000189 0.000111 0.000144 0.000145 0.000141 0.000146 0.000225 0.000496 0.000240 0.000317 0.000374 0.000281 0.000490 0.000521 0.000618 0.000455 0.000492 0.000564 0.000538 0.000525 0.000527 0.000473 0.000521 0.000720 0.000373 0.000471 0.001029 0.001155 0.001949 0.001627
0.000099 0.000084 0.000095 0.000138 0.000161 0.000124 0.000113 0.000142 0.000134 0.000073 0.000076 0.000091 0.000098 0.000131 0.000099 0.000103 0.000112 0.000084 0.000110 0.000104 0.000116 0.000110 0.000103 0.000086 0.000097 0.000108 0.000117 0.000133 0.000133 0.000123 0.000100 0.000103 0.000235 0.000142 0.000224 0.000126 0.000165 0.000155 0.000162 0.000154 0.000205 0.000524 0.000208 0.000297 0.000346 0.000298 0.000513 0.000417 0.000462 0.000471 0.000516 0.000632 0.000644 0.000559 0.000610 0.000450 0.000460 0.000666 0.000397 0.000467 0.001107 0.001107 0.002247 0.001582
0.000093 0.000077 0.000085 0.000116 0.000147 0.000122 0.000111 0.000127 0.000135 0.000076 0.000081 0.000117 0.000098 0.000118 0.000095 0.000112 0.000111 0.000083 0.000110 0.000102 0.000113 0.000104 0.000106 0.000079 0.000102 0.000115 0.000110 0.000125 0.000128 0.000120 0.000088 0.000104 0.000210 0.000129 0.000233 0.000115 0.000154 0.000157 0.000148 0.000160 0.000182 0.000479 0.000180 0.000238 0.000325 0.000311 0.000481 0.000409 0.000490 0.000478 0.000567 0.000666 0.000633 0.000642 0.000691 0.000575 0.000521 0.000701 0.000454 0.000448 0.000972 0.000970 0.001967 0.001660
