# mean(lg_P) also median/mode
3.615353 3.588528 3.552417 3.512701 3.469843 3.415161 3.375330 3.337589 3.300584 3.274215 3.244680 3.207714 3.152056 3.094538 3.015928 2.946459 2.882753 2.845819 2.801529 2.726823 2.643014 2.581182 2.526193 2.456722 2.378710 2.317852 2.247321 2.171447 2.107821 2.034992 1.964419 1.896164 1.826456 1.754657 1.686391 1.618090 1.553253 1.487432 1.425124 1.356450 1.294034 1.236713 1.174998 1.117460 1.062292 1.006826 0.950892 0.896209 0.842461 0.794678 0.744312 0.693543 0.646674 0.599468 0.549244 0.496984 0.443954 0.385838 0.331928 0.264863 0.210426 0.139960 0.079508 0.017697
3.655359 3.636480 3.607294 3.577069 3.542546 3.495215 3.464852 3.435149 3.404232 3.383507 3.356160 3.322531 3.270500 3.212138 3.141274 3.082467 3.030159 2.992238 2.945367 2.870019 2.797618 2.745280 2.691367 2.618235 2.552661 2.488334 2.421340 2.350887 2.289140 2.223276 2.157077 2.091959 2.028793 1.962212 1.900219 1.840610 1.778183 1.717547 1.667756 1.605281 1.550752 1.494152 1.440537 1.388549 1.341286 1.291643 1.243118 1.195840 1.149026 1.103925 1.057621 1.009846 0.964684 0.899784 0.852019 0.797978 0.748149 0.693688 0.632203 0.578070 0.510670 0.447126 0.377873 0.312042
3.525697 3.509854 3.485904 3.456814 3.426492 3.383334 3.351632 3.315426 3.284357 3.259684 3.233618 3.200239 3.153889 3.106521 3.043790 2.979553 2.915993 2.869487 2.829118 2.767714 2.694411 2.629396 2.569698 2.507439 2.436745 2.373380 2.303494 2.234492 2.168511 2.099833 2.030747 1.964977 1.896570 1.825630 1.758295 1.690554 1.625276 1.560702 1.501880 1.433853 1.373483 1.314663 1.253851 1.196506 1.142325 1.086505 1.032354 0.977943 0.926442 0.874944 0.825989 0.776897 0.728090 0.685837 0.638629 0.587314 0.524433 0.456539 0.402999 0.328441 0.263578 0.194006 0.131066 0.059758
3.553962 3.527400 3.492452 3.453192 3.411789 3.358733 3.320375 3.283589 3.247907 3.222882 3.195233 3.157431 3.100850 3.040530 2.959899 2.891084 2.828149 2.794974 2.747444 2.665169 2.578322 2.519198 2.461624 2.386952 2.306960 2.246964 2.170496 2.092648 2.026055 1.948902 1.875267 1.801580 1.728175 1.651929 1.580121 1.504683 1.436168 1.364359 1.293729 1.220708 1.153701 1.088610 1.021713 0.957537 0.893767 0.829565 0.769138 0.708804 0.647961 0.592132 0.535455 0.478848 0.426191 0.383492 0.333911 0.282427 0.226741 0.146144 0.099576 0.006637 -0.042916 -0.120274 -0.192363 -0.245740
3.550839 3.527904 3.494942 3.458801 3.419115 3.368339 3.329856 3.291270 3.255444 3.230470 3.203858 3.171388 3.125015 3.072351 2.997494 2.925952 2.856578 2.819340 2.783691 2.717589 2.636799 2.566550 2.513910 2.452885 2.376431 2.309565 2.245562 2.168010 2.105951 2.035208 1.966593 1.898109 1.830829 1.759332 1.693022 1.624638 1.560555 1.495285 1.431674 1.365178 1.304502 1.246153 1.185998 1.127140 1.072710 1.015344 0.964018 0.909685 0.857931 0.806090 0.756769 0.705507 0.660823 0.612438 0.562256 0.513284 0.466708 0.401688 0.353444 0.288535 0.230992 0.168121 0.111256 0.059017
3.643571 3.634737 3.611155 3.592507 3.570744 3.527910 3.505626 3.477668 3.448171 3.423770 3.401232 3.369302 3.323303 3.273652 3.217808 3.163858 3.111301 3.065155 3.024977 2.965161 2.890558 2.839110 2.798184 2.729329 2.654788 2.602204 2.545039 2.475198 2.421309 2.359371 2.300747 2.241027 2.182063 2.123404 2.063012 2.016733 1.952527 1.901802 1.865115 1.809222 1.765295 1.707680 1.656472 1.618170 1.573366 1.535635 1.487410 1.443482 1.402783 1.357564 1.313706 1.265084 1.218288 1.157113 1.110118 1.046409 0.980252 0.935125 0.868159 0.802698 0.735497 0.654080 0.564665 0.483639
3.615632 3.583614 3.541124 3.494904 3.445430 3.386131 3.341899 3.301777 3.265472 3.240326 3.213379 3.175401 3.117695 3.053167 2.965583 2.890911 2.828577 2.798572 2.754240 2.671142 2.580569 2.522366 2.469101 2.394329 2.314441 2.254791 2.180268 2.104180 2.037741 1.964359 1.892162 1.821918 1.750369 1.677058 1.607115 1.535279 1.469813 1.401318 1.334707 1.264436 1.199781 1.139047 1.076318 1.014866 0.957108 0.898484 0.839667 0.781880 0.726636 0.674678 0.620326 0.568797 0.517600 0.473705 0.425068 0.372894 0.322921 0.258449 0.210210 0.142455 0.088015 0.016918 -0.042441 -0.095847
3.570216 3.549546 3.519675 3.487296 3.450867 3.404857 3.370754 3.335166 3.300348 3.274998 3.247428 3.211753 3.161647 3.106681 3.034245 2.969101 2.905620 2.866980 2.823901 2.750690 2.672019 2.610078 2.550900 2.482991 2.410774 2.343269 2.272898 2.196942 2.132481 2.060534 1.989244 1.918577 1.849658 1.779129 1.708074 1.639110 1.573070 1.505126 1.441533 1.372886 1.309282 1.248931 1.185613 1.126774 1.068880 1.011998 0.954434 0.897768 0.844197 0.790737 0.739219 0.685903 0.637072 0.590404 0.539890 0.486272 0.434517 0.366747 0.316103 0.241132 0.184742 0.109097 0.048265 -0.016890
3.619732 3.608968 3.587926 3.567038 3.540546 3.502273 3.475833 3.448229 3.420076 3.401099 3.376847 3.346360 3.302081 3.252641 3.191194 3.135813 3.084307 3.039994 3.000744 2.938878 2.869485 2.813005 2.768012 2.700930 2.631950 2.575254 2.513695 2.445900 2.390584 2.326533 2.264736 2.205086 2.145035 2.082093 2.023598 1.972960 1.908594 1.855162 1.810407 1.755965 1.705460 1.649945 1.600672 1.553755 1.509644 1.463234 1.421129 1.376416 1.334717 1.290601 1.246553 1.200805 1.152842 1.089715 1.042686 0.982283 0.933817 0.875848 0.808054 0.753785 0.680251 0.608150 0.526520 0.450938
3.625303 3.597522 3.559717 3.517169 3.472969 3.415940 3.375205 3.334956 3.299250 3.274677 3.247349 3.211398 3.156413 3.093765 3.008653 2.935147 2.869849 2.837597 2.795673 2.712873 2.623655 2.561481 2.506557 2.432265 2.352445 2.289263 2.213526 2.135230 2.068416 1.992348 1.917835 1.846033 1.773116 1.697527 1.626009 1.552076 1.483916 1.413127 1.347810 1.272872 1.207340 1.144613 1.078470 1.015299 0.953036 0.889677 0.832201 0.772763 0.716019 0.658480 0.603846 0.549099 0.496685 0.450995 0.400276 0.346560 0.294885 0.219053 0.171703 0.087726 0.033828 -0.039980 -0.105485 -0.169290
3.608696 3.589170 3.560270 3.528540 3.494653 3.448063 3.413584 3.380265 3.347259 3.323946 3.296068 3.261606 3.212386 3.159948 3.091316 3.029536 2.967504 2.928505 2.886108 2.819982 2.744660 2.684037 2.632540 2.567062 2.495900 2.435911 2.368641 2.297643 2.238186 2.170696 2.104990 2.040199 1.977450 1.911540 1.848108 1.786881 1.724827 1.664253 1.611243 1.548891 1.494133 1.438178 1.384348 1.332565 1.281999 1.233390 1.182869 1.135101 1.088466 1.041356 0.996968 0.949113 0.902666 0.849164 0.797245 0.743742 0.697559 0.642792 0.580325 0.529095 0.463617 0.400928 0.334889 0.277699
3.521011 3.510293 3.488321 3.467240 3.440099 3.402370 3.376731 3.346100 3.317537 3.294881 3.270526 3.238486 3.192804 3.147721 3.087963 3.033042 2.972017 2.931891 2.891864 2.831459 2.759947 2.699853 2.651424 2.588164 2.516639 2.459338 2.395908 2.323305 2.266964 2.198731 2.134843 2.071097 2.009313 1.943688 1.880608 1.821328 1.758513 1.698717 1.645015 1.585767 1.529378 1.474493 1.419175 1.369312 1.320340 1.271134 1.225237 1.178763 1.134219 1.088138 1.044313 0.997796 0.950963 0.891874 0.839871 0.785845 0.735861 0.699452 0.629159 0.589877 0.524648 0.456524 0.391963 0.329182
3.618111 3.588273 3.548993 3.505987 3.463080 3.407198 3.369877 3.332158 3.298763 3.273483 3.243828 3.202533 3.141985 3.074832 2.993148 2.928859 2.874133 2.841840 2.787153 2.698897 2.617355 2.567315 2.506631 2.426234 2.355610 2.292401 2.216122 2.142891 2.074052 2.002383 1.929950 1.859765 1.788051 1.714923 1.646363 1.575348 1.509969 1.441326 1.376265 1.306254 1.242419 1.180682 1.117368 1.058673 0.999087 0.941403 0.883875 0.826757 0.770855 0.716990 0.663410 0.610566 0.562299 0.518410 0.468983 0.419389 0.362844 0.296857 0.245862 0.170565 0.114646 0.044982 -0.016972 -0.078582
3.536088 3.515036 3.485839 3.452799 3.415669 3.368495 3.330893 3.292624 3.258646 3.233238 3.205902 3.173638 3.126765 3.076188 3.003633 2.935316 2.864967 2.825050 2.788232 2.722920 2.643884 2.573699 2.519363 2.457233 2.381644 2.316950 2.248515 2.173433 2.110272 2.037926 1.967503 1.899135 1.831847 1.759777 1.691637 1.622038 1.557236 1.490829 1.427929 1.358905 1.296707 1.237581 1.176152 1.116227 1.060050 1.001395 0.947756 0.892228 0.838918 0.786026 0.734377 0.684938 0.634477 0.589906 0.541491 0.490425 0.438974 0.367831 0.314998 0.237028 0.183669 0.114486 0.048840 -0.015076
3.642080 3.630333 3.610314 3.587964 3.562045 3.520701 3.493759 3.464256 3.435217 3.414297 3.389339 3.358913 3.313824 3.264645 3.203290 3.147693 3.092007 3.046996 3.005669 2.945866 2.876389 2.817426 2.770684 2.705451 2.636299 2.574837 2.514853 2.444746 2.389216 2.324931 2.261962 2.201694 2.142363 2.078254 2.020627 1.969601 1.904899 1.851108 1.804846 1.752053 1.700845 1.643722 1.594841 1.548482 1.503348 1.458482 1.415307 1.370946 1.329490 1.285062 1.242147 1.194464 1.146474 1.081921 1.032195 0.973846 0.920809 0.869445 0.795356 0.746420 0.671110 0.601858 0.523418 0.440799
