# mean(lg_P) also median/mode
4.222979 4.197455 4.161633 4.121018 4.080419 4.015760 3.981652 3.945096 3.906011 3.881670 3.855212 3.816921 3.756236 3.703757 3.628399 3.563392 3.499761 3.465712 3.423244 3.350952 3.275828 3.225119 3.174172 3.112412 3.051546 2.992668 2.934496 2.886463 2.824490 2.775649 2.727599 2.675287 2.627169 2.575732 2.533645 2.489806 2.442026 2.400530 2.358927 2.319368 2.278703 2.238885 2.198858 2.161219 2.119480 2.076778 2.034204 1.986964 1.936217 1.882537 1.834099 1.778170 1.722542 1.661093 1.594746 1.526218 1.460686 1.394188 1.316044 1.250213 1.183984 1.090481 1.011163 0.957913
4.333452 4.316839 4.289342 4.256628 4.225941 4.167910 4.139784 4.108041 4.079235 4.060144 4.035636 4.001393 3.941096 3.894258 3.820769 3.770488 3.717223 3.684776 3.634989 3.564702 3.506529 3.464937 3.414107 3.353955 3.303590 3.261379 3.206315 3.158963 3.110040 3.064972 3.023896 2.981569 2.940306 2.901868 2.862562 2.824403 2.789933 2.754022 2.714713 2.678037 2.638910 2.597797 2.558363 2.536232 2.490223 2.446273 2.397154 2.341715 2.283407 2.225507 2.166627 2.102689 2.033252 1.935016 1.864882 1.787390 1.713965 1.646080 1.563706 1.492296 1.413196 1.338734 1.262752 1.198554
4.221003 4.204155 4.179776 4.151517 4.122702 4.069849 4.042091 4.007945 3.972770 3.950726 3.923234 3.890675 3.839836 3.792991 3.731999 3.673017 3.608624 3.567917 3.529302 3.467756 3.399941 3.351397 3.300361 3.242129 3.188457 3.136074 3.075372 3.033899 2.977750 2.930745 2.882555 2.840098 2.795434 2.748036 2.707450 2.665115 2.618738 2.578992 2.538502 2.498153 2.454470 2.414476 2.369057 2.322859 2.276791 2.231220 2.181001 2.122246 2.070558 2.008089 1.943934 1.882067 1.810774 1.762559 1.695058 1.621182 1.542567 1.469613 1.409311 1.366402 1.294321 1.190651 1.115195 1.053005
4.188857 4.164676 4.128905 4.089961 4.049369 3.987293 3.955370 3.917143 3.880312 3.857848 3.831542 3.793358 3.731796 3.675755 3.599428 3.534801 3.472351 3.439733 3.393076 3.318652 3.241239 3.189251 3.138760 3.072662 3.008589 2.954513 2.893310 2.837210 2.779289 2.722028 2.671746 2.621263 2.563566 2.518361 2.464146 2.417193 2.374588 2.330066 2.284248 2.245138 2.200758 2.159893 2.115064 2.068658 2.027504 1.979914 1.934453 1.887433 1.834263 1.782942 1.730098 1.669289 1.601417 1.546359 1.480254 1.415928 1.356598 1.291115 1.204353 1.124301 1.048558 0.985691 0.907058 0.816996
4.243537 4.221786 4.190320 4.154605 4.116566 4.054626 4.020659 3.982411 3.944536 3.922872 3.896796 3.865143 3.810741 3.764202 3.691040 3.628074 3.560223 3.525009 3.487940 3.422445 3.351388 3.297853 3.247394 3.191142 3.133300 3.078104 3.022071 2.972897 2.916651 2.869255 2.817438 2.774468 2.728299 2.682442 2.639198 2.597820 2.551209 2.509697 2.469578 2.431299 2.389665 2.346462 2.308644 2.260340 2.214403 2.169906 2.124749 2.074124 2.022141 1.967910 1.913246 1.853397 1.790726 1.734367 1.666665 1.595567 1.524102 1.458402 1.379922 1.310683 1.232244 1.155962 1.084575 1.004946
4.325205 4.312819 4.291843 4.269778 4.250765 4.198686 4.176495 4.152679 4.118000 4.097868 4.073757 4.045255 3.992441 3.946668 3.888101 3.836671 3.784721 3.748178 3.705879 3.649305 3.588234 3.552014 3.510506 3.450700 3.395578 3.365597 3.312009 3.266042 3.225691 3.182507 3.147379 3.114958 3.074828 3.044907 3.007821 2.968980 2.944938 2.906958 2.872288 2.835349 2.799652 2.759395 2.711457 2.682427 2.631036 2.583769 2.534584 2.470355 2.420856 2.350995 2.279890 2.210475 2.122712 2.057898 1.983728 1.903643 1.803166 1.726372 1.686536 1.680498 1.613398 1.456829 1.373327 1.364014
4.242698 4.211477 4.169791 4.121960 4.075676 4.005775 3.967688 3.928829 3.889367 3.867552 3.843003 3.805396 3.740339 3.682194 3.599826 3.530363 3.467952 3.438800 3.394394 3.317826 3.238697 3.188032 3.138797 3.075056 3.010302 2.954397 2.895452 2.842286 2.781832 2.728367 2.678223 2.628669 2.572574 2.528130 2.476654 2.431064 2.389127 2.346446 2.302441 2.263839 2.220839 2.181210 2.140252 2.091060 2.050200 2.007678 1.963933 1.919560 1.868978 1.818961 1.767993 1.714576 1.644614 1.590862 1.523962 1.458821 1.390876 1.325427 1.253094 1.181613 1.114086 1.030271 0.955041 0.887191
4.232414 4.213655 4.183636 4.152079 4.119064 4.061057 4.032216 3.994559 3.959564 3.937293 3.910026 3.876420 3.817781 3.770033 3.699273 3.641294 3.578370 3.541852 3.498506 3.427849 3.360242 3.309767 3.256575 3.197489 3.140111 3.084334 3.025815 2.977421 2.921029 2.871953 2.819724 2.776055 2.728532 2.682114 2.638174 2.595537 2.549993 2.508978 2.467165 2.426318 2.385920 2.342910 2.301928 2.257129 2.210064 2.166380 2.119493 2.067397 2.017098 1.960208 1.902701 1.841308 1.775198 1.723198 1.651891 1.580897 1.514052 1.446583 1.361489 1.301338 1.225468 1.139749 1.061579 0.978217
4.316354 4.305905 4.286636 4.263272 4.239754 4.190113 4.166466 4.138327 4.111051 4.093203 4.068947 4.039066 3.987564 3.947865 3.878536 3.829828 3.776773 3.743993 3.701491 3.637553 3.583616 3.542280 3.497426 3.436998 3.387915 3.352036 3.295906 3.255096 3.212720 3.169702 3.126774 3.092432 3.053254 3.019788 2.978790 2.940728 2.908537 2.877815 2.840204 2.806367 2.765544 2.720385 2.679605 2.644708 2.593807 2.547272 2.496706 2.437723 2.385972 2.321365 2.258377 2.192131 2.108784 2.030625 1.951252 1.876888 1.790427 1.720079 1.664001 1.637410 1.561087 1.441247 1.368115 1.323812
4.295428 4.269020 4.231406 4.188989 4.146212 4.079634 4.043351 4.004375 3.966931 3.945448 3.920250 3.884465 3.822376 3.768551 3.685503 3.619376 3.554694 3.525775 3.480363 3.404612 3.329068 3.278890 3.227367 3.163581 3.103606 3.049383 2.986119 2.937271 2.879270 2.825685 2.774822 2.727625 2.675941 2.629352 2.582403 2.538700 2.489378 2.446383 2.401323 2.360818 2.317582 2.273254 2.230633 2.189809 2.145663 2.096817 2.050881 1.997317 1.945661 1.890171 1.831261 1.769747 1.704236 1.639590 1.569190 1.499262 1.429480 1.357789 1.278978 1.198250 1.120876 1.051601 0.971651 0.884307
4.303826 4.286664 4.259400 4.226978 4.193710 4.135842 4.105748 4.073046 4.038852 4.017268 3.990794 3.955780 3.900038 3.854162 3.784742 3.729173 3.668252 3.633200 3.589475 3.525416 3.462839 3.416592 3.367940 3.309401 3.257035 3.213587 3.158306 3.108769 3.062050 3.013822 2.970385 2.929546 2.886005 2.850223 2.805786 2.765242 2.736749 2.698675 2.660729 2.621446 2.581080 2.540870 2.500504 2.458589 2.415975 2.367589 2.318575 2.262793 2.203905 2.143297 2.087300 2.022700 1.960662 1.876734 1.805610 1.729643 1.652300 1.588147 1.512363 1.445768 1.367979 1.286858 1.215487 1.144419
4.160649 4.150433 4.129725 4.107018 4.081680 4.035129 4.013223 3.982235 3.952791 3.932718 3.907699 3.876316 3.826119 3.781983 3.720642 3.670480 3.610405 3.576249 3.538030 3.472702 3.411540 3.366480 3.319959 3.257959 3.207917 3.161562 3.105439 3.055443 3.009825 2.959904 2.912267 2.871171 2.830473 2.788558 2.747175 2.707859 2.678255 2.640087 2.606089 2.565806 2.530208 2.496731 2.455713 2.418396 2.381444 2.338196 2.295437 2.243321 2.195775 2.137414 2.084429 2.025510 1.954173 1.888829 1.818340 1.746372 1.664161 1.591384 1.535588 1.482080 1.408389 1.297625 1.219100 1.178812
4.266218 4.238106 4.199647 4.155874 4.113221 4.048092 4.015177 3.979948 3.943343 3.921246 3.894599 3.853359 3.785430 3.727830 3.648797 3.589746 3.534316 3.502518 3.449942 3.369878 3.298618 3.254024 3.199785 3.135115 3.076007 3.018646 2.957012 2.911421 2.846359 2.799517 2.750143 2.696891 2.649905 2.598453 2.556227 2.511822 2.461620 2.419780 2.376164 2.336037 2.294455 2.250412 2.211572 2.175553 2.131673 2.087912 2.039684 1.992888 1.940428 1.887529 1.834562 1.774503 1.714529 1.648407 1.581288 1.513148 1.449748 1.385458 1.297236 1.222108 1.148342 1.079383 1.001464 0.920800
4.235414 4.214724 4.184956 4.152488 4.118149 4.059257 4.026729 3.989776 3.952550 3.930663 3.903536 3.872315 3.817776 3.773137 3.699622 3.639574 3.570097 3.535013 3.497583 3.430706 3.362662 3.309440 3.259556 3.199626 3.144878 3.088400 3.028762 2.988039 2.928239 2.880858 2.827512 2.785643 2.737996 2.691119 2.647145 2.604921 2.557185 2.516499 2.474301 2.434236 2.392456 2.349113 2.306812 2.255567 2.208686 2.161027 2.112492 2.057409 2.005856 1.946429 1.886399 1.822713 1.760467 1.706100 1.635812 1.565853 1.492335 1.421788 1.344162 1.283368 1.207935 1.128281 1.051782 0.967732
4.306005 4.295418 4.274616 4.250972 4.228625 4.176473 4.152502 4.124621 4.093084 4.074079 4.049468 4.019812 3.968050 3.927741 3.860203 3.813152 3.755105 3.720325 3.676868 3.613944 3.561376 3.517004 3.469767 3.409678 3.361295 3.316976 3.264985 3.221562 3.179706 3.138531 3.095351 3.056068 3.018491 2.981172 2.942590 2.905675 2.872979 2.841824 2.804575 2.771653 2.732726 2.690339 2.650573 2.616826 2.565922 2.520341 2.472313 2.414226 2.361083 2.299909 2.235397 2.172500 2.093150 2.014625 1.940910 1.865389 1.783425 1.711560 1.648545 1.606535 1.531228 1.413872 1.332918 1.298343
