# mean(lg_P) also median/mode
3.928978 3.912175 3.884255 3.850895 3.817018 3.765429 3.733032 3.696746 3.665508 3.643157 3.616263 3.580715 3.522662 3.475595 3.405017 3.343962 3.283493 3.245233 3.203302 3.132925 3.060994 3.004842 2.951358 2.884546 2.822937 2.764640 2.699899 2.639066 2.580672 2.520706 2.463012 2.406656 2.349122 2.288723 2.238207 2.184411 2.135435 2.085232 2.037076 1.989581 1.944471 1.902416 1.854011 1.814099 1.772309 1.729307 1.684306 1.636276 1.590627 1.542645 1.496200 1.439004 1.384928 1.325119 1.256318 1.191354 1.132397 1.063314 0.986816 0.910719 0.845980 0.764699 0.694035 0.609171
3.953582 3.919127 3.875600 3.826498 3.777742 3.714009 3.675276 3.638093 3.607670 3.586436 3.557799 3.513981 3.440464 3.373590 3.284165 3.222555 3.172921 3.141680 3.084988 2.990258 2.910049 2.867429 2.805859 2.720826 2.661399 2.601732 2.525113 2.461794 2.395594 2.327334 2.264775 2.199874 2.138407 2.066417 2.007159 1.946457 1.893485 1.830282 1.774528 1.718238 1.666488 1.616777 1.569602 1.514762 1.465906 1.419920 1.373266 1.326911 1.281481 1.229802 1.179741 1.130337 1.079980 1.020863 0.979472 0.920349 0.854305 0.790047 0.731101 0.662462 0.585448 0.511347 0.434817 0.359678
3.946863 3.920947 3.881153 3.837891 3.793809 3.734114 3.696352 3.660413 3.628775 3.606370 3.579068 3.537658 3.465451 3.409069 3.326559 3.264691 3.210695 3.176045 3.124571 3.039025 2.960801 2.912823 2.854722 2.778879 2.714581 2.656842 2.584473 2.520343 2.457449 2.392461 2.330360 2.268211 2.209192 2.147033 2.088185 2.030654 1.974277 1.920432 1.867463 1.814811 1.765591 1.716090 1.665553 1.619035 1.573429 1.527338 1.482080 1.434027 1.386859 1.339330 1.291488 1.236332 1.185384 1.125963 1.076010 1.014746 0.951335 0.881197 0.819716 0.749169 0.675509 0.597366 0.522717 0.444118
3.943997 3.918410 3.884597 3.845658 3.806041 3.749071 3.715535 3.678792 3.646499 3.624389 3.596444 3.557658 3.488319 3.440069 3.362737 3.300680 3.243213 3.207408 3.160151 3.081748 3.005653 2.950853 2.897462 2.824847 2.763286 2.704859 2.636499 2.573624 2.512240 2.448778 2.389675 2.329731 2.271821 2.204415 2.151762 2.096540 2.046181 1.990290 1.938926 1.889923 1.841368 1.797179 1.750569 1.703480 1.658428 1.613657 1.569169 1.524607 1.479662 1.431117 1.380972 1.328593 1.276874 1.214088 1.159496 1.095989 1.033298 0.964712 0.895285 0.822727 0.751947 0.672421 0.599093 0.516498
3.932759 3.914855 3.885100 3.850008 3.814878 3.761962 3.728641 3.692953 3.660369 3.638066 3.610925 3.574051 3.512120 3.465426 3.393373 3.332585 3.272211 3.234424 3.191417 3.118256 3.046300 2.989669 2.936056 2.865852 2.805261 2.747729 2.681834 2.619943 2.560909 2.499658 2.441599 2.384715 2.326733 2.262242 2.210042 2.155920 2.109826 2.054311 2.004901 1.956821 1.910923 1.868421 1.823742 1.777068 1.733816 1.691639 1.645577 1.604668 1.559286 1.509924 1.461226 1.406589 1.354870 1.293508 1.228380 1.163698 1.105393 1.034744 0.961014 0.886751 0.819256 0.739230 0.666069 0.579683
3.922336 3.908168 3.881530 3.852174 3.819747 3.769375 3.737627 3.703114 3.672491 3.648525 3.622585 3.587579 3.533098 3.487020 3.417843 3.359017 3.297159 3.258298 3.217167 3.149000 3.080446 3.022385 2.969061 2.905908 2.842640 2.784536 2.720894 2.661245 2.603665 2.545111 2.487594 2.432859 2.375504 2.319492 2.270384 2.216771 2.163966 2.119242 2.072044 2.024530 1.980051 1.937254 1.888505 1.849515 1.807342 1.764833 1.719375 1.672806 1.628105 1.577635 1.533424 1.475439 1.419657 1.362297 1.289612 1.220981 1.165185 1.097280 1.017156 0.941245 0.876822 0.796474 0.723909 0.639614
3.910398 3.900346 3.877061 3.849812 3.821238 3.774150 3.742353 3.710065 3.679878 3.656528 3.630726 3.597854 3.547830 3.503625 3.437481 3.381275 3.318112 3.277711 3.238108 3.174072 3.108960 3.051924 2.997885 2.937189 2.876156 2.817747 2.754046 2.697316 2.640244 2.583636 2.526569 2.474774 2.418191 2.364403 2.312531 2.261042 2.212002 2.165406 2.118748 2.073720 2.030499 1.989570 1.943960 1.902784 1.862145 1.820299 1.774636 1.729491 1.683340 1.636365 1.587854 1.532039 1.472503 1.417746 1.339280 1.272621 1.214883 1.147673 1.065344 0.988678 0.926156 0.845571 0.774776 0.685078
3.898105 3.888478 3.867610 3.844291 3.819484 3.774077 3.744788 3.713789 3.684906 3.661752 3.636635 3.604988 3.557843 3.516310 3.452667 3.397796 3.335857 3.293659 3.255219 3.194659 3.134033 3.078775 3.021595 2.962537 2.903322 2.844893 2.782176 2.726406 2.671869 2.615293 2.560350 2.509264 2.453742 2.397608 2.348693 2.298920 2.252362 2.206166 2.159817 2.117661 2.075243 2.033878 1.991328 1.949668 1.908900 1.868415 1.823477 1.777954 1.731767 1.682384 1.634155 1.578245 1.518791 1.468068 1.382640 1.314743 1.257141 1.190335 1.107476 1.031067 0.967971 0.890193 0.815385 0.732765
3.885497 3.874348 3.857290 3.836779 3.812616 3.770645 3.742827 3.714615 3.685640 3.663459 3.638571 3.608502 3.562818 3.523949 3.465191 3.411490 3.350276 3.306658 3.268847 3.210584 3.153099 3.093993 3.040968 2.981746 2.926148 2.866542 2.806411 2.751392 2.697188 2.641297 2.588908 2.539145 2.483991 2.428858 2.381231 2.332283 2.288104 2.242715 2.197532 2.155795 2.114692 2.073616 2.030237 1.991720 1.950010 1.909172 1.864144 1.817346 1.770091 1.720759 1.673254 1.618603 1.554388 1.509344 1.417588 1.354090 1.291569 1.224025 1.141667 1.067204 1.001484 0.925307 0.851460 0.768708
3.866374 3.858694 3.843588 3.824463 3.803963 3.764849 3.737122 3.711214 3.684722 3.661610 3.637033 3.608397 3.564255 3.527579 3.472553 3.421027 3.359272 3.315666 3.277087 3.221620 3.168127 3.109109 3.054184 2.998418 2.943776 2.884135 2.824960 2.771159 2.718131 2.665984 2.610625 2.562056 2.508221 2.457077 2.410606 2.362511 2.317016 2.274774 2.230727 2.189154 2.147904 2.108766 2.063770 2.026540 1.986108 1.944634 1.898450 1.851507 1.803519 1.752885 1.705771 1.649417 1.585233 1.540503 1.449512 1.383705 1.318998 1.250880 1.170910 1.096509 1.028095 0.951408 0.874811 0.798006
3.936706 3.922844 3.895816 3.868416 3.837913 3.789191 3.758899 3.726728 3.697133 3.673875 3.645865 3.607528 3.548288 3.499247 3.433385 3.379622 3.322527 3.283400 3.236304 3.163911 3.097320 3.048436 2.992205 2.925780 2.864402 2.807036 2.741956 2.683172 2.625915 2.570741 2.511181 2.457601 2.400680 2.346636 2.296124 2.244144 2.192878 2.146357 2.099719 2.053062 2.009277 1.968160 1.922438 1.881646 1.840096 1.798996 1.756243 1.709671 1.663644 1.615920 1.568453 1.511086 1.455588 1.403090 1.312512 1.246086 1.187613 1.121985 1.040571 0.962715 0.900569 0.822441 0.750117 0.661815
3.934168 3.920574 3.893897 3.863616 3.833196 3.783926 3.753015 3.720270 3.689298 3.666766 3.639012 3.601361 3.542811 3.493987 3.426494 3.371674 3.313618 3.274333 3.228710 3.156613 3.089728 3.038121 2.982872 2.916124 2.854490 2.798063 2.732940 2.671893 2.616100 2.559284 2.499966 2.445681 2.388844 2.333592 2.284915 2.232346 2.179194 2.134311 2.087293 2.040676 1.995341 1.954199 1.906613 1.866214 1.824382 1.782395 1.738835 1.693369 1.648582 1.599505 1.551972 1.495630 1.440515 1.385225 1.299133 1.234482 1.174648 1.108550 1.027124 0.951495 0.889294 0.809183 0.737296 0.652347
3.931729 3.918051 3.890215 3.860544 3.828633 3.777872 3.747093 3.713480 3.682688 3.659853 3.632049 3.595063 3.536573 3.488660 3.420226 3.363246 3.305055 3.265766 3.221103 3.149606 3.080709 3.027993 2.973624 2.906757 2.845148 2.788011 2.720569 2.662532 2.605134 2.546961 2.488971 2.434402 2.377140 2.320940 2.271744 2.218638 2.165998 2.120944 2.073248 2.026025 1.981473 1.939453 1.890486 1.852012 1.809767 1.766931 1.722765 1.675262 1.631377 1.582428 1.535444 1.477060 1.423789 1.368936 1.286910 1.220133 1.162878 1.094822 1.016308 0.938769 0.875241 0.795733 0.722155 0.636196
3.931201 3.915650 3.887765 3.856996 3.824015 3.772168 3.740593 3.706613 3.675736 3.652206 3.625168 3.589382 3.530952 3.482609 3.413297 3.355042 3.295712 3.256762 3.212977 3.142144 3.072374 3.018187 2.964209 2.897735 2.835647 2.778765 2.713090 2.652522 2.594866 2.534678 2.477804 2.422430 2.365206 2.307632 2.258373 2.204972 2.152344 2.105556 2.058007 2.012173 1.966430 1.925808 1.875762 1.835979 1.792723 1.752149 1.708302 1.659286 1.613476 1.564761 1.517197 1.462421 1.407190 1.347534 1.273411 1.208438 1.150151 1.081092 1.004172 0.927445 0.862868 0.784710 0.711483 0.625085
3.929955 3.913133 3.885013 3.853265 3.819380 3.767461 3.734908 3.699824 3.668954 3.645558 3.618772 3.583076 3.523934 3.477724 3.406905 3.347433 3.286644 3.248603 3.206439 3.135085 3.064062 3.008529 2.954694 2.888127 2.826465 2.768021 2.703474 2.642381 2.583468 2.524391 2.466609 2.411075 2.353670 2.293006 2.243123 2.190605 2.139866 2.090145 2.042095 1.995837 1.949325 1.907488 1.859045 1.819496 1.776798 1.733939 1.690329 1.641626 1.597306 1.548513 1.500918 1.444073 1.388681 1.331701 1.261200 1.194211 1.138273 1.068731 0.991066 0.915663 0.851811 0.770907 0.696830 0.612900
3.928593 3.910947 3.881877 3.848941 3.814522 3.761992 3.728754 3.693821 3.662195 3.638447 3.611927 3.577228 3.517989 3.472450 3.400381 3.339023 3.278079 3.239136 3.198068 3.128258 3.055880 2.998727 2.945124 2.878649 2.816045 2.758459 2.693691 2.631850 2.573365 2.512478 2.454996 2.400030 2.341841 2.279765 2.228266 2.174303 2.126407 2.075043 2.025333 1.978490 1.932089 1.888926 1.843782 1.799969 1.759632 1.715825 1.670762 1.625450 1.578775 1.531364 1.484570 1.427112 1.374689 1.313602 1.248501 1.182131 1.124476 1.053548 0.977891 0.903463 0.838217 0.757131 0.680966 0.600952
3.924526 3.908415 3.878552 3.845079 3.808997 3.756683 3.722190 3.686246 3.654267 3.631479 3.605227 3.570874 3.511654 3.466816 3.393520 3.331293 3.269069 3.230493 3.190770 3.120092 3.047239 2.988297 2.936054 2.867798 2.807148 2.747444 2.684131 2.622508 2.562641 2.501350 2.443758 2.387721 2.329976 2.265821 2.213316 2.158900 2.112040 2.057651 2.008234 1.960725 1.915153 1.871524 1.827473 1.780844 1.739962 1.696318 1.652368 1.608318 1.563618 1.514501 1.465309 1.410098 1.356913 1.294292 1.233789 1.168932 1.110792 1.040806 0.965748 0.891556 0.824476 0.742587 0.670240 0.586155
3.928049 3.905006 3.875577 3.841832 3.805169 3.751465 3.716125 3.679789 3.647361 3.624146 3.598275 3.564371 3.505141 3.460865 3.386490 3.322900 3.260059 3.222312 3.182411 3.112978 3.038619 2.977151 2.925906 2.858045 2.797480 2.738752 2.674089 2.611559 2.552423 2.488741 2.433297 2.375345 2.317685 2.252327 2.199211 2.143996 2.099051 2.041463 1.992909 1.944433 1.897443 1.852804 1.812950 1.761234 1.718186 1.674005 1.630289 1.591504 1.544572 1.497329 1.444812 1.394012 1.340873 1.276974 1.220923 1.155714 1.096181 1.027307 0.952571 0.879037 0.810416 0.731516 0.657859 0.574318
3.923752 3.903265 3.873001 3.837779 3.801331 3.745664 3.709317 3.673412 3.639755 3.616804 3.591292 3.558131 3.498871 3.455489 3.380192 3.315001 3.250621 3.213387 3.175104 3.105576 3.030238 2.966636 2.917038 2.847801 2.787942 2.729280 2.664833 2.601465 2.541965 2.475731 2.421668 2.363243 2.306484 2.238810 2.184703 2.130157 2.085666 2.026989 1.977065 1.928168 1.880913 1.835282 1.796699 1.743792 1.700396 1.656840 1.611268 1.572881 1.528677 1.479558 1.425047 1.376730 1.324652 1.259633 1.206425 1.142389 1.082577 1.012648 0.938922 0.867281 0.797280 0.716304 0.640494 0.561280
3.862690 3.839906 3.807754 3.770238 3.731103 3.674154 3.636665 3.593692 3.558077 3.533229 3.504709 3.471216 3.421148 3.368577 3.293085 3.223339 3.154318 3.111993 3.074097 3.007029 2.928699 2.858942 2.806401 2.742283 2.674542 2.612094 2.543983 2.478153 2.414673 2.345698 2.287101 2.223913 2.163750 2.092265 2.031679 1.972516 1.925067 1.858216 1.803977 1.750567 1.696607 1.646325 1.607811 1.550040 1.502361 1.454864 1.408898 1.371554 1.324654 1.278290 1.224528 1.176752 1.126658 1.060124 1.019816 0.966303 0.908707 0.844571 0.777646 0.705978 0.636579 0.563753 0.483013 0.403341
3.877648 3.855152 3.823038 3.787587 3.748385 3.692783 3.653759 3.614984 3.579638 3.555897 3.527907 3.493742 3.439967 3.390994 3.316007 3.247929 3.180897 3.140381 3.100513 3.033104 2.955742 2.891481 2.835918 2.771690 2.705355 2.642738 2.576400 2.510964 2.448989 2.384680 2.323441 2.261142 2.202142 2.136563 2.079843 2.021949 1.968181 1.911348 1.857979 1.806224 1.754591 1.708933 1.657281 1.611326 1.564710 1.517939 1.470691 1.425722 1.380169 1.332821 1.285188 1.230494 1.183022 1.114625 1.070267 1.013328 0.954403 0.890784 0.822193 0.750617 0.680747 0.604945 0.529262 0.440893
3.886370 3.869386 3.838455 3.803652 3.766281 3.711073 3.671529 3.634685 3.601669 3.577861 3.550262 3.515532 3.458193 3.412591 3.337840 3.271915 3.206656 3.166484 3.126737 3.058151 2.982270 2.918603 2.864147 2.801622 2.733316 2.674421 2.607029 2.543114 2.481697 2.418359 2.358003 2.297504 2.238765 2.173077 2.115104 2.056979 2.009108 1.949222 1.897123 1.846695 1.796981 1.749175 1.706558 1.655043 1.609103 1.563871 1.521320 1.479026 1.433338 1.384895 1.335241 1.283086 1.233387 1.165337 1.119502 1.059667 1.001200 0.935375 0.865097 0.792989 0.723936 0.643267 0.571884 0.485838
3.899860 3.883286 3.852828 3.817979 3.782720 3.728836 3.690649 3.654260 3.622161 3.598654 3.571597 3.537224 3.475356 3.432822 3.359551 3.295517 3.231444 3.191694 3.151823 3.082309 3.007359 2.944414 2.892767 2.825141 2.763011 2.703023 2.637556 2.573939 2.513499 2.449335 2.390935 2.332725 2.273917 2.205200 2.154107 2.097268 2.050163 1.992475 1.941403 1.892722 1.844434 1.797228 1.755302 1.706897 1.660661 1.616786 1.571332 1.530255 1.483758 1.435158 1.385484 1.333544 1.281800 1.215648 1.163327 1.102595 1.042920 0.976204 0.904213 0.830358 0.762953 0.682117 0.608812 0.526040
3.913645 3.896209 3.866938 3.833401 3.797819 3.745276 3.710645 3.674323 3.642861 3.618620 3.592276 3.556330 3.494147 3.451711 3.380038 3.317817 3.254785 3.215976 3.174840 3.105056 3.031762 2.970166 2.919350 2.849013 2.790206 2.730731 2.665980 2.603854 2.544143 2.479167 2.423755 2.366402 2.308192 2.239839 2.187786 2.131127 2.088656 2.029887 1.978777 1.930650 1.882407 1.837542 1.799855 1.746519 1.703047 1.659292 1.614785 1.578464 1.532962 1.484463 1.430245 1.381571 1.329889 1.264515 1.204790 1.145107 1.084127 1.017577 0.942891 0.866774 0.799731 0.720700 0.648280 0.559909
3.927550 3.908550 3.880209 3.847827 3.814431 3.761070 3.728727 3.692974 3.661863 3.637830 3.611690 3.576190 3.516664 3.470701 3.399486 3.339403 3.278599 3.239170 3.197249 3.126685 3.055481 2.998578 2.945013 2.878475 2.816323 2.757648 2.694169 2.631475 2.573831 2.512246 2.455418 2.399340 2.341116 2.279451 2.228062 2.173787 2.126171 2.073631 2.024703 1.977634 1.931342 1.889345 1.843680 1.799294 1.759213 1.715374 1.672758 1.625062 1.579217 1.532203 1.482032 1.427311 1.373866 1.313236 1.248193 1.180726 1.122603 1.055685 0.978087 0.903692 0.840109 0.757586 0.682223 0.599046
3.939378 3.921126 3.893239 3.862155 3.829022 3.776211 3.745879 3.710976 3.680075 3.656565 3.630599 3.594591 3.538381 3.489127 3.418960 3.360054 3.300345 3.261483 3.219260 3.148711 3.078179 3.023986 2.969727 2.904806 2.841709 2.784426 2.720808 2.659360 2.601423 2.543192 2.485493 2.430191 2.372915 2.318121 2.267518 2.215078 2.161606 2.116767 2.069340 2.022177 1.978405 1.935288 1.884938 1.847107 1.804727 1.761620 1.717546 1.669417 1.623200 1.575514 1.528022 1.470610 1.416095 1.359459 1.282275 1.219427 1.161120 1.089690 1.011547 0.936534 0.870879 0.791546 0.716694 0.634249
3.949027 3.934066 3.905716 3.875880 3.843158 3.791459 3.761270 3.727805 3.697064 3.674546 3.648708 3.612149 3.556162 3.506556 3.436824 3.379983 3.321917 3.283441 3.239640 3.168503 3.100694 3.048338 2.993595 2.929634 2.866697 2.809791 2.745519 2.685631 2.629276 2.572920 2.514477 2.459988 2.403863 2.352100 2.300332 2.248843 2.196713 2.150986 2.104016 2.057748 2.014381 1.973546 1.926865 1.885777 1.843554 1.802374 1.758910 1.712059 1.666426 1.617986 1.571234 1.514308 1.457362 1.405507 1.319289 1.252288 1.195711 1.124007 1.043612 0.967672 0.904125 0.823266 0.751156 0.667267
3.960311 3.944784 3.918007 3.887930 3.857273 3.805424 3.775799 3.744099 3.715156 3.691396 3.665399 3.628577 3.571125 3.522671 3.454389 3.399040 3.341614 3.302701 3.259423 3.188385 3.120853 3.074490 3.016596 2.952335 2.889957 2.833262 2.770018 2.710737 2.655677 2.599795 2.542374 2.488898 2.434129 2.382825 2.330032 2.280051 2.230147 2.185022 2.138344 2.094673 2.051537 2.008988 1.966199 1.925528 1.883150 1.844092 1.798886 1.752254 1.707413 1.657840 1.610412 1.553509 1.494263 1.449511 1.353034 1.285421 1.226576 1.155736 1.073297 0.998729 0.933418 0.856022 0.782523 0.697022
3.688198 3.669015 3.639846 3.608606 3.572882 3.524717 3.489393 3.454356 3.424011 3.400468 3.373198 3.338847 3.286059 3.234996 3.162370 3.100443 3.039626 3.000737 2.958986 2.889124 2.814325 2.750023 2.697176 2.628299 2.563446 2.501481 2.433251 2.364302 2.303123 2.232949 2.170516 2.105712 2.044222 1.969641 1.910984 1.848729 1.793018 1.730563 1.672949 1.616621 1.561393 1.506811 1.456285 1.404017 1.353470 1.304425 1.256867 1.209636 1.163172 1.114996 1.068872 1.021035 0.971915 0.909555 0.870932 0.815307 0.759525 0.705149 0.648566 0.580302 0.513879 0.446747 0.376179 0.305167
3.750362 3.731998 3.703227 3.671094 3.636806 3.587597 3.556456 3.518951 3.487313 3.463511 3.436343 3.402115 3.355043 3.297497 3.226080 3.163904 3.103861 3.064110 3.022279 2.952503 2.878185 2.815884 2.762435 2.693614 2.631171 2.569679 2.502027 2.434330 2.374322 2.303478 2.245341 2.182404 2.122139 2.044155 1.991782 1.931212 1.880588 1.817027 1.760657 1.706755 1.655377 1.606787 1.558702 1.506100 1.458536 1.411028 1.365170 1.322306 1.276857 1.227203 1.180273 1.132369 1.082982 1.019251 0.982656 0.923631 0.864121 0.805744 0.744329 0.674737 0.607091 0.532101 0.458643 0.386636
3.811569 3.789957 3.761126 3.729239 3.693724 3.645611 3.609971 3.574524 3.545155 3.521486 3.494171 3.459037 3.407854 3.354809 3.284089 3.222714 3.161447 3.122912 3.080909 3.010650 2.936541 2.879682 2.822526 2.757116 2.691992 2.632225 2.564873 2.499587 2.439150 2.375214 2.314410 2.253705 2.194121 2.128235 2.072159 2.013774 1.961465 1.905386 1.851612 1.800700 1.749589 1.699176 1.653211 1.604601 1.560639 1.514778 1.471181 1.423903 1.378543 1.331591 1.283492 1.231712 1.183304 1.116164 1.075780 1.014714 0.957829 0.892401 0.827863 0.755354 0.685620 0.614179 0.538667 0.457982
3.860705 3.842139 3.813472 3.782079 3.748784 3.697041 3.658770 3.625964 3.597617 3.574022 3.546865 3.511504 3.453490 3.407342 3.336126 3.275484 3.214692 3.175799 3.133086 3.063207 2.990632 2.931908 2.877832 2.812090 2.748625 2.690034 2.623018 2.559500 2.499901 2.436644 2.377958 2.319535 2.260975 2.192663 2.140916 2.084658 2.035650 1.979164 1.928321 1.878653 1.830641 1.784871 1.739522 1.692204 1.646813 1.602542 1.560184 1.515724 1.471536 1.423586 1.374807 1.322001 1.271889 1.203187 1.158625 1.094737 1.035349 0.969106 0.897010 0.824863 0.756127 0.678763 0.603792 0.522772
3.907960 3.890401 3.861071 3.829834 3.795523 3.743761 3.710908 3.675696 3.644489 3.621478 3.594737 3.558863 3.496866 3.454666 3.383013 3.323064 3.261885 3.223152 3.181265 3.110875 3.039418 2.980668 2.927712 2.857707 2.799200 2.740743 2.676711 2.613894 2.554737 2.492500 2.436241 2.379372 2.321093 2.253855 2.202753 2.148416 2.103205 2.046218 1.996710 1.949600 1.902282 1.860377 1.818133 1.769982 1.726259 1.684954 1.637723 1.598953 1.553429 1.505625 1.454770 1.403043 1.349785 1.287907 1.226065 1.160702 1.103317 1.035108 0.959228 0.884462 0.819451 0.739181 0.668069 0.582708
3.949603 3.933129 3.903876 3.871988 3.838845 3.785801 3.753584 3.718580 3.686850 3.662982 3.637204 3.601304 3.546476 3.496085 3.424960 3.365412 3.303748 3.265284 3.223301 3.153061 3.082627 3.027041 2.972954 2.909595 2.845437 2.787648 2.723642 2.663174 2.604740 2.546474 2.488302 2.432655 2.376108 2.322196 2.270838 2.217770 2.165368 2.119546 2.072200 2.024818 1.979915 1.937393 1.888270 1.849572 1.807848 1.764035 1.718032 1.671212 1.625458 1.577271 1.529921 1.473234 1.417171 1.362632 1.284282 1.218530 1.159543 1.089691 1.013056 0.937862 0.872574 0.792071 0.715144 0.630667
3.989695 3.970551 3.942359 3.909715 3.876397 3.822811 3.789740 3.756033 3.724122 3.700251 3.674598 3.638814 3.579998 3.532763 3.461910 3.402824 3.341868 3.303361 3.261819 3.190858 3.121182 3.069334 3.013022 2.950439 2.886485 2.829123 2.766699 2.706021 2.648661 2.593829 2.535521 2.481549 2.425731 2.374248 2.320928 2.270166 2.220372 2.173754 2.127411 2.082312 2.038479 1.997638 1.950887 1.909760 1.868184 1.825405 1.780596 1.733325 1.688507 1.638831 1.589193 1.531715 1.472500 1.425917 1.336311 1.267453 1.209423 1.138199 1.057884 0.980096 0.916146 0.834481 0.758094 0.676179
4.015853 4.003504 3.974848 3.941984 3.908610 3.854079 3.825244 3.789445 3.756412 3.732365 3.707686 3.670885 3.613718 3.565032 3.494163 3.435024 3.373331 3.335382 3.294392 3.223851 3.155231 3.099909 3.049070 2.986400 2.921710 2.865482 2.802224 2.745073 2.688574 2.633936 2.576857 2.524235 2.469498 2.419860 2.365923 2.316789 2.270213 2.222836 2.177167 2.134970 2.091789 2.049998 2.006591 1.964319 1.924097 1.881910 1.836885 1.787542 1.740217 1.690218 1.642182 1.582473 1.519559 1.483739 1.382972 1.312137 1.251254 1.176259 1.098600 1.020164 0.953227 0.872149 0.794773 0.711094
4.041631 4.031456 4.002456 3.969423 3.936414 3.881127 3.852373 3.817852 3.784415 3.759541 3.734718 3.698045 3.651451 3.591497 3.521696 3.462744 3.399925 3.362503 3.321663 3.252609 3.184153 3.129478 3.078739 3.017159 2.952908 2.896452 2.836368 2.779115 2.722445 2.671981 2.613727 2.562182 2.507999 2.460714 2.410579 2.361830 2.314230 2.270165 2.226326 2.184722 2.141486 2.100859 2.054883 2.014086 1.972747 1.930441 1.883451 1.832881 1.784867 1.732946 1.683934 1.621801 1.557717 1.531614 1.425175 1.351987 1.286960 1.205785 1.130832 1.053866 0.984187 0.900799 0.825451 0.743389
3.995799 3.973022 3.939420 3.900476 3.860931 3.801977 3.765251 3.725731 3.688346 3.658721 3.628522 3.586698 3.520840 3.471612 3.395169 3.329818 3.265243 3.221593 3.173799 3.098518 3.022662 2.958826 2.903371 2.829799 2.766683 2.704188 2.634334 2.570296 2.507618 2.441598 2.379911 2.319133 2.258494 2.189133 2.136149 2.077364 2.024659 1.966570 1.913539 1.863376 1.812697 1.762536 1.716577 1.666580 1.619428 1.573048 1.527883 1.482360 1.435599 1.386095 1.334057 1.279564 1.225909 1.160085 1.104872 1.043924 0.977667 0.904551 0.837766 0.762014 0.689393 0.608109 0.532289 0.448405
3.979865 3.960022 3.927217 3.889710 3.851296 3.794613 3.758626 3.720008 3.683444 3.655939 3.625183 3.585100 3.520334 3.472068 3.396822 3.333423 3.268968 3.227008 3.181176 3.105109 3.031524 2.968426 2.913668 2.839747 2.778906 2.717141 2.649947 2.584942 2.523330 2.457325 2.397795 2.337923 2.277547 2.208299 2.156483 2.099672 2.048295 1.992547 1.941168 1.890130 1.841088 1.795263 1.747159 1.700269 1.653030 1.606721 1.560422 1.516123 1.469493 1.419107 1.367514 1.313637 1.261054 1.196340 1.139019 1.074049 1.010801 0.940727 0.870981 0.795912 0.721132 0.643067 0.568108 0.480470
3.967002 3.947172 3.915310 3.879050 3.842102 3.786653 3.751019 3.713787 3.679554 3.652391 3.623099 3.584597 3.521070 3.472792 3.399333 3.335970 3.272975 3.232205 3.186972 3.112853 3.039062 2.979192 2.923823 2.851873 2.791003 2.731446 2.663430 2.599453 2.538850 2.472057 2.415622 2.357466 2.297610 2.227612 2.174816 2.118568 2.071812 2.013333 1.962216 1.913497 1.865228 1.819955 1.776870 1.725921 1.680946 1.637434 1.591396 1.548492 1.502955 1.453641 1.400068 1.348447 1.294025 1.231073 1.170079 1.107818 1.045037 0.976103 0.901931 0.829277 0.756773 0.675958 0.599923 0.515172
3.950924 3.934168 3.903593 3.868999 3.833136 3.778629 3.744684 3.707786 3.674421 3.649189 3.620614 3.582532 3.522288 3.474203 3.401440 3.339134 3.276357 3.236685 3.192916 3.120613 3.047437 2.988420 2.933930 2.863369 2.802813 2.742703 2.677499 2.614347 2.554745 2.490614 2.432993 2.376866 2.316611 2.249282 2.196532 2.141464 2.095226 2.037506 1.987046 1.939310 1.891183 1.846868 1.806210 1.754246 1.710395 1.664899 1.621032 1.581356 1.536272 1.487310 1.431188 1.381751 1.328216 1.264935 1.202025 1.140482 1.079232 1.007703 0.934977 0.860525 0.789945 0.710691 0.635188 0.549430
3.935361 3.921227 3.891447 3.858924 3.824226 3.770336 3.737743 3.702058 3.669441 3.645202 3.618304 3.581940 3.521941 3.475331 3.402849 3.342272 3.281132 3.242066 3.198860 3.128171 3.056051 2.998973 2.944676 2.877405 2.815629 2.756430 2.689659 2.629602 2.570417 2.509240 2.451244 2.394040 2.336027 2.272391 2.222274 2.166931 2.119399 2.066214 2.016493 1.970055 1.922115 1.880817 1.834979 1.790286 1.748191 1.702632 1.659428 1.614468 1.568600 1.519644 1.470409 1.416914 1.362355 1.303046 1.234148 1.170453 1.111439 1.041010 0.966242 0.890823 0.822851 0.744958 0.670476 0.582385
3.924187 3.907666 3.879999 3.848583 3.814460 3.762445 3.730192 3.695807 3.664935 3.642394 3.615827 3.580312 3.522274 3.475789 3.404808 3.345687 3.285298 3.246864 3.204998 3.134845 3.064122 3.008302 2.954361 2.889071 2.827530 2.768863 2.705627 2.643759 2.585244 2.526030 2.469029 2.413573 2.356107 2.297368 2.246729 2.193028 2.142415 2.095067 2.046939 1.999849 1.954244 1.912313 1.863191 1.824013 1.782544 1.739858 1.694822 1.646434 1.601603 1.553497 1.506936 1.449232 1.394205 1.337680 1.267212 1.201698 1.143720 1.074271 0.997066 0.922982 0.856502 0.777018 0.703971 0.617666
3.910757 3.894427 3.867814 3.837819 3.805535 3.755504 3.724003 3.689707 3.660110 3.638415 3.613279 3.579488 3.522607 3.477071 3.408162 3.348746 3.289470 3.251814 3.211174 3.142317 3.072860 3.017040 2.965031 2.901508 2.838874 2.782178 2.717536 2.658191 2.600935 2.543447 2.486166 2.431692 2.375462 2.321296 2.271416 2.218813 2.167040 2.121557 2.074626 2.026643 1.982738 1.939819 1.891192 1.852777 1.811573 1.769251 1.724550 1.678853 1.633613 1.586688 1.538517 1.483681 1.429018 1.371554 1.297634 1.231959 1.175734 1.106451 1.026737 0.952177 0.889026 0.810788 0.739507 0.651592
3.894627 3.882236 3.856033 3.827003 3.794985 3.747242 3.715672 3.683564 3.656287 3.634830 3.610461 3.577868 3.523558 3.478401 3.409537 3.351852 3.293267 3.256434 3.217545 3.149876 3.080855 3.026608 2.975420 2.912761 2.851022 2.794589 2.732460 2.673115 2.616948 2.562072 2.503306 2.450060 2.394147 2.342622 2.292208 2.240534 2.189923 2.143314 2.097913 2.052046 2.008222 1.965462 1.920793 1.879624 1.839930 1.798233 1.755741 1.710382 1.665877 1.618356 1.571834 1.515242 1.460480 1.410155 1.328059 1.262288 1.206033 1.138367 1.056048 0.981635 0.922394 0.842043 0.769514 0.684235
3.883012 3.868857 3.844440 3.816885 3.786295 3.738921 3.708969 3.677814 3.650876 3.631332 3.608079 3.576694 3.523354 3.478694 3.411490 3.354993 3.296716 3.262013 3.223514 3.157316 3.088808 3.035956 2.985793 2.924489 2.863298 2.808051 2.745772 2.687447 2.632505 2.578098 2.521752 2.468195 2.414800 2.364441 2.310633 2.260525 2.213317 2.165944 2.120194 2.076069 2.033516 1.994163 1.949071 1.909518 1.869240 1.829408 1.787462 1.742654 1.698864 1.650655 1.604051 1.548889 1.492946 1.445766 1.357677 1.290918 1.237917 1.167449 1.084162 1.010689 0.952136 0.873770 0.803838 0.718601
3.938605 3.924421 3.895629 3.862371 3.827863 3.775985 3.743666 3.707992 3.676917 3.654458 3.628116 3.592643 3.535927 3.486812 3.415405 3.354149 3.293518 3.256217 3.214865 3.143408 3.070497 3.015407 2.962597 2.896555 2.833329 2.775686 2.711690 2.650591 2.592838 2.533651 2.474840 2.420193 2.362608 2.306495 2.254822 2.200322 2.149559 2.100442 2.053617 2.006434 1.960451 1.916900 1.868354 1.829221 1.787513 1.742303 1.698247 1.650128 1.603392 1.553427 1.506717 1.448644 1.393387 1.334975 1.266119 1.195425 1.132911 1.062926 0.992518 0.914420 0.846936 0.764407 0.692539 0.603175
3.929707 3.910808 3.882889 3.850597 3.816191 3.764296 3.731680 3.696453 3.665685 3.642394 3.615402 3.580024 3.520821 3.474959 3.403695 3.343475 3.282815 3.244270 3.201608 3.131078 3.060237 3.003686 2.950373 2.883761 2.822543 2.763658 2.700705 2.637972 2.579376 2.519266 2.460905 2.406022 2.348353 2.287196 2.236129 2.182616 2.133995 2.083745 2.035096 1.987445 1.942795 1.900203 1.852364 1.812431 1.769444 1.727622 1.683050 1.633499 1.589856 1.540039 1.493858 1.437990 1.382733 1.322403 1.255319 1.189354 1.132893 1.062844 0.986828 0.910796 0.845173 0.766782 0.693488 0.607384
3.905887 3.886625 3.857413 3.826475 3.791834 3.740125 3.704480 3.671028 3.640306 3.617984 3.590600 3.554957 3.491743 3.448777 3.378566 3.318723 3.258276 3.219598 3.178173 3.106584 3.035061 2.976992 2.924270 2.854091 2.794242 2.737950 2.671749 2.608970 2.551105 2.487141 2.431415 2.374705 2.317204 2.250748 2.198254 2.142343 2.098465 2.041780 1.992390 1.945351 1.898208 1.855280 1.813761 1.765467 1.721813 1.679544 1.635538 1.595768 1.552620 1.503227 1.454034 1.403975 1.351354 1.292165 1.229602 1.163555 1.107602 1.043527 0.966376 0.893469 0.824373 0.751550 0.673227 0.591139
3.862521 3.843373 3.813964 3.782814 3.747295 3.697144 3.659544 3.627218 3.596769 3.574459 3.548082 3.512334 3.453807 3.407419 3.336811 3.275213 3.214778 3.176135 3.135241 3.063803 2.990168 2.931960 2.879805 2.813610 2.748053 2.690824 2.624278 2.560159 2.500232 2.437784 2.378442 2.319218 2.260670 2.195022 2.142439 2.086344 2.036519 1.981387 1.929277 1.879245 1.832931 1.786096 1.741789 1.695852 1.652499 1.608582 1.565957 1.524175 1.479862 1.433084 1.384144 1.336590 1.287216 1.224259 1.168548 1.102523 1.039920 0.990036 0.924553 0.846802 0.776566 0.710009 0.634775 0.557285
3.779369 3.761938 3.733417 3.701063 3.666066 3.616752 3.587950 3.548416 3.515496 3.493885 3.467327 3.433347 3.381065 3.329869 3.256694 3.193272 3.132846 3.095547 3.055052 2.982512 2.906036 2.844593 2.795320 2.725520 2.659924 2.603146 2.534881 2.466958 2.405966 2.338060 2.279704 2.216325 2.156624 2.090641 2.025272 1.967058 1.919316 1.853953 1.799557 1.746007 1.694173 1.643876 1.603311 1.547554 1.500821 1.455842 1.411135 1.374492 1.329314 1.282526 1.231695 1.190489 1.144003 1.082381 1.036680 0.972007 0.912193 0.862756 0.827763 0.742193 0.676024 0.613832 0.544783 0.474624
3.603851 3.591298 3.562498 3.528064 3.492738 3.444776 3.410168 3.375284 3.343320 3.321487 3.295583 3.261839 3.207238 3.157441 3.082280 3.015946 2.957324 2.921598 2.881382 2.807885 2.727382 2.672822 2.617655 2.549000 2.474620 2.417450 2.347883 2.274494 2.211699 2.138215 2.075511 2.011901 1.943960 1.872248 1.800605 1.737317 1.683364 1.612931 1.551083 1.492026 1.434367 1.375567 1.325665 1.265708 1.213183 1.161780 1.111913 1.063516 1.016023 0.967581 0.915060 0.875664 0.829728 0.790382 0.757348 0.706182 0.647128 0.593545 0.567629 0.497405 0.439587 0.369064 0.310754 0.250174
3.232945 3.219108 3.191009 3.150925 3.118256 3.066561 3.038075 2.999610 2.969648 2.938784 2.917704 2.873865 2.829763 2.755561 2.687466 2.624627 2.566299 2.531353 2.486044 2.413095 2.335808 2.284754 2.230563 2.157160 2.071696 2.009539 1.938063 1.865175 1.798596 1.729286 1.648707 1.568325 1.503425 1.432547 1.361615 1.290482 1.211335 1.148217 1.072623 1.001750 0.933232 0.862843 0.786962 0.727371 0.659089 0.596077 0.534190 0.469323 0.408770 0.350515 0.304033 0.237147 0.179585 0.119358 0.099975 0.059179 0.008502 -0.067077 -0.175696 -0.182252 -0.239835 -0.316306 -0.371110 -0.421283
2.485579 2.459099 2.433438 2.375574 2.360483 2.282538 2.292371 2.237004 2.213295 2.139692 2.140516 2.043146 2.042636 1.849747 1.832888 1.804214 1.744599 1.695437 1.632118 1.565980 1.516576 1.521111 1.441530 1.398287 1.241635 1.146010 1.097904 1.027556 0.963496 0.949538 0.795270 0.760102 0.635331 0.619082 0.548979 0.467103 0.315415 0.303672 0.206141 0.122731 0.041833 -0.038104 -0.190165 -0.211587 -0.310309 -0.388172 -0.460999 -0.589701 -0.667557 -0.747581 -0.752226 -0.867325 -1.053736 -1.225191 -1.381532 -1.372596 -1.376296 -1.441609 -1.846232 -1.617526 -1.745314 -1.706595 -1.927074 -1.850676
1.160532 1.062585 1.038018 0.975319 0.981442 0.856243 0.952484 0.849595 0.841052 0.623377 0.715060 0.429246 0.575215 -0.015724 0.134001 0.231611 0.173208 0.063663 0.056833 -0.090637 -0.051432 0.155440 0.000422 0.047882 -0.333068 -0.526620 -0.533153 -0.573165 -0.606847 -0.408913 -0.789948 -0.672906 -0.968361 -0.773056 -0.820108 -0.909917 -1.275314 -1.088993 -1.227209 -1.320368 -1.407063 -1.478161 -1.825853 -1.700895 -1.851885 -1.943979 -2.027053 -2.299290 -2.404078 -2.526195 -2.405252 -2.600607 -3.129454 -3.017762 -3.260102 -2.846360 -2.714405 -2.724785 -3.867729 -2.914143 -3.360892 -3.172458 -4.000452 -3.608044
3.970170 3.944371 3.913845 3.882331 3.850586 3.795006 3.759741 3.726482 3.696003 3.674532 3.648433 3.611925 3.556864 3.502699 3.433172 3.371759 3.311722 3.277362 3.236520 3.162234 3.088900 3.035887 2.986301 2.920545 2.853209 2.799742 2.734270 2.672688 2.616357 2.562298 2.500169 2.445216 2.389079 2.339104 2.287513 2.234801 2.182359 2.136623 2.089955 2.044168 1.997763 1.954337 1.906371 1.865066 1.823442 1.781957 1.735606 1.686621 1.639053 1.590265 1.540566 1.483411 1.423602 1.382055 1.295345 1.219199 1.156643 1.083119 1.006409 0.927969 0.859294 0.777667 0.700621 0.613922
3.958943 3.944690 3.918290 3.883922 3.850413 3.798398 3.768031 3.734287 3.699121 3.675272 3.647895 3.611718 3.557807 3.509061 3.439722 3.382112 3.318331 3.277230 3.235915 3.169792 3.098483 3.044253 2.988608 2.931016 2.863786 2.804342 2.743791 2.682685 2.626188 2.571897 2.510382 2.455070 2.399419 2.350277 2.297302 2.245137 2.190658 2.145657 2.098436 2.051781 2.006422 1.961134 1.914684 1.873112 1.830170 1.786423 1.738497 1.690377 1.642276 1.589865 1.539582 1.481902 1.424371 1.375321 1.286857 1.221092 1.158527 1.092880 1.013469 0.931380 0.860021 0.789815 0.703128 0.622383
3.963326 3.946276 3.918478 3.884929 3.851202 3.798569 3.766140 3.732418 3.699543 3.676339 3.649805 3.613785 3.559534 3.509084 3.438017 3.377187 3.316686 3.278965 3.236836 3.167162 3.094807 3.041239 2.988188 2.926370 2.858823 2.803711 2.740069 2.677652 2.620428 2.564253 2.504573 2.450079 2.393382 2.342060 2.290370 2.238001 2.182243 2.137945 2.090356 2.042896 1.997162 1.953299 1.904931 1.863189 1.818585 1.773484 1.727810 1.680166 1.631014 1.580047 1.531127 1.474700 1.415660 1.365874 1.282930 1.223854 1.156040 1.089684 1.006482 0.930864 0.858146 0.787545 0.701874 0.618081
3.961930 3.941142 3.911805 3.878592 3.845756 3.791111 3.757715 3.723973 3.692029 3.670355 3.644116 3.608814 3.554441 3.502544 3.430977 3.368812 3.308653 3.272722 3.231068 3.158906 3.086307 3.030453 2.980467 2.915843 2.848138 2.794686 2.728229 2.667370 2.609856 2.551976 2.493030 2.439553 2.381634 2.328278 2.278117 2.224365 2.170749 2.125929 2.077627 2.030438 1.984894 1.941239 1.891034 1.852199 1.809436 1.764276 1.718226 1.669098 1.623571 1.572688 1.525233 1.465962 1.409748 1.359103 1.277727 1.220132 1.150850 1.082787 0.998158 0.929522 0.859151 0.779858 0.700961 0.612710
3.954467 3.934605 3.906189 3.872315 3.839310 3.785049 3.753735 3.719480 3.686112 3.663234 3.636730 3.601492 3.548004 3.498425 3.427909 3.365135 3.303160 3.264991 3.223177 3.154421 3.084033 3.024727 2.971847 2.910607 2.844858 2.786378 2.722855 2.662330 2.604507 2.547994 2.486869 2.434776 2.377099 2.322765 2.272163 2.219057 2.166082 2.120676 2.072739 2.024798 1.979424 1.936099 1.886092 1.847217 1.804642 1.760739 1.715689 1.666511 1.621233 1.570879 1.523705 1.465276 1.408872 1.353713 1.280041 1.215713 1.147518 1.080707 0.998725 0.929199 0.861196 0.780534 0.706349 0.619011
3.950662 3.934387 3.906296 3.871799 3.838276 3.784531 3.754844 3.719616 3.685613 3.662486 3.635783 3.600823 3.547155 3.497781 3.427403 3.365567 3.302734 3.263467 3.222512 3.154820 3.083774 3.025351 2.971497 2.908618 2.845057 2.784648 2.721802 2.662554 2.603564 2.547254 2.486366 2.433791 2.376519 2.323079 2.270867 2.216903 2.164643 2.118230 2.071101 2.024065 1.976996 1.934902 1.884960 1.846502 1.803750 1.758861 1.713897 1.666022 1.618817 1.569491 1.521045 1.461801 1.407139 1.348751 1.276648 1.212330 1.148921 1.082013 1.002751 0.926665 0.864334 0.784526 0.710738 0.625580
3.951125 3.933911 3.903797 3.871525 3.837436 3.784660 3.753700 3.717437 3.685270 3.661921 3.635850 3.600339 3.545311 3.495878 3.423497 3.362709 3.301625 3.263809 3.222776 3.151225 3.080591 3.023297 2.972245 2.905623 2.842530 2.784319 2.719386 2.659318 2.600760 2.543163 2.483224 2.429287 2.371951 2.317128 2.265748 2.211648 2.159667 2.113154 2.064714 2.018898 1.972500 1.928418 1.879245 1.840175 1.798898 1.753757 1.708997 1.659408 1.612509 1.563838 1.513679 1.456996 1.403581 1.346954 1.273346 1.208789 1.149668 1.082101 1.000467 0.924529 0.861630 0.781512 0.707214 0.625595
3.940864 3.922221 3.893179 3.861284 3.827345 3.774967 3.742793 3.707260 3.675510 3.653192 3.625771 3.591164 3.534409 3.484879 3.414348 3.353737 3.293384 3.255359 3.212385 3.141604 3.070461 3.014721 2.962336 2.896202 2.833267 2.774884 2.708782 2.648874 2.590727 2.530947 2.472877 2.418789 2.361655 2.302794 2.252430 2.198844 2.147159 2.099404 2.051655 2.004004 1.958296 1.915939 1.867207 1.826959 1.785419 1.741106 1.694918 1.647132 1.600090 1.552155 1.506196 1.448273 1.392781 1.335738 1.263538 1.201753 1.143193 1.071046 0.993418 0.919823 0.853109 0.776033 0.700219 0.616396
3.918490 3.903657 3.874637 3.842290 3.808126 3.756842 3.723151 3.687561 3.656554 3.633762 3.607542 3.571386 3.511102 3.465856 3.394243 3.334872 3.273004 3.235384 3.194098 3.122422 3.050512 2.993781 2.940965 2.873699 2.812338 2.754010 2.688344 2.627744 2.569327 2.509013 2.450982 2.394238 2.337536 2.275059 2.222552 2.168505 2.121089 2.069753 2.020343 1.973285 1.928522 1.885913 1.840651 1.797530 1.755536 1.712920 1.670776 1.623839 1.579507 1.530298 1.484032 1.430123 1.375308 1.313480 1.247472 1.180951 1.121093 1.052260 0.978877 0.903855 0.836994 0.757151 0.684501 0.598631
3.938991 3.919539 3.891168 3.859169 3.824898 3.773599 3.742265 3.706923 3.676024 3.652238 3.626002 3.590913 3.534486 3.485717 3.414376 3.354763 3.294766 3.255474 3.213631 3.143603 3.072912 3.016851 2.963306 2.897425 2.834503 2.776692 2.712251 2.651496 2.594126 2.534335 2.476256 2.420760 2.363792 2.306306 2.256269 2.202586 2.150086 2.103853 2.055842 2.008611 1.963775 1.920010 1.872147 1.832958 1.791024 1.746564 1.703149 1.653807 1.609470 1.560047 1.513334 1.455866 1.402025 1.342545 1.270485 1.208171 1.147756 1.079084 1.000425 0.923529 0.859953 0.780133 0.703905 0.621466
3.924035 3.907883 3.880358 3.847645 3.813648 3.761943 3.728677 3.693321 3.661801 3.638637 3.611328 3.575583 3.515996 3.470557 3.399530 3.339753 3.278686 3.239344 3.197814 3.126666 3.056199 2.998785 2.945609 2.878311 2.816356 2.759393 2.692747 2.632440 2.573908 2.514066 2.456112 2.400157 2.342365 2.281068 2.229508 2.175427 2.127641 2.075899 2.027243 1.980163 1.934148 1.891901 1.845507 1.803261 1.761906 1.717026 1.674743 1.627335 1.581738 1.534344 1.486925 1.428670 1.376513 1.318954 1.248057 1.183277 1.124612 1.054828 0.979471 0.906372 0.839883 0.758267 0.685692 0.599270
3.916062 3.897994 3.868924 3.835807 3.801683 3.748909 3.715582 3.680562 3.647762 3.624628 3.598285 3.562231 3.498457 3.455593 3.384315 3.323178 3.262817 3.224085 3.182374 3.110021 3.038867 2.980465 2.928265 2.858082 2.798480 2.740891 2.674528 2.613277 2.554142 2.492649 2.435422 2.378406 2.321352 2.254319 2.203095 2.148146 2.103345 2.046644 1.996962 1.949522 1.903645 1.861542 1.817894 1.768948 1.727950 1.686073 1.639628 1.598451 1.554136 1.506208 1.455209 1.404026 1.350435 1.288099 1.225392 1.159562 1.101163 1.032710 0.957614 0.883752 0.817019 0.739445 0.662055 0.577750
3.909498 3.888930 3.858364 3.825703 3.789947 3.737056 3.701526 3.667075 3.635297 3.611606 3.584382 3.548463 3.482967 3.440537 3.368120 3.307958 3.246815 3.208412 3.165895 3.093440 3.021102 2.960611 2.910083 2.839575 2.780113 2.722495 2.655326 2.594104 2.534967 2.469241 2.414545 2.357403 2.299103 2.231279 2.178631 2.123291 2.079245 2.021671 1.971156 1.922978 1.875349 1.831628 1.791324 1.739802 1.696292 1.653421 1.607637 1.571575 1.525939 1.476690 1.422147 1.374503 1.324106 1.259338 1.199315 1.136192 1.076497 1.009600 0.935359 0.859506 0.794116 0.714574 0.642023 0.557663
3.899491 3.879228 3.848815 3.815181 3.778611 3.725238 3.688147 3.653460 3.621382 3.598330 3.570302 3.534178 3.470571 3.425462 3.353482 3.291922 3.231105 3.192854 3.149149 3.076823 3.003822 2.944930 2.891940 2.824373 2.761888 2.703718 2.638105 2.574194 2.514364 2.451932 2.394013 2.336576 2.277417 2.210309 2.159155 2.102953 2.055907 2.000056 1.949891 1.901182 1.853607 1.808079 1.764757 1.717005 1.672005 1.629160 1.583696 1.542596 1.496917 1.449546 1.399213 1.348139 1.295194 1.234904 1.174180 1.112178 1.051089 0.982863 0.913150 0.838678 0.767726 0.690320 0.621641 0.537048
3.891635 3.871097 3.839323 3.805288 3.767754 3.714477 3.675001 3.642371 3.609169 3.585530 3.557348 3.520747 3.458390 3.410820 3.337545 3.275736 3.215040 3.177072 3.133700 3.060542 2.985685 2.929076 2.874490 2.809374 2.742813 2.685706 2.617409 2.554895 2.494581 2.431811 2.372516 2.313523 2.255250 2.191887 2.138058 2.081144 2.030908 1.976674 1.925500 1.876468 1.828929 1.783929 1.736466 1.689430 1.643888 1.600947 1.557182 1.512702 1.469136 1.421037 1.368779 1.319567 1.268586 1.208167 1.148939 1.084142 1.025353 0.960051 0.890037 0.815808 0.745361 0.670645 0.597682 0.517440
3.888638 3.863053 3.830403 3.795101 3.757417 3.702934 3.662671 3.630037 3.597241 3.572408 3.544345 3.507279 3.447129 3.396562 3.322325 3.260567 3.199512 3.160857 3.117404 3.043283 2.969420 2.911999 2.856839 2.791368 2.723561 2.666376 2.599641 2.535537 2.474904 2.411661 2.351427 2.292145 2.233791 2.171594 2.112812 2.056336 2.007209 1.950271 1.898549 1.849106 1.800526 1.754114 1.708949 1.659809 1.615369 1.570864 1.525488 1.484063 1.439635 1.392221 1.341702 1.292260 1.240428 1.180067 1.120855 1.059000 0.997263 0.934493 0.865669 0.791150 0.720939 0.646777 0.573074 0.490240
3.884560 3.855280 3.822129 3.786418 3.747818 3.692787 3.653666 3.619287 3.585392 3.560185 3.531872 3.494246 3.434656 3.382108 3.307669 3.244402 3.184133 3.145191 3.100799 3.026537 2.951679 2.895543 2.839206 2.772124 2.706105 2.647479 2.578516 2.515345 2.454685 2.391538 2.329941 2.269984 2.211261 2.151946 2.092693 2.035770 1.982319 1.929617 1.877710 1.827093 1.778194 1.730622 1.680352 1.638287 1.593181 1.548403 1.502543 1.455363 1.410659 1.362976 1.315988 1.262818 1.212969 1.152522 1.092478 1.031136 0.971867 0.907402 0.841599 0.766802 0.697590 0.620360 0.547871 0.472139
3.879025 3.848927 3.813906 3.777384 3.737305 3.682116 3.644669 3.608131 3.573340 3.547897 3.518742 3.480777 3.423455 3.367785 3.292111 3.229029 3.168558 3.129749 3.084923 3.010352 2.934133 2.878696 2.821169 2.754781 2.686616 2.627637 2.559662 2.494807 2.434277 2.369607 2.308383 2.247326 2.188779 2.126968 2.068319 2.012389 1.958640 1.903938 1.851256 1.798636 1.750666 1.702899 1.653515 1.607610 1.560720 1.518683 1.473419 1.426111 1.381045 1.333659 1.284376 1.234095 1.182645 1.124845 1.065321 1.003203 0.943264 0.880223 0.815239 0.740022 0.670829 0.594457 0.527030 0.444792
3.948745 3.932515 3.905656 3.874001 3.842752 3.790683 3.760261 3.727259 3.697633 3.675557 3.649483 3.612870 3.556852 3.503611 3.433934 3.376890 3.320912 3.283526 3.239504 3.166182 3.095913 3.046664 2.992499 2.925998 2.861822 2.807192 2.741445 2.681673 2.625220 2.568513 2.509375 2.454882 2.398367 2.346968 2.294584 2.242491 2.190731 2.144479 2.097799 2.052222 2.007990 1.966958 1.918807 1.878268 1.837494 1.795666 1.750545 1.705905 1.660407 1.611607 1.563177 1.505879 1.450248 1.404193 1.312312 1.246199 1.190127 1.120077 1.037556 0.961732 0.900534 0.816028 0.746072 0.660784
3.941106 3.924938 3.896789 3.864961 3.831388 3.780750 3.749291 3.715084 3.684780 3.662401 3.636185 3.600024 3.543906 3.492666 3.422193 3.364568 3.305653 3.267991 3.224779 3.151632 3.082111 3.029849 2.975910 2.910314 2.846775 2.789582 2.725761 2.664534 2.606989 2.548985 2.491065 2.435829 2.378556 2.325854 2.274072 2.220642 2.167943 2.123854 2.076150 2.028695 1.984403 1.941158 1.891592 1.852702 1.812161 1.769313 1.724220 1.677170 1.631398 1.584447 1.535830 1.479301 1.422852 1.371781 1.290119 1.224632 1.166488 1.098085 1.017419 0.941956 0.877095 0.798097 0.724745 0.638269
3.932394 3.916001 3.887660 3.856000 3.821929 3.770183 3.738717 3.703073 3.672823 3.648649 3.622925 3.586899 3.529683 3.480694 3.410365 3.351075 3.291025 3.252332 3.210957 3.138390 3.068084 3.012762 2.959385 2.893911 2.830885 2.772838 2.708110 2.647080 2.589008 2.529354 2.472001 2.415979 2.358707 2.301037 2.250392 2.195978 2.145298 2.097941 2.049625 2.003120 1.958607 1.915387 1.866624 1.827423 1.785985 1.742681 1.698211 1.649449 1.603800 1.554623 1.509296 1.452732 1.395943 1.342159 1.267390 1.203769 1.144352 1.075026 0.996709 0.922216 0.856256 0.777244 0.702467 0.615364
3.924220 3.908094 3.879440 3.846886 3.812941 3.759678 3.727231 3.691290 3.660083 3.636119 3.609676 3.574353 3.514373 3.469528 3.398938 3.337857 3.275965 3.236913 3.195865 3.125146 3.054029 2.996470 2.943422 2.875429 2.814512 2.756683 2.691126 2.630328 2.571186 2.511815 2.453080 2.396892 2.339369 2.276631 2.224444 2.170956 2.123565 2.070951 2.022266 1.975010 1.929085 1.886273 1.840175 1.796789 1.755482 1.713224 1.667498 1.621521 1.578394 1.527777 1.479137 1.424460 1.369956 1.310010 1.243287 1.178075 1.120831 1.051241 0.974794 0.902162 0.834155 0.754084 0.681359 0.594691
3.918284 3.900106 3.870222 3.838166 3.802863 3.749960 3.715629 3.679800 3.646590 3.623133 3.596136 3.561160 3.498981 3.458048 3.386151 3.324366 3.261190 3.221775 3.180556 3.112260 3.039833 2.978417 2.925785 2.857908 2.799349 2.738854 2.674642 2.612626 2.553727 2.490872 2.434331 2.377372 2.319312 2.252210 2.200053 2.145425 2.100355 2.043922 1.993466 1.945896 1.899371 1.856066 1.814614 1.762819 1.719451 1.677158 1.633093 1.593404 1.549021 1.500651 1.447839 1.398657 1.345507 1.277330 1.221414 1.156543 1.097268 1.029241 0.955439 0.880733 0.813064 0.734562 0.660681 0.575139
3.907409 3.891634 3.861167 3.829324 3.793313 3.739969 3.703104 3.667239 3.634364 3.610158 3.583214 3.548578 3.485049 3.445954 3.375006 3.311196 3.246023 3.205768 3.166199 3.098907 3.026525 2.959375 2.909589 2.841605 2.782391 2.722505 2.658239 2.595209 2.535590 2.470018 2.415328 2.357756 2.298855 2.229606 2.177651 2.122537 2.078368 2.019587 1.968462 1.919780 1.873392 1.826397 1.787815 1.735529 1.690821 1.646826 1.602747 1.564863 1.520324 1.472184 1.417461 1.368903 1.318794 1.248741 1.197138 1.134387 1.073447 1.005548 0.934010 0.859047 0.790094 0.712898 0.640810 0.555924
3.904416 3.883381 3.852766 3.819724 3.782859 3.729642 3.691457 3.653681 3.621713 3.597033 3.569376 3.535666 3.473977 3.434522 3.362939 3.298081 3.231416 3.190095 3.151022 3.085008 3.012252 2.945146 2.893002 2.828006 2.766151 2.704994 2.640876 2.577437 2.517942 2.455067 2.395889 2.338425 2.280097 2.210638 2.159227 2.103705 2.056533 1.999346 1.947641 1.899305 1.851247 1.804354 1.761215 1.713173 1.667773 1.623519 1.580721 1.538207 1.492169 1.444096 1.393714 1.342108 1.292878 1.217524 1.174090 1.109862 1.050433 0.983050 0.911157 0.838387 0.769366 0.691716 0.616911 0.534739
3.893470 3.874988 3.844376 3.810850 3.773638 3.719079 3.679163 3.643110 3.609950 3.584236 3.556258 3.522178 3.462832 3.424094 3.351219 3.283972 3.216000 3.174636 3.135965 3.072036 2.998091 2.930073 2.876671 2.815149 2.750372 2.688851 2.624821 2.560625 2.500228 2.436836 2.376981 2.318772 2.259930 2.191439 2.139299 2.083220 2.033548 1.977445 1.924142 1.875528 1.827508 1.777952 1.735456 1.685523 1.640375 1.595268 1.552558 1.510481 1.465956 1.417111 1.365638 1.314237 1.264848 1.187177 1.149133 1.086230 1.027063 0.961281 0.889724 0.817617 0.747021 0.666841 0.595709 0.515701
3.887018 3.866430 3.835484 3.801034 3.764621 3.708751 3.668388 3.630607 3.596571 3.570927 3.543248 3.509660 3.452331 3.412710 3.339454 3.271030 3.201793 3.158512 3.121460 3.058422 2.984204 2.914840 2.860164 2.801254 2.734775 2.671099 2.607377 2.542743 2.481758 2.419087 2.358585 2.298622 2.239511 2.173747 2.115907 2.060053 2.011927 1.951986 1.899290 1.849769 1.800262 1.751526 1.709268 1.657005 1.611019 1.565927 1.523473 1.481473 1.436483 1.388436 1.340443 1.289312 1.239015 1.160440 1.124670 1.062309 1.003704 0.937229 0.869297 0.794518 0.724241 0.646734 0.572101 0.487510
3.916647 3.903238 3.876208 3.845031 3.812219 3.761650 3.730467 3.695940 3.664528 3.641886 3.615195 3.580405 3.522112 3.476022 3.404187 3.343393 3.283106 3.242736 3.199598 3.129697 3.058437 2.999734 2.945176 2.876162 2.815421 2.755213 2.688191 2.626783 2.567036 2.505291 2.445819 2.389212 2.329232 2.264056 2.209749 2.154743 2.108140 2.050913 2.000089 1.951745 1.903835 1.857319 1.817278 1.766360 1.721623 1.677310 1.632079 1.590654 1.544087 1.493612 1.437943 1.388286 1.331708 1.261463 1.207448 1.142204 1.083490 1.012346 0.940137 0.860990 0.792008 0.710893 0.633628 0.550749
3.922028 3.905306 3.877543 3.846453 3.813756 3.762281 3.730666 3.696083 3.665289 3.641519 3.615606 3.580485 3.522332 3.476414 3.404832 3.343887 3.282538 3.243049 3.201134 3.129900 3.059463 3.001597 2.946647 2.879171 2.817218 2.757218 2.692292 2.630417 2.570551 2.508598 2.449971 2.393061 2.333799 2.269396 2.216900 2.161909 2.115570 2.059943 2.008137 1.960981 1.913861 1.869952 1.825769 1.778271 1.733981 1.688559 1.644857 1.602753 1.554478 1.506551 1.450932 1.399489 1.345635 1.276148 1.220600 1.155357 1.095386 1.026815 0.951223 0.873951 0.804668 0.727389 0.647350 0.562286
3.921734 3.907259 3.880283 3.848728 3.815328 3.764025 3.731353 3.696525 3.665654 3.642747 3.616006 3.580742 3.522095 3.475784 3.404671 3.344474 3.283118 3.243805 3.202409 3.131131 3.059792 3.002020 2.947792 2.881104 2.819155 2.760005 2.694587 2.632485 2.573887 2.512607 2.454264 2.397500 2.339290 2.276614 2.224472 2.169380 2.120855 2.067575 2.017353 1.969562 1.924660 1.881669 1.835753 1.789790 1.747918 1.703328 1.659686 1.614147 1.568005 1.517577 1.467152 1.412223 1.358725 1.292696 1.232767 1.167873 1.108821 1.039829 0.962254 0.885862 0.820538 0.739046 0.660941 0.579814
3.927236 3.909585 3.882467 3.850056 3.815843 3.764793 3.732694 3.697136 3.666304 3.642890 3.615790 3.580926 3.522482 3.475936 3.404511 3.345110 3.283082 3.244195 3.202248 3.132113 3.060317 3.004055 2.950025 2.882930 2.820935 2.761898 2.697431 2.636238 2.576986 2.516789 2.458550 2.402676 2.344489 2.282563 2.231558 2.177909 2.128736 2.075802 2.027022 1.980651 1.934684 1.891001 1.845042 1.801431 1.759590 1.715202 1.672592 1.624498 1.579464 1.529112 1.482545 1.426610 1.372703 1.309463 1.244833 1.179517 1.121254 1.052399 0.975491 0.899549 0.831895 0.751623 0.679204 0.593579
3.928578 3.912534 3.883803 3.851899 3.817144 3.765788 3.732839 3.697714 3.666025 3.642789 3.616547 3.580720 3.523041 3.475662 3.403954 3.344665 3.283840 3.244818 3.203005 3.132827 3.060915 3.005245 2.951462 2.885442 2.823030 2.765252 2.700156 2.639127 2.580172 2.520506 2.462196 2.406761 2.350152 2.289614 2.237211 2.184499 2.134830 2.084955 2.037000 1.990040 1.943460 1.901270 1.854034 1.813178 1.769712 1.729468 1.684796 1.636089 1.590129 1.541400 1.496072 1.438505 1.384309 1.325837 1.255186 1.191151 1.133025 1.065009 0.986793 0.911685 0.847659 0.765380 0.693527 0.607810
3.932794 3.914924 3.885260 3.853205 3.818534 3.767012 3.733677 3.697865 3.666311 3.643249 3.616915 3.580820 3.522433 3.475407 3.404999 3.344090 3.284089 3.245460 3.203937 3.132844 3.062108 3.006645 2.953312 2.887729 2.825437 2.767366 2.703137 2.641441 2.583910 2.524225 2.467129 2.411367 2.354371 2.295194 2.245499 2.191978 2.142051 2.093238 2.045981 1.999664 1.954424 1.910569 1.863598 1.825278 1.782167 1.738989 1.696599 1.647816 1.601548 1.554260 1.508819 1.450363 1.396846 1.342179 1.265368 1.203588 1.143525 1.074998 0.998131 0.923434 0.858722 0.781166 0.708710 0.619826
3.936774 3.916779 3.887406 3.855041 3.820598 3.767270 3.733443 3.698761 3.667596 3.643656 3.617469 3.581106 3.522395 3.475813 3.404971 3.345308 3.284313 3.245954 3.204634 3.133749 3.063020 3.007721 2.955054 2.888878 2.827167 2.770006 2.705357 2.644635 2.587684 2.528653 2.471806 2.416336 2.360226 2.302255 2.251932 2.200166 2.147585 2.102150 2.055043 2.008044 1.963505 1.922654 1.872465 1.833902 1.792525 1.751353 1.705391 1.658787 1.613754 1.565483 1.520944 1.465185 1.411368 1.359552 1.278054 1.214570 1.156663 1.087583 1.009049 0.936505 0.872686 0.793246 0.722242 0.636743
3.939267 3.919261 3.889191 3.856348 3.821635 3.768096 3.734634 3.699154 3.667261 3.644111 3.617764 3.581733 3.522653 3.475485 3.403971 3.345192 3.284568 3.246926 3.205632 3.134610 3.064381 3.009581 2.955922 2.891552 2.828945 2.771434 2.708685 2.648152 2.591114 2.532027 2.475263 2.421033 2.364567 2.307488 2.258713 2.206877 2.154823 2.109954 2.063068 2.016663 1.972757 1.931233 1.881759 1.844865 1.802858 1.759717 1.716039 1.669823 1.626909 1.578091 1.534911 1.476525 1.423802 1.377381 1.289625 1.225050 1.167776 1.100735 1.019718 0.948757 0.885017 0.806909 0.736098 0.650857
3.943554 3.921549 3.891099 3.857694 3.823117 3.768611 3.735849 3.699967 3.668118 3.644220 3.617988 3.581421 3.522777 3.475736 3.404175 3.345146 3.285180 3.247727 3.205856 3.135700 3.064073 3.011136 2.958140 2.893007 2.830821 2.774497 2.711311 2.650593 2.594997 2.536780 2.479411 2.425437 2.369502 2.314204 2.264463 2.213720 2.161642 2.117187 2.071058 2.024914 1.981351 1.940249 1.891221 1.853816 1.812238 1.770843 1.726002 1.680581 1.637393 1.589510 1.545966 1.489942 1.436152 1.395200 1.304233 1.238749 1.180618 1.113047 1.032092 0.961517 0.898639 0.818710 0.749534 0.665506
