# mean(lg_P) also median/mode
4.264480 4.246152 4.216573 4.184779 4.152453 4.094559 4.064124 4.030368 3.995631 3.974402 3.947742 3.914036 3.855325 3.808533 3.738008 3.682306 3.620859 3.584653 3.542125 3.473907 3.408152 3.361952 3.310192 3.249844 3.196433 3.145054 3.088540 3.038269 2.989425 2.941212 2.895817 2.850560 2.805263 2.757717 2.718559 2.680536 2.635629 2.600065 2.560169 2.522383 2.482992 2.443696 2.405366 2.365407 2.319261 2.275787 2.230473 2.179117 2.125764 2.067053 2.012758 1.953619 1.884550 1.817314 1.749017 1.679064 1.601476 1.530098 1.459175 1.399727 1.322182 1.226308 1.148776 1.089227
4.262085 4.230100 4.185713 4.135895 4.089579 4.020055 3.982873 3.947867 3.915859 3.895431 3.867391 3.824594 3.751264 3.684193 3.598326 3.541166 3.489258 3.458939 3.403846 3.315149 3.242233 3.202028 3.144096 3.072193 3.015179 2.959085 2.894923 2.844368 2.780822 2.729769 2.675406 2.623825 2.572145 2.522970 2.474974 2.423612 2.381789 2.339881 2.296201 2.251850 2.210010 2.169676 2.125383 2.077142 2.042969 1.998214 1.955285 1.908113 1.858477 1.807610 1.755831 1.699405 1.627078 1.566169 1.502125 1.436618 1.370241 1.295273 1.225880 1.154026 1.078226 1.011474 0.929943 0.848677
4.265671 4.238153 4.198673 4.154479 4.112807 4.047140 4.011499 3.977512 3.943842 3.922980 3.895602 3.856133 3.787168 3.727733 3.647217 3.589116 3.533225 3.500341 3.449865 3.369883 3.297391 3.254980 3.199313 3.133401 3.076680 3.018554 2.953820 2.910167 2.845480 2.799476 2.750767 2.695713 2.645536 2.597817 2.550224 2.511156 2.462085 2.419366 2.378218 2.336334 2.294350 2.253667 2.213239 2.173527 2.137405 2.092754 2.048045 1.999048 1.949798 1.896726 1.841317 1.786084 1.717723 1.653368 1.589739 1.522552 1.451182 1.381106 1.305131 1.235249 1.163806 1.081469 1.001368 0.927070
4.267243 4.243744 4.208519 4.170012 4.131318 4.069325 4.034933 4.002271 3.968710 3.946193 3.919696 3.882106 3.818112 3.764804 3.689434 3.631586 3.573131 3.537836 3.491122 3.416795 3.347348 3.302276 3.248863 3.186704 3.130464 3.075108 3.015690 2.967114 2.911968 2.860865 2.815679 2.765808 2.719097 2.672672 2.629143 2.586434 2.543263 2.504532 2.461133 2.422379 2.382802 2.340265 2.301637 2.262788 2.211595 2.170263 2.123644 2.073975 2.023163 1.968576 1.913235 1.854952 1.795743 1.729087 1.662521 1.593395 1.520507 1.448589 1.375586 1.308757 1.239426 1.143181 1.064986 0.998297
4.265830 4.246363 4.214572 4.180848 4.146897 4.087253 4.057020 4.022496 3.988340 3.966581 3.939650 3.905078 3.845442 3.797255 3.724771 3.667928 3.607193 3.571035 3.526991 3.457667 3.390873 3.344418 3.293321 3.233544 3.176865 3.121228 3.064263 3.017631 2.963854 2.917336 2.872927 2.823420 2.777049 2.730780 2.690765 2.653285 2.604821 2.567709 2.527813 2.488988 2.448294 2.408173 2.368937 2.334705 2.286112 2.243843 2.197630 2.148833 2.096532 2.037349 1.983099 1.919946 1.857892 1.793278 1.726610 1.651903 1.579355 1.506973 1.434911 1.376666 1.297577 1.203600 1.122112 1.063222
4.262255 4.245837 4.218151 4.188193 4.156890 4.101880 4.071914 4.039238 4.004619 3.983245 3.956721 3.923728 3.868092 3.824022 3.754257 3.699045 3.637145 3.600240 3.558547 3.492009 3.429219 3.381876 3.330857 3.270519 3.218604 3.170708 3.113053 3.064195 3.016301 2.968326 2.923047 2.878752 2.834102 2.792308 2.749981 2.710953 2.673980 2.639743 2.600377 2.562260 2.522670 2.485028 2.446446 2.396788 2.359068 2.315308 2.269565 2.214920 2.160971 2.101976 2.047415 1.986132 1.911375 1.848071 1.775893 1.704405 1.627605 1.555585 1.486081 1.428270 1.351350 1.253134 1.175956 1.121066
4.256717 4.241966 4.217978 4.193258 4.165578 4.111328 4.082990 4.051577 4.017868 3.996455 3.970213 3.939456 3.885555 3.845771 3.777888 3.724681 3.663685 3.624355 3.584262 3.520807 3.461841 3.414093 3.364181 3.305474 3.254232 3.211688 3.155156 3.104132 3.059209 3.010983 2.965745 2.924663 2.885122 2.845667 2.802490 2.758708 2.732601 2.696053 2.655971 2.620391 2.580508 2.540475 2.500547 2.450027 2.417648 2.370958 2.324560 2.271258 2.214032 2.155697 2.099624 2.037206 1.955482 1.891296 1.820399 1.749655 1.671036 1.599976 1.531528 1.475732 1.397627 1.298377 1.221436 1.167483
4.248733 4.236561 4.215274 4.192788 4.166132 4.117172 4.090590 4.061069 4.027173 4.005516 3.980036 3.950155 3.900088 3.863392 3.797493 3.746187 3.684928 3.645378 3.605741 3.544481 3.489727 3.441948 3.391320 3.332419 3.283287 3.244960 3.190642 3.137312 3.094777 3.047854 3.002117 2.962240 2.920547 2.883708 2.839623 2.801371 2.770063 2.733221 2.694527 2.657659 2.618750 2.578175 2.536490 2.494203 2.460650 2.415362 2.364866 2.311303 2.254388 2.192496 2.137985 2.074685 1.991740 1.926755 1.854170 1.786161 1.707476 1.639141 1.567068 1.513791 1.438577 1.338178 1.261863 1.204265
4.236940 4.228185 4.208832 4.188987 4.166311 4.118740 4.094584 4.064372 4.032956 4.012080 3.986731 3.958521 3.909863 3.874923 3.812843 3.762520 3.702570 3.661538 3.622139 3.563472 3.510876 3.463369 3.412639 3.354297 3.307616 3.268679 3.212172 3.166713 3.121965 3.076599 3.031903 2.992889 2.953230 2.913911 2.872389 2.835847 2.796051 2.763945 2.726206 2.690187 2.649374 2.610261 2.569794 2.532448 2.492298 2.446609 2.396485 2.343181 2.284789 2.223874 2.168795 2.102513 2.022133 1.954932 1.884126 1.814205 1.740592 1.677550 1.599212 1.541245 1.470801 1.373968 1.300469 1.234284
4.224263 4.216009 4.199419 4.181562 4.160512 4.115706 4.093128 4.065694 4.035049 4.015033 3.989410 3.961975 3.915754 3.882314 3.824448 3.774677 3.715069 3.673606 3.634291 3.578443 3.527314 3.480879 3.428992 3.374499 3.327108 3.288430 3.231176 3.188395 3.144626 3.099849 3.056136 3.020395 2.979013 2.938313 2.899612 2.864629 2.823165 2.792220 2.755271 2.721737 2.679752 2.641938 2.601503 2.565393 2.519725 2.472295 2.420911 2.368260 2.309836 2.248064 2.190273 2.124552 2.046019 1.978103 1.910471 1.839270 1.767664 1.713617 1.624026 1.565141 1.491741 1.402629 1.328374 1.257854
4.273460 4.256845 4.230207 4.200806 4.171981 4.117198 4.089835 4.060715 4.027126 4.004273 3.976271 3.940761 3.880343 3.834441 3.767168 3.716576 3.659822 3.621965 3.573652 3.506160 3.444707 3.402038 3.349413 3.289218 3.237553 3.190941 3.133017 3.085719 3.035599 2.990555 2.945100 2.902181 2.858900 2.821137 2.776738 2.736629 2.707656 2.671181 2.631535 2.595496 2.558662 2.518159 2.478662 2.427213 2.396323 2.351187 2.305533 2.252858 2.194740 2.134522 2.079739 2.013998 1.939886 1.872262 1.801144 1.723012 1.646071 1.573467 1.505429 1.456111 1.374498 1.265202 1.187314 1.139879
4.270872 4.254769 4.227004 4.198228 4.167502 4.112211 4.084590 4.052329 4.019926 3.997497 3.969623 3.934315 3.874322 3.829244 3.760700 3.708433 3.651111 3.613887 3.566118 3.498534 3.436202 3.393234 3.340552 3.279719 3.227861 3.180195 3.123295 3.075284 3.025299 2.979159 2.933196 2.890210 2.846314 2.807146 2.763871 2.723648 2.691801 2.656699 2.616900 2.579225 2.542863 2.503179 2.463194 2.411998 2.379318 2.335981 2.286984 2.234760 2.180772 2.118324 2.063666 2.000258 1.926441 1.859746 1.788685 1.713632 1.635216 1.564736 1.493169 1.444496 1.362515 1.257073 1.176747 1.128284
4.269722 4.252179 4.223735 4.193954 4.162873 4.106886 4.078026 4.046350 4.012848 3.990637 3.963003 3.928344 3.868885 3.822647 3.754295 3.700906 3.641820 3.604943 3.558558 3.491556 3.428085 3.383517 3.331846 3.271655 3.218829 3.171092 3.112988 3.063324 3.014414 2.967729 2.922848 2.878082 2.834472 2.792247 2.750175 2.710030 2.675286 2.639709 2.600722 2.562383 2.523804 2.486432 2.447330 2.397462 2.361917 2.317829 2.271596 2.217734 2.165049 2.104342 2.050926 1.987446 1.913374 1.847832 1.778014 1.701010 1.622537 1.555148 1.482887 1.429233 1.351656 1.248351 1.167561 1.115867
4.267662 4.249591 4.220598 4.190119 4.157881 4.100526 4.072206 4.039604 4.005882 3.983420 3.956551 3.922084 3.863210 3.816943 3.747269 3.693004 3.633468 3.595838 3.552119 3.483654 3.419091 3.374435 3.322888 3.263361 3.209065 3.160285 3.102532 3.053625 3.003978 2.956310 2.911491 2.866573 2.822523 2.776737 2.736919 2.697112 2.658752 2.623242 2.584015 2.544892 2.507552 2.469381 2.429982 2.383225 2.344597 2.298953 2.255137 2.203140 2.147695 2.086582 2.033208 1.972402 1.900012 1.833764 1.763941 1.693129 1.615926 1.542518 1.471970 1.416779 1.339631 1.236590 1.159528 1.102531
4.265092 4.246688 4.217651 4.185779 4.153836 4.096398 4.066435 4.032354 3.998360 3.976735 3.950322 3.915784 3.857325 3.811339 3.740794 3.685537 3.623891 3.587529 3.544631 3.476102 3.411322 3.364305 3.313265 3.253265 3.200505 3.149512 3.092205 3.042102 2.992739 2.944514 2.900445 2.854412 2.809910 2.763350 2.723886 2.683282 2.641848 2.606036 2.566347 2.528170 2.488140 2.451867 2.411611 2.368046 2.325636 2.282817 2.235154 2.187084 2.131950 2.073685 2.018608 1.956836 1.887407 1.822657 1.752386 1.682066 1.605764 1.535043 1.462428 1.403197 1.328975 1.228999 1.150756 1.091791
4.263743 4.244891 4.214243 4.182600 4.148401 4.090052 4.059559 4.026135 3.990790 3.969832 3.943118 3.910277 3.852453 3.805533 3.733915 3.677450 3.615538 3.578638 3.536809 3.469275 3.402765 3.355521 3.304678 3.245149 3.189963 3.137275 3.080570 3.031623 2.981829 2.933220 2.887837 2.843165 2.796865 2.749039 2.710126 2.670971 2.624513 2.588976 2.548785 2.511337 2.471876 2.431140 2.392310 2.354567 2.307400 2.265786 2.219410 2.167306 2.115840 2.059242 2.002963 1.940768 1.874943 1.809116 1.741690 1.669721 1.595386 1.523558 1.450376 1.392052 1.316474 1.220222 1.142150 1.079625
4.261288 4.241791 4.211481 4.178442 4.143998 4.085002 4.053149 4.019633 3.984837 3.962357 3.936788 3.903594 3.846460 3.799043 3.726838 3.669251 3.606487 3.569949 3.529080 3.461528 3.394293 3.346147 3.295787 3.236182 3.180961 3.125372 3.067997 3.021536 2.968417 2.921706 2.877108 2.829889 2.783852 2.735179 2.695506 2.657145 2.609332 2.572538 2.532092 2.495098 2.453731 2.414485 2.375491 2.338916 2.289954 2.248349 2.201524 2.151008 2.099855 2.043609 1.986095 1.924939 1.861363 1.797529 1.730303 1.657168 1.585177 1.511805 1.441584 1.381288 1.302089 1.212131 1.131293 1.070334
4.259123 4.239285 4.208559 4.174957 4.139914 4.079464 4.046495 4.011743 3.977568 3.955862 3.930061 3.897563 3.841288 3.793825 3.720432 3.660680 3.597411 3.561654 3.522134 3.453905 3.386263 3.337388 3.286554 3.227513 3.170782 3.113160 3.055980 3.011251 2.956172 2.910683 2.866333 2.815599 2.767876 2.722176 2.679589 2.644308 2.594382 2.557224 2.516654 2.478605 2.439084 2.398292 2.359003 2.324852 2.272310 2.231377 2.184997 2.134239 2.085468 2.027898 1.971660 1.913009 1.848240 1.784626 1.717046 1.648517 1.573559 1.503220 1.431059 1.366349 1.293127 1.200698 1.121936 1.059878
4.257573 4.237204 4.205343 4.170875 4.135821 4.073935 4.040812 4.004270 3.969804 3.948624 3.923340 3.891069 3.835131 3.787990 3.713334 3.652711 3.588876 3.552897 3.514429 3.446953 3.378229 3.327909 3.277444 3.218083 3.161886 3.103126 3.045293 3.000565 2.944933 2.900095 2.855196 2.803495 2.756182 2.710455 2.666750 2.631146 2.581591 2.544022 2.503534 2.464441 2.424889 2.384461 2.342951 2.314134 2.255856 2.214521 2.170328 2.120847 2.069222 2.012959 1.955773 1.899287 1.836824 1.773133 1.704496 1.636152 1.562801 1.490550 1.420363 1.354044 1.281294 1.189030 1.109924 1.048042
4.196497 4.174221 4.140275 4.103824 4.066011 4.003231 3.968371 3.928539 3.889521 3.864397 3.837654 3.804530 3.747991 3.700796 3.625089 3.561880 3.491274 3.453259 3.415679 3.347672 3.277109 3.219459 3.165628 3.107063 3.047167 2.987164 2.928320 2.878776 2.820166 2.769534 2.717443 2.665610 2.616413 2.565117 2.519840 2.474102 2.428812 2.388256 2.343255 2.305178 2.263631 2.223721 2.184085 2.133782 2.090180 2.045164 2.001468 1.951263 1.902120 1.847664 1.793803 1.735414 1.682049 1.620454 1.549029 1.486758 1.419206 1.349634 1.272726 1.206194 1.131894 1.050594 0.968308 0.897642
4.210570 4.188908 4.155841 4.120975 4.083279 4.021638 3.986957 3.948795 3.911632 3.887822 3.860750 3.827025 3.770086 3.723501 3.648525 3.586738 3.518362 3.480021 3.441349 3.373544 3.303512 3.247502 3.195748 3.136779 3.078042 3.021075 2.958526 2.911966 2.851854 2.803527 2.754204 2.701724 2.650607 2.603045 2.556395 2.515973 2.467015 2.426233 2.384908 2.342719 2.301739 2.261727 2.220357 2.181454 2.135357 2.090442 2.046142 1.994230 1.944978 1.890274 1.836714 1.775870 1.720804 1.661988 1.594115 1.524771 1.458732 1.386009 1.311164 1.247985 1.175818 1.086717 1.008504 0.937918
4.224415 4.203615 4.171125 4.136098 4.100798 4.040148 4.004452 3.970145 3.932823 3.909986 3.882555 3.848809 3.791878 3.744364 3.671154 3.610190 3.543339 3.506718 3.466205 3.399170 3.329812 3.277066 3.224493 3.165654 3.107106 3.053577 2.993325 2.942812 2.887888 2.837149 2.789628 2.740827 2.691948 2.644381 2.600663 2.556455 2.512894 2.474213 2.430395 2.391299 2.350388 2.308046 2.268168 2.228344 2.177297 2.132635 2.085914 2.036229 1.984626 1.931327 1.874698 1.816429 1.764398 1.699155 1.630622 1.562190 1.491978 1.423798 1.347695 1.285281 1.212309 1.123198 1.041801 0.976285
4.236899 4.217255 4.185394 4.152045 4.116816 4.056860 4.022334 3.989521 3.952825 3.930123 3.903648 3.869612 3.811876 3.764729 3.692379 3.633747 3.568897 3.531964 3.491072 3.423123 3.354447 3.303727 3.251573 3.193265 3.136265 3.081353 3.023013 2.972303 2.920966 2.869032 2.823439 2.775310 2.729148 2.680960 2.638308 2.595795 2.551884 2.512175 2.470175 2.431386 2.390958 2.350763 2.309892 2.269751 2.217656 2.175754 2.128499 2.077791 2.026394 1.969851 1.916001 1.854997 1.800975 1.737628 1.671003 1.600000 1.525731 1.458059 1.380898 1.326387 1.251029 1.156677 1.077159 1.012164
4.250118 4.230123 4.199646 4.167212 4.133214 4.074337 4.041407 4.008531 3.972846 3.950291 3.923920 3.889619 3.832237 3.785013 3.713672 3.655815 3.591937 3.556216 3.513969 3.446378 3.378733 3.329744 3.277923 3.219802 3.163448 3.105371 3.047502 3.002023 2.946870 2.901249 2.856948 2.805576 2.757120 2.712922 2.670057 2.633839 2.584865 2.546327 2.506549 2.466617 2.427609 2.387018 2.347695 2.312405 2.260961 2.218130 2.173601 2.120164 2.071266 2.013352 1.957527 1.897776 1.839099 1.773497 1.705323 1.633841 1.561347 1.491881 1.418301 1.361335 1.284545 1.188062 1.108170 1.053178
4.261000 4.243691 4.213463 4.181767 4.148404 4.089752 4.059974 4.026334 3.991216 3.969383 3.943091 3.909202 3.851908 3.804537 3.732998 3.677056 3.615395 3.579064 3.536456 3.468564 3.402816 3.355414 3.304318 3.244611 3.190682 3.136742 3.079197 3.031825 2.981857 2.932625 2.889711 2.841810 2.797207 2.748726 2.710212 2.670194 2.625222 2.588478 2.549111 2.511234 2.470759 2.432360 2.392355 2.354345 2.307157 2.265885 2.219712 2.168541 2.115602 2.057367 2.001214 1.938301 1.874076 1.808859 1.739786 1.668976 1.597048 1.522994 1.450116 1.392520 1.315542 1.218956 1.140888 1.083065
4.273585 4.255572 4.226444 4.195537 4.162745 4.105735 4.075958 4.043581 4.009318 3.987781 3.961647 3.927290 3.868716 3.823321 3.752675 3.697045 3.637713 3.600840 3.558062 3.489481 3.425535 3.380402 3.328918 3.268804 3.215401 3.167614 3.109482 3.061159 3.011493 2.963501 2.918870 2.874633 2.830143 2.787622 2.745768 2.706023 2.668070 2.633350 2.593391 2.556659 2.518536 2.478909 2.440801 2.391496 2.355715 2.311036 2.265718 2.212754 2.158773 2.100158 2.044299 1.985441 1.909057 1.845815 1.775348 1.703891 1.626600 1.551792 1.482603 1.427467 1.342506 1.249516 1.170330 1.109616
4.284852 4.266942 4.239574 4.208648 4.177096 4.121309 4.092115 4.059276 4.026894 4.005560 3.979093 3.945102 3.887176 3.840749 3.770728 3.717284 3.659357 3.622400 3.578064 3.509844 3.447973 3.404126 3.352898 3.292498 3.239829 3.193905 3.136570 3.088637 3.039338 2.993779 2.948281 2.905979 2.862042 2.824130 2.780110 2.740105 2.709612 2.675712 2.634757 2.599096 2.560374 2.521444 2.480706 2.430095 2.399943 2.353678 2.309321 2.256146 2.201333 2.140351 2.088596 2.029163 1.941527 1.876642 1.806656 1.734886 1.657324 1.579622 1.513957 1.454769 1.374896 1.277356 1.196261 1.142686
4.294928 4.278076 4.251433 4.221722 4.191104 4.135973 4.103669 4.075893 4.043117 4.022407 3.995397 3.961849 3.903572 3.858262 3.788105 3.735458 3.679313 3.642575 3.598330 3.529908 3.469108 3.426131 3.375470 3.314410 3.262545 3.222233 3.166605 3.115655 3.069747 3.021726 2.976154 2.936011 2.896699 2.857407 2.815535 2.773334 2.744501 2.708656 2.669225 2.633034 2.593303 2.553588 2.512914 2.464342 2.439057 2.394851 2.347241 2.295804 2.240369 2.179635 2.124573 2.065910 1.974293 1.908575 1.837400 1.766616 1.685336 1.609068 1.544067 1.485145 1.406456 1.304200 1.225730 1.171755
4.024520 4.004462 3.974801 3.943465 3.907931 3.856351 3.825997 3.790655 3.756211 3.733604 3.707224 3.671903 3.617102 3.566390 3.495394 3.438921 3.373988 3.337123 3.298524 3.227164 3.160461 3.101850 3.048902 2.987857 2.928386 2.866804 2.804257 2.748768 2.691509 2.636777 2.582837 2.525431 2.471802 2.418736 2.367716 2.321946 2.271106 2.229623 2.181881 2.140087 2.099088 2.056728 2.015590 1.972633 1.927768 1.886229 1.844347 1.796264 1.751781 1.705664 1.654088 1.602598 1.547252 1.492098 1.433263 1.369910 1.302419 1.235642 1.173215 1.103314 1.026802 0.953002 0.878819 0.802673
4.087127 4.066603 4.037201 4.005266 3.971066 3.917202 3.886880 3.853001 3.817391 3.795812 3.769710 3.734932 3.678189 3.628994 3.557884 3.502373 3.438065 3.400608 3.361171 3.291817 3.223722 3.168846 3.116390 3.055416 2.997278 2.942541 2.881472 2.825674 2.770090 2.715820 2.663479 2.611799 2.562954 2.514377 2.464880 2.412954 2.373509 2.330588 2.288964 2.244644 2.204398 2.164286 2.121488 2.073578 2.036868 1.995263 1.952870 1.907413 1.860934 1.810279 1.757830 1.703204 1.640534 1.582092 1.520981 1.454015 1.387463 1.317077 1.245578 1.181830 1.101851 1.026889 0.953288 0.877408
4.143693 4.124366 4.094628 4.062966 4.028816 3.974402 3.943870 3.909975 3.874750 3.853269 3.826374 3.791820 3.734792 3.686573 3.615293 3.559501 3.496466 3.459751 3.419591 3.350055 3.281462 3.230902 3.178190 3.117977 3.060626 3.000833 2.942073 2.894270 2.835483 2.787259 2.737994 2.684619 2.635048 2.586868 2.539467 2.497544 2.451533 2.409992 2.367061 2.327068 2.286707 2.246403 2.206107 2.167510 2.129232 2.084771 2.040871 1.994411 1.943837 1.891054 1.837692 1.782266 1.722946 1.659824 1.597372 1.526942 1.460105 1.388767 1.317996 1.256987 1.178189 1.095066 1.016068 0.945480
4.195721 4.176579 4.147179 4.115453 4.082566 4.025671 3.993179 3.961271 3.928410 3.905583 3.879193 3.844203 3.787432 3.739374 3.668357 3.612273 3.550415 3.513172 3.471744 3.403576 3.335571 3.286724 3.235001 3.174739 3.119276 3.064662 3.006711 2.955337 2.903018 2.850695 2.805109 2.756657 2.709576 2.663414 2.620287 2.575421 2.534347 2.495048 2.451510 2.413799 2.374042 2.332264 2.293523 2.251404 2.204813 2.161625 2.117503 2.065268 2.019045 1.963155 1.906863 1.848039 1.792485 1.730672 1.662223 1.593468 1.522213 1.451903 1.379604 1.318716 1.245383 1.154854 1.075783 1.008595
4.242718 4.224522 4.194545 4.162266 4.130170 4.073503 4.041076 4.009495 3.975074 3.952392 3.925592 3.892073 3.834287 3.786868 3.715958 3.660901 3.599062 3.562548 3.519516 3.451493 3.385514 3.337814 3.286588 3.227089 3.171989 3.114020 3.057168 3.012158 2.957524 2.911010 2.867360 2.817111 2.769778 2.724742 2.682816 2.647172 2.598517 2.560940 2.520891 2.481574 2.443485 2.402335 2.362901 2.329849 2.278831 2.239215 2.191800 2.141046 2.090914 2.034199 1.977765 1.918837 1.856024 1.791248 1.724185 1.650150 1.578619 1.505622 1.435076 1.373587 1.296308 1.201809 1.121693 1.060709
4.284773 4.267021 4.237379 4.205632 4.173332 4.114790 4.083956 4.051270 4.016363 3.994640 3.968636 3.934394 3.876715 3.830179 3.759124 3.702434 3.642170 3.605883 3.562090 3.494862 3.430359 3.384461 3.333468 3.274211 3.220477 3.171833 3.114115 3.066046 3.015351 2.968674 2.923714 2.879102 2.834770 2.792137 2.750412 2.710585 2.674957 2.639497 2.599637 2.561201 2.523238 2.484485 2.446067 2.394727 2.358536 2.311889 2.267800 2.212563 2.160415 2.101197 2.045104 1.984665 1.908035 1.842906 1.773422 1.701349 1.626483 1.550437 1.483549 1.424608 1.345521 1.243323 1.169360 1.112152
4.322595 4.304413 4.275490 4.242991 4.210505 4.151391 4.118725 4.087362 4.052598 4.031243 4.004467 3.971884 3.913895 3.868093 3.797804 3.740131 3.680599 3.644822 3.599788 3.533342 3.471704 3.425047 3.375115 3.315326 3.262493 3.220572 3.164684 3.113857 3.067270 3.019589 2.973661 2.932814 2.893203 2.853339 2.811658 2.767807 2.739532 2.702529 2.662298 2.625994 2.586053 2.545537 2.505261 2.455917 2.422262 2.377327 2.328227 2.274416 2.218358 2.156339 2.102563 2.040306 1.953811 1.887568 1.815721 1.740426 1.668605 1.590646 1.522212 1.466918 1.387282 1.285862 1.207723 1.156523
4.354150 4.337039 4.307114 4.275481 4.243839 4.183405 4.151904 4.119729 4.085260 4.063535 4.037168 4.004347 3.946310 3.901900 3.831174 3.773523 3.713867 3.678690 3.632939 3.566552 3.507502 3.461393 3.411597 3.352524 3.300347 3.258772 3.201473 3.157825 3.105771 3.063781 3.017841 2.977716 2.935070 2.898266 2.855454 2.817490 2.780806 2.745399 2.707148 2.669799 2.629649 2.587281 2.545271 2.501978 2.470897 2.424242 2.375413 2.320431 2.264522 2.201971 2.146663 2.083132 1.988809 1.921374 1.851205 1.778003 1.699650 1.624974 1.555606 1.500319 1.421348 1.317745 1.236729 1.190926
4.382234 4.364850 4.334832 4.302863 4.271367 4.211125 4.181054 4.145557 4.112762 4.090573 4.063755 4.032220 3.974316 3.929982 3.859470 3.800800 3.741431 3.707412 3.661391 3.595794 3.539764 3.492124 3.443203 3.384097 3.332242 3.292348 3.233011 3.195021 3.141821 3.101051 3.056021 3.018615 2.975068 2.935272 2.896683 2.861246 2.816435 2.784192 2.747853 2.709131 2.668434 2.626113 2.583764 2.544119 2.505471 2.460073 2.408765 2.355907 2.295884 2.235994 2.179278 2.112458 2.016020 1.950324 1.879312 1.803814 1.727016 1.650158 1.583680 1.535600 1.454418 1.347595 1.264015 1.219267
4.329427 4.306796 4.273142 4.234461 4.195722 4.131340 4.095071 4.059460 4.018361 3.991297 3.960924 3.921281 3.857289 3.807392 3.731081 3.670225 3.606678 3.565473 3.517404 3.445034 3.376931 3.326257 3.271109 3.208270 3.150589 3.092028 3.031509 2.983350 2.927464 2.878048 2.831542 2.780902 2.731567 2.683657 2.639972 2.597649 2.549992 2.510140 2.468438 2.427684 2.386378 2.342984 2.302272 2.262942 2.205602 2.158375 2.112336 2.060657 2.004980 1.947714 1.889141 1.827450 1.771955 1.706961 1.634993 1.564199 1.488878 1.411635 1.338799 1.266355 1.185762 1.100743 1.012805 0.933835
4.315598 4.293468 4.260585 4.223717 4.185803 4.123138 4.089130 4.052696 4.013957 3.987702 3.958016 3.919988 3.857042 3.807901 3.732479 3.673242 3.609314 3.570120 3.522377 3.451183 3.383548 3.333331 3.279511 3.218207 3.161145 3.101395 3.040771 2.993531 2.937922 2.891021 2.845557 2.794674 2.745363 2.698503 2.655590 2.615545 2.565188 2.526127 2.484211 2.444237 2.403635 2.361345 2.319159 2.285646 2.226023 2.182366 2.134945 2.083877 2.029853 1.970378 1.912237 1.850022 1.798319 1.731216 1.660807 1.587727 1.514332 1.439457 1.365451 1.295365 1.218872 1.124860 1.045824 0.964725
4.301822 4.280722 4.248704 4.213142 4.176497 4.115187 4.082467 4.047297 4.009263 3.983928 3.955311 3.918732 3.856792 3.808037 3.734338 3.675429 3.613140 3.573953 3.527927 3.457365 3.390981 3.341437 3.287861 3.226528 3.170824 3.110671 3.051980 3.007560 2.949003 2.904198 2.859142 2.807033 2.758181 2.712780 2.668729 2.633504 2.581903 2.543042 2.503489 2.462304 2.421497 2.379798 2.340335 2.308103 2.249158 2.206028 2.159134 2.107747 2.053760 1.995928 1.937309 1.875635 1.820882 1.754118 1.684682 1.613001 1.539228 1.464521 1.389277 1.328471 1.247701 1.155637 1.075736 0.999783
4.287574 4.268443 4.236838 4.202356 4.167788 4.107074 4.075457 4.040685 4.004401 3.980699 3.952597 3.916739 3.855920 3.808429 3.735768 3.678195 3.615879 3.578144 3.532729 3.463898 3.397634 3.349631 3.296263 3.236048 3.180122 3.123198 3.064557 3.018294 2.965299 2.917849 2.872949 2.823384 2.774725 2.729153 2.687304 2.650497 2.600295 2.562565 2.521216 2.482959 2.442342 2.401444 2.359941 2.326663 2.275217 2.231907 2.185298 2.133330 2.080504 2.021950 1.964012 1.901733 1.844284 1.779124 1.712803 1.637450 1.563257 1.488808 1.416208 1.353099 1.276598 1.181978 1.099162 1.033684
4.274072 4.254928 4.224972 4.192278 4.157716 4.099449 4.068620 4.034890 3.998910 3.976888 3.949477 3.914764 3.856164 3.809096 3.737020 3.680163 3.618522 3.581945 3.538405 3.469681 3.403873 3.356291 3.305029 3.245713 3.190122 3.136335 3.078928 3.030082 2.980647 2.931691 2.886511 2.840169 2.794363 2.746692 2.707164 2.667954 2.621657 2.584775 2.544283 2.505488 2.466625 2.426182 2.388011 2.349086 2.301196 2.257421 2.212207 2.161807 2.105935 2.049050 1.993875 1.930585 1.868356 1.801580 1.733421 1.660749 1.589187 1.513413 1.443348 1.379985 1.302059 1.207770 1.129326 1.066449
4.260054 4.241671 4.212808 4.181047 4.148253 4.091367 4.061350 4.029149 3.994421 3.973197 3.946656 3.912753 3.855516 3.809377 3.739405 3.682445 3.621772 3.585889 3.543513 3.475708 3.410295 3.364108 3.313300 3.253445 3.199535 3.150202 3.092418 3.043263 2.993539 2.945130 2.900664 2.855905 2.811061 2.765566 2.724168 2.685125 2.642987 2.608783 2.568399 2.530860 2.491446 2.453216 2.413275 2.373673 2.329604 2.286961 2.241722 2.189157 2.134493 2.077425 2.021065 1.959343 1.891854 1.828399 1.755844 1.686473 1.608791 1.538005 1.463907 1.412803 1.333016 1.234516 1.155084 1.100127
4.245818 4.228766 4.200200 4.170749 4.138894 4.084058 4.054612 4.021574 3.989284 3.969620 3.943909 3.911823 3.855677 3.810026 3.739966 3.685168 3.625703 3.590284 3.548739 3.481873 3.418011 3.372345 3.321601 3.263702 3.209483 3.161005 3.104766 3.056083 3.006906 2.959012 2.915118 2.870608 2.827211 2.782797 2.742785 2.703013 2.666922 2.631369 2.592722 2.555080 2.517424 2.479061 2.441263 2.392792 2.357513 2.314715 2.267985 2.215873 2.162942 2.106757 2.052831 1.991979 1.915120 1.850581 1.781076 1.709577 1.633471 1.565459 1.491114 1.440291 1.360945 1.258532 1.182403 1.132931
4.232387 4.215890 4.188505 4.160365 4.129911 4.075966 4.046867 4.016011 3.985097 3.965649 3.940825 3.910164 3.855231 3.810825 3.741999 3.688178 3.628427 3.593413 3.553454 3.488122 3.424579 3.379445 3.329848 3.271968 3.219076 3.173012 3.115918 3.067297 3.020167 2.973152 2.928443 2.885626 2.842455 2.802333 2.759451 2.720248 2.687797 2.653811 2.615030 2.577651 2.540495 2.504216 2.466320 2.412533 2.383538 2.341629 2.296657 2.245652 2.191265 2.134573 2.079205 2.018872 1.937827 1.874746 1.803985 1.730709 1.655838 1.586372 1.516690 1.468869 1.389735 1.285891 1.207971 1.169096
4.218179 4.203175 4.176401 4.150343 4.120707 4.068300 4.039659 4.010173 3.980369 3.962062 3.938379 3.908058 3.854938 3.811573 3.743770 3.690913 3.631687 3.598146 3.558645 3.494239 3.430723 3.387858 3.338067 3.280574 3.229608 3.184044 3.127663 3.078781 3.033424 2.986717 2.942767 2.899847 2.858885 2.820998 2.778329 2.737906 2.711733 2.676393 2.636261 2.600173 2.563585 2.526203 2.487589 2.436462 2.411065 2.367797 2.323433 2.270747 2.216379 2.161329 2.112275 2.050275 1.962217 1.895099 1.828756 1.755954 1.679949 1.610502 1.542697 1.497635 1.420054 1.312291 1.236296 1.202944
4.289145 4.270525 4.239781 4.208351 4.175682 4.116050 4.086682 4.052532 4.018415 3.998203 3.971415 3.937959 3.879034 3.832778 3.761323 3.704299 3.643034 3.608073 3.565227 3.496473 3.431519 3.385513 3.334861 3.275135 3.221016 3.173020 3.115127 3.066193 3.016527 2.970735 2.924641 2.879647 2.836376 2.793150 2.752175 2.711624 2.676067 2.639033 2.597469 2.560831 2.520100 2.479971 2.439648 2.387469 2.350082 2.305855 2.256666 2.201945 2.147263 2.087879 2.028720 1.965020 1.893000 1.827049 1.755614 1.682721 1.603288 1.529882 1.463279 1.408147 1.332053 1.234001 1.159294 1.090138
4.262934 4.244534 4.214101 4.182625 4.149800 4.091612 4.061644 4.028167 3.993147 3.972322 3.945789 3.911939 3.853353 3.807044 3.736300 3.679632 3.618945 3.582789 3.539238 3.472131 3.406400 3.359708 3.309009 3.249017 3.194737 3.142837 3.085486 3.035299 2.987128 2.938261 2.893070 2.848401 2.802655 2.755475 2.717144 2.677219 2.632383 2.597641 2.556013 2.518915 2.479406 2.439158 2.401135 2.359222 2.317076 2.273184 2.228267 2.176846 2.123281 2.066190 2.009389 1.948367 1.883340 1.817473 1.748400 1.679511 1.601236 1.530366 1.458296 1.399882 1.323534 1.223444 1.148016 1.089235
4.223581 4.204561 4.175490 4.142223 4.110102 4.052376 4.020729 3.990120 3.954679 3.933127 3.906848 3.871874 3.813658 3.766959 3.696172 3.640858 3.579174 3.540611 3.499953 3.432157 3.364794 3.317098 3.265468 3.205308 3.150339 3.094025 3.035859 2.988759 2.936320 2.887585 2.843104 2.794559 2.747183 2.700554 2.657739 2.619851 2.574046 2.534722 2.495285 2.456362 2.417100 2.377854 2.339162 2.307855 2.255594 2.217246 2.172736 2.126111 2.077035 2.021862 1.967419 1.909375 1.850705 1.787918 1.719252 1.650305 1.577741 1.504514 1.436117 1.376739 1.301939 1.200660 1.116330 1.070436
4.163350 4.144061 4.113765 4.082394 4.049735 3.993615 3.965498 3.929756 3.896495 3.873771 3.847349 3.812209 3.755081 3.707113 3.636049 3.579784 3.518007 3.481121 3.440313 3.372470 3.302452 3.252382 3.201651 3.140318 3.082640 3.032126 2.968005 2.918780 2.862571 2.812551 2.764815 2.714696 2.665378 2.618609 2.573817 2.532607 2.486516 2.446582 2.406584 2.367838 2.328611 2.287566 2.250745 2.219313 2.173168 2.132774 2.090362 2.044147 2.000922 1.949200 1.897280 1.845292 1.789864 1.730014 1.664362 1.594000 1.521410 1.451098 1.387706 1.333696 1.267061 1.153437 1.073323 1.032691
4.064817 4.045414 4.013314 3.983259 3.948833 3.895106 3.863651 3.829229 3.797072 3.775026 3.748971 3.714464 3.658945 3.609179 3.537135 3.479676 3.417125 3.382139 3.342505 3.271203 3.199628 3.146037 3.096165 3.031801 2.971525 2.917707 2.854243 2.799956 2.741261 2.688243 2.635308 2.580753 2.530685 2.483185 2.430312 2.383107 2.337104 2.294285 2.255759 2.208157 2.167180 2.128126 2.088739 2.055740 2.014645 1.976394 1.937747 1.897069 1.855301 1.812948 1.765847 1.717982 1.656623 1.602308 1.540325 1.474911 1.404176 1.339737 1.286467 1.229074 1.164404 1.066100 0.990042 0.944498
3.874783 3.854777 3.820696 3.790692 3.757140 3.704535 3.671193 3.636355 3.606130 3.583065 3.557718 3.524373 3.470860 3.418245 3.342941 3.282144 3.221196 3.187798 3.148716 3.074050 3.001990 2.943212 2.893511 2.824206 2.758392 2.706633 2.637936 2.578334 2.516386 2.455515 2.392499 2.335832 2.281000 2.224996 2.165531 2.105762 2.060520 2.009277 1.960444 1.912447 1.864303 1.818289 1.773663 1.725918 1.688726 1.647223 1.604557 1.564074 1.523944 1.483991 1.437143 1.392076 1.340881 1.294067 1.246024 1.198139 1.146588 1.090598 1.025220 0.963396 0.905819 0.855973 0.795498 0.712749
3.479568 3.460615 3.430198 3.394352 3.360210 3.310634 3.276839 3.244063 3.209093 3.184876 3.158124 3.122570 3.073304 3.018401 2.947684 2.867771 2.821149 2.780322 2.721301 2.657394 2.578001 2.529972 2.477444 2.400230 2.326253 2.277060 2.202154 2.130491 2.071671 1.995528 1.923293 1.867699 1.797165 1.728067 1.657180 1.588267 1.527522 1.464119 1.401299 1.339420 1.278973 1.220356 1.161778 1.082060 1.046455 0.989158 0.937144 0.887104 0.834835 0.786883 0.741547 0.701942 0.644994 0.591609 0.558618 0.532201 0.503940 0.500709 0.340828 0.299284 0.250091 0.231588 0.179484 0.117912
2.687963 2.674049 2.666073 2.608230 2.576985 2.537429 2.502922 2.477331 2.427444 2.392391 2.360846 2.315408 2.271870 2.226020 2.177280 2.020521 2.040358 1.969235 1.792532 1.807770 1.801700 1.725782 1.658341 1.569802 1.471760 1.460178 1.392753 1.321825 1.252692 1.160831 1.035391 1.025840 0.934920 0.848429 0.763361 0.680436 0.606492 0.524630 0.440958 0.361629 0.280164 0.202447 0.121679 -0.037393 -0.043520 -0.128525 -0.202283 -0.266467 -0.352140 -0.418426 -0.466943 -0.501489 -0.746938 -0.851621 -0.899792 -0.938851 -0.925114 -0.777106 -1.200427 -1.093514 -1.127525 -1.314496 -1.278857 -1.180842
1.253871 1.247420 1.316537 1.194138 1.167457 1.154061 1.124175 1.118909 1.031203 0.962858 0.917047 0.845233 0.808595 0.798709 0.809999 0.397855 0.658865 0.504606 -0.078378 0.198687 0.478626 0.306017 0.189966 0.095544 -0.114138 0.017798 -0.002004 -0.076254 -0.152814 -0.266552 -0.554879 -0.389642 -0.501377 -0.612609 -0.701615 -0.797816 -0.885063 -0.993356 -1.104004 -1.199627 -1.306338 -1.410633 -1.521031 -1.739479 -1.760867 -1.896003 -2.000473 -2.091743 -2.251858 -2.361373 -2.409874 -2.434569 -3.109201 -3.251648 -3.181251 -2.998222 -2.548097 -2.337379 -3.208537 -3.585840 -3.614293 -2.703642 -2.343123 -3.600298
4.334026 4.315233 4.286645 4.253530 4.220999 4.158159 4.130792 4.099388 4.062660 4.041981 4.016526 3.981449 3.922879 3.875748 3.804850 3.745962 3.686324 3.650602 3.609946 3.542637 3.478082 3.431525 3.383984 3.324757 3.270458 3.228897 3.175432 3.125064 3.077931 3.029497 2.983542 2.944142 2.903923 2.864331 2.822644 2.780740 2.749722 2.709779 2.670381 2.630494 2.590708 2.548489 2.506959 2.451465 2.422159 2.370747 2.318374 2.261952 2.203468 2.140972 2.077409 2.010617 1.921316 1.850583 1.771778 1.690973 1.616508 1.548016 1.466657 1.419142 1.330995 1.237897 1.159687 1.097617
4.330295 4.311746 4.283232 4.251230 4.219508 4.160208 4.129917 4.095711 4.062171 4.039801 4.013230 3.978315 3.920089 3.875779 3.810336 3.752339 3.690296 3.653305 3.606704 3.544777 3.483843 3.436454 3.384729 3.331224 3.276494 3.235500 3.182561 3.132463 3.083388 3.036839 2.989891 2.949141 2.908325 2.870493 2.826560 2.784416 2.753886 2.713727 2.674997 2.634554 2.593627 2.553103 2.510245 2.455159 2.424074 2.373385 2.320603 2.262654 2.204349 2.143204 2.076560 2.012297 1.929516 1.863362 1.783463 1.708692 1.630577 1.562740 1.484373 1.431126 1.351276 1.252177 1.178141 1.115953
4.328119 4.309360 4.279448 4.247817 4.215403 4.154954 4.125404 4.092181 4.058514 4.036293 4.009778 3.976608 3.918363 3.872333 3.803357 3.744457 3.684921 3.649530 3.604098 3.540141 3.475448 3.429565 3.380591 3.323338 3.267717 3.227663 3.171605 3.120478 3.074067 3.025496 2.978380 2.938230 2.897980 2.857499 2.814921 2.770568 2.740943 2.702290 2.661987 2.623474 2.580889 2.540122 2.496862 2.446992 2.409867 2.360478 2.306615 2.249932 2.194412 2.131586 2.067827 2.005486 1.924555 1.856861 1.785461 1.712139 1.630144 1.565040 1.486512 1.422133 1.345012 1.252948 1.176779 1.108008
4.317924 4.299846 4.269404 4.236991 4.203786 4.143146 4.111244 4.081303 4.046855 4.025827 3.999387 3.966859 3.908968 3.862364 3.790136 3.730980 3.670931 3.637008 3.594845 3.527641 3.460495 3.415524 3.367873 3.308540 3.252399 3.209327 3.151621 3.103932 3.052692 3.007103 2.961075 2.919113 2.877147 2.838004 2.793810 2.751842 2.722148 2.685732 2.645634 2.606841 2.564286 2.526199 2.484192 2.436089 2.395207 2.347116 2.296723 2.244047 2.184641 2.123092 2.066176 2.002510 1.920261 1.851771 1.781684 1.709954 1.629651 1.566932 1.482966 1.411979 1.334248 1.253742 1.180521 1.104824
4.306866 4.288340 4.258876 4.225795 4.193869 4.132988 4.101896 4.070266 4.035985 4.014321 3.987752 3.954799 3.897818 3.851340 3.781170 3.722419 3.660542 3.625945 3.583003 3.517024 3.452823 3.404853 3.354525 3.297334 3.242476 3.196903 3.138038 3.090473 3.041193 2.995223 2.950754 2.907938 2.864067 2.824858 2.781545 2.741292 2.710915 2.674933 2.633974 2.595822 2.556536 2.517395 2.475903 2.427770 2.389038 2.341345 2.292910 2.237948 2.180656 2.122137 2.064887 2.002202 1.919079 1.849397 1.779358 1.705020 1.631382 1.566504 1.485023 1.411683 1.332241 1.258894 1.183700 1.110597
4.301751 4.282646 4.254112 4.221878 4.188829 4.127731 4.097823 4.063940 4.029734 4.008743 3.982121 3.949379 3.891313 3.845759 3.776070 3.718162 3.655173 3.620959 3.577693 3.510255 3.447069 3.399133 3.348623 3.291425 3.236071 3.188914 3.131962 3.084493 3.034082 2.988394 2.942880 2.900404 2.856726 2.816473 2.775084 2.734085 2.703188 2.665568 2.625675 2.586636 2.549008 2.508277 2.468378 2.422250 2.381915 2.335744 2.286378 2.232130 2.175614 2.117679 2.058261 1.998690 1.915494 1.847664 1.778254 1.703920 1.630720 1.570977 1.483330 1.411014 1.334533 1.259751 1.185431 1.109533
4.294726 4.276500 4.248293 4.215315 4.181283 4.123124 4.092095 4.058016 4.024815 4.002998 3.977454 3.943348 3.885562 3.838769 3.767118 3.709530 3.648324 3.614199 3.572445 3.502413 3.436557 3.392229 3.342436 3.280715 3.226472 3.180179 3.122068 3.072726 3.023807 2.977402 2.931759 2.888080 2.843497 2.802393 2.760453 2.720567 2.685156 2.649566 2.609184 2.571395 2.533458 2.493172 2.453091 2.403385 2.362263 2.317659 2.271144 2.212839 2.160635 2.102096 2.045362 1.981831 1.904596 1.839210 1.770196 1.695842 1.622644 1.560585 1.475527 1.406658 1.330334 1.247961 1.173532 1.099611
4.278647 4.260198 4.230634 4.197827 4.165551 4.107493 4.077268 4.043098 4.009354 3.987927 3.961159 3.927560 3.869626 3.823235 3.750687 3.694656 3.634236 3.598748 3.556518 3.487197 3.422052 3.376539 3.325376 3.264960 3.210498 3.162067 3.104425 3.053724 3.005253 2.957263 2.912383 2.868139 2.822572 2.777504 2.738247 2.696497 2.656997 2.622103 2.581283 2.544838 2.505968 2.464385 2.424402 2.379851 2.338847 2.293678 2.247404 2.193214 2.138447 2.080624 2.025646 1.966538 1.890032 1.823460 1.757208 1.686952 1.612010 1.542540 1.464529 1.404278 1.324258 1.235772 1.156366 1.088834
4.252224 4.234420 4.203710 4.173139 4.139544 4.081750 4.051206 4.017547 3.984470 3.961915 3.936069 3.901574 3.843428 3.795934 3.725323 3.669408 3.607697 3.571246 3.528508 3.461665 3.395025 3.347819 3.295863 3.237422 3.182697 3.127940 3.070497 3.022328 2.972124 2.923866 2.880252 2.834187 2.787705 2.740340 2.700564 2.663236 2.616303 2.579477 2.540265 2.499943 2.462477 2.420872 2.384213 2.347430 2.300122 2.259081 2.215719 2.166299 2.113033 2.055572 1.998524 1.938183 1.874355 1.810548 1.741641 1.670538 1.593270 1.515845 1.451563 1.395980 1.322986 1.217638 1.141407 1.084940
4.271862 4.253477 4.224588 4.193595 4.160686 4.103478 4.073142 4.039665 4.006117 3.984061 3.957395 3.924278 3.865986 3.820077 3.749294 3.692679 3.631975 3.595732 3.552600 3.485506 3.420252 3.374054 3.322588 3.263688 3.209785 3.160670 3.102921 3.053907 3.004109 2.955615 2.910920 2.865868 2.820894 2.776872 2.736614 2.696249 2.656600 2.621441 2.581649 2.543760 2.505506 2.466220 2.426334 2.382011 2.339966 2.297845 2.251381 2.199426 2.143971 2.087428 2.031054 1.970354 1.899093 1.832626 1.763774 1.691050 1.614659 1.542424 1.471368 1.416873 1.337761 1.238380 1.160732 1.102312
4.261367 4.242124 4.212641 4.181090 4.148033 4.089264 4.059513 4.027078 3.991802 3.969748 3.942887 3.909027 3.850240 3.804156 3.732339 3.676327 3.615353 3.578993 3.536255 3.468286 3.402138 3.355771 3.304150 3.243837 3.190348 3.137451 3.079687 3.030400 2.981557 2.932629 2.889258 2.843072 2.797086 2.749089 2.711061 2.671288 2.625455 2.589557 2.549672 2.512751 2.472700 2.432778 2.393211 2.357033 2.308986 2.266073 2.221454 2.170097 2.117723 2.058586 2.000838 1.940688 1.875441 1.812427 1.742153 1.672489 1.597776 1.522158 1.451635 1.393796 1.317807 1.220409 1.144066 1.083238
4.251552 4.232575 4.201400 4.169218 4.135125 4.076585 4.045574 4.012353 3.978104 3.955354 3.928722 3.894424 3.835137 3.788291 3.715951 3.659657 3.599043 3.562786 3.519078 3.450892 3.384500 3.337746 3.285867 3.225767 3.171513 3.113362 3.055725 3.010697 2.956762 2.910551 2.866215 2.816327 2.769548 2.724056 2.681058 2.645582 2.597394 2.560152 2.519481 2.481571 2.442370 2.402581 2.360977 2.329609 2.279960 2.237105 2.193294 2.141468 2.090001 2.032983 1.976808 1.916502 1.854694 1.790536 1.721281 1.650492 1.575792 1.504147 1.432303 1.374142 1.297133 1.202643 1.126363 1.059991
4.241944 4.222684 4.190571 4.157844 4.124244 4.064673 4.031255 4.000095 3.964612 3.942255 3.914709 3.879933 3.820540 3.772423 3.699813 3.643980 3.582629 3.546066 3.502786 3.433029 3.366760 3.318348 3.267822 3.206058 3.151688 3.095146 3.036772 2.989391 2.936459 2.889237 2.843341 2.795612 2.747642 2.700950 2.658926 2.620583 2.573836 2.534810 2.494206 2.456595 2.416808 2.375339 2.335415 2.301166 2.250713 2.211486 2.163968 2.113480 2.063211 2.005651 1.951512 1.892190 1.830312 1.770009 1.697683 1.629430 1.556234 1.486866 1.411688 1.348992 1.278147 1.185222 1.104358 1.042514
4.233463 4.213478 4.181211 4.147110 4.111812 4.052577 4.018672 3.986849 3.950861 3.928722 3.900973 3.864949 3.805881 3.757150 3.684740 3.627940 3.566177 3.528882 3.485974 3.416051 3.348806 3.300260 3.249543 3.187931 3.131741 3.077989 3.019703 2.969904 2.918073 2.867486 2.822280 2.773609 2.726508 2.679953 2.637646 2.595113 2.551709 2.513719 2.471162 2.433074 2.392531 2.351714 2.313189 2.273028 2.227713 2.183913 2.137802 2.087890 2.039933 1.982136 1.928239 1.865976 1.808497 1.745338 1.677882 1.609047 1.535732 1.464104 1.394410 1.328482 1.256944 1.169560 1.086645 1.025055
4.226763 4.204859 4.171762 4.137354 4.102171 4.041211 4.007857 3.974693 3.939122 3.916036 3.887944 3.851177 3.791716 3.741495 3.668185 3.611805 3.550088 3.512622 3.469688 3.399033 3.331698 3.282394 3.230622 3.169326 3.112566 3.058319 2.999821 2.948995 2.895488 2.846036 2.799418 2.751682 2.703250 2.657509 2.613046 2.569287 2.527671 2.490493 2.447401 2.408759 2.368447 2.328113 2.287463 2.248894 2.202557 2.159532 2.115164 2.065698 2.013927 1.958660 1.905769 1.845842 1.785084 1.723053 1.656230 1.586735 1.514877 1.443899 1.372350 1.307998 1.237774 1.147278 1.072192 1.002825
4.218695 4.196215 4.163450 4.126940 4.091490 4.030751 3.995999 3.963586 3.926403 3.903141 3.874804 3.837447 3.777227 3.726575 3.652825 3.595408 3.533791 3.496373 3.453237 3.382226 3.314246 3.263874 3.211716 3.149853 3.092659 3.042614 2.979097 2.930552 2.875531 2.823747 2.777204 2.728068 2.679280 2.631190 2.586841 2.543759 2.499758 2.462141 2.419293 2.381459 2.339753 2.299178 2.257129 2.225480 2.179348 2.135736 2.089781 2.041979 1.992228 1.936718 1.883147 1.825344 1.761051 1.700101 1.631781 1.563075 1.495367 1.421655 1.354993 1.288316 1.211762 1.129140 1.051477 0.984442
4.212248 4.189419 4.155912 4.118105 4.081341 4.020931 3.986175 3.951169 3.914069 3.890473 3.862259 3.824454 3.763394 3.711612 3.637442 3.579963 3.518091 3.480025 3.437389 3.364718 3.296377 3.245466 3.193266 3.131251 3.073946 3.018033 2.955144 2.909214 2.849802 2.802906 2.754341 2.702388 2.651819 2.605791 2.558555 2.518444 2.472337 2.431376 2.389251 2.351623 2.309050 2.270035 2.228853 2.195507 2.156707 2.113174 2.069149 2.019153 1.969852 1.915171 1.863158 1.803477 1.739278 1.674486 1.609912 1.543201 1.473651 1.400766 1.333223 1.260428 1.189187 1.109408 1.030562 0.959859
4.206780 4.182463 4.148900 4.109997 4.072289 4.011792 3.976126 3.941722 3.902544 3.878768 3.849483 3.811167 3.749582 3.696994 3.622574 3.564009 3.501766 3.463681 3.420609 3.347842 3.279162 3.227530 3.175448 3.111620 3.053579 2.995870 2.934547 2.889496 2.830125 2.782094 2.730819 2.680706 2.629664 2.581252 2.534082 2.493208 2.446917 2.406658 2.363268 2.324807 2.283010 2.245119 2.203757 2.168785 2.132586 2.088878 2.045441 1.997699 1.946826 1.893718 1.840681 1.784115 1.715117 1.652561 1.584386 1.521404 1.453223 1.380028 1.310501 1.236811 1.166471 1.087118 1.007626 0.940863
4.283871 4.267091 4.238569 4.207250 4.175965 4.119817 4.091112 4.059803 4.026481 4.006478 3.980037 3.946138 3.886168 3.839528 3.768576 3.714750 3.657895 3.622638 3.577498 3.508143 3.443797 3.401777 3.351185 3.289313 3.236887 3.190946 3.133800 3.083411 3.035049 2.989461 2.943896 2.902227 2.857766 2.819612 2.775828 2.735059 2.705392 2.670676 2.630836 2.595313 2.556876 2.517697 2.478605 2.426858 2.395116 2.352540 2.305730 2.250337 2.197923 2.137090 2.081735 2.020354 1.936737 1.869974 1.796983 1.724308 1.648859 1.577621 1.504487 1.450970 1.373187 1.271705 1.192485 1.143824
4.276200 4.258761 4.229311 4.198307 4.167029 4.109326 4.080286 4.048031 4.014307 3.993404 3.967218 3.933089 3.874044 3.826896 3.755925 3.700895 3.643314 3.607395 3.563086 3.493634 3.429031 3.385098 3.334932 3.273769 3.220654 3.172686 3.115656 3.065934 3.016557 2.969635 2.924635 2.880644 2.836845 2.794830 2.751189 2.712540 2.678193 2.642723 2.604009 2.565190 2.528742 2.490223 2.451634 2.401762 2.365534 2.320462 2.275158 2.220855 2.170314 2.107154 2.053220 1.993428 1.915208 1.849359 1.777047 1.706593 1.628481 1.560947 1.487353 1.431654 1.351891 1.250943 1.172539 1.120887
4.268626 4.250179 4.220453 4.189279 4.156481 4.098098 4.069364 4.036677 4.001576 3.980549 3.954018 3.920003 3.861226 3.814769 3.743759 3.687973 3.628032 3.591992 3.548395 3.480352 3.415134 3.369736 3.318316 3.258112 3.205222 3.154865 3.097312 3.047056 2.998117 2.949923 2.904806 2.859872 2.815630 2.770934 2.730433 2.690288 2.650427 2.614036 2.573751 2.537403 2.499008 2.459833 2.418870 2.375414 2.332823 2.290410 2.244148 2.192577 2.139676 2.079854 2.025354 1.963809 1.893343 1.828987 1.757385 1.684929 1.612534 1.540280 1.467158 1.407971 1.333219 1.236416 1.157776 1.098622
4.261003 4.242048 4.212388 4.179903 4.147074 4.088780 4.058242 4.024952 3.989101 3.967371 3.941005 3.907063 3.849442 3.802851 3.732303 3.675923 3.613612 3.576219 3.534181 3.466680 3.400811 3.353467 3.301930 3.242927 3.188130 3.135284 3.077791 3.029716 2.980028 2.929845 2.886288 2.839086 2.794069 2.745350 2.707479 2.667397 2.620747 2.584642 2.544557 2.507855 2.467596 2.426436 2.388591 2.349896 2.303645 2.262884 2.216461 2.164699 2.111801 2.054040 1.999909 1.938589 1.872648 1.807951 1.737588 1.668365 1.593066 1.521685 1.451705 1.394837 1.315196 1.213639 1.138856 1.079238
4.252696 4.233330 4.203113 4.170981 4.136774 4.078521 4.046064 4.012947 3.976731 3.954157 3.927455 3.894318 3.836874 3.790866 3.719765 3.661962 3.598447 3.561380 3.519237 3.452920 3.387130 3.337638 3.285609 3.226478 3.171760 3.114059 3.056214 3.011154 2.955557 2.911331 2.866990 2.815712 2.769186 2.723303 2.681113 2.644756 2.596866 2.558186 2.518322 2.478150 2.438979 2.399220 2.358296 2.326549 2.274181 2.232752 2.186500 2.137189 2.084818 2.026220 1.970951 1.911342 1.851414 1.786431 1.718872 1.645331 1.573336 1.502641 1.431116 1.371231 1.296039 1.196970 1.119143 1.057065
4.244527 4.225350 4.194441 4.160971 4.127553 4.068746 4.033566 4.000940 3.964966 3.941646 3.914483 3.881259 3.824460 3.779481 3.707638 3.648952 3.583763 3.545680 3.504974 3.439765 3.372384 3.320686 3.269277 3.211335 3.155424 3.097049 3.039117 2.992643 2.939190 2.891897 2.847202 2.797107 2.750019 2.703176 2.660446 2.621691 2.574730 2.534814 2.494590 2.454755 2.415336 2.373673 2.334279 2.299409 2.245126 2.204198 2.159604 2.109342 2.058694 2.002201 1.945168 1.886300 1.830598 1.767472 1.697371 1.628633 1.556015 1.482674 1.411682 1.348128 1.272828 1.178177 1.099827 1.034191
4.237425 4.216764 4.185399 4.152611 4.118738 4.058728 4.021844 3.987995 3.952284 3.928448 3.901803 3.868278 3.812592 3.767201 3.695618 3.635793 3.568979 3.529817 3.490671 3.425675 3.359128 3.304856 3.252161 3.195179 3.139089 3.082989 3.025080 2.976543 2.924144 2.873017 2.828042 2.779551 2.732362 2.684576 2.641775 2.599901 2.553803 2.515475 2.473301 2.433687 2.394112 2.352266 2.312610 2.275717 2.221104 2.180456 2.132472 2.082442 2.034323 1.978730 1.921463 1.862730 1.809360 1.745338 1.677769 1.608952 1.538310 1.459802 1.393778 1.327415 1.252932 1.161770 1.083057 1.014043
4.228867 4.208688 4.177218 4.143612 4.108659 4.048128 4.013171 3.977412 3.939297 3.915729 3.888467 3.855534 3.799994 3.755332 3.684262 3.622965 3.554048 3.514731 3.476044 3.412491 3.345021 3.288509 3.236291 3.179546 3.122559 3.066130 3.008577 2.958373 2.905758 2.855622 2.808324 2.758444 2.711491 2.665616 2.621525 2.578442 2.534066 2.494695 2.452138 2.411851 2.371369 2.330171 2.290337 2.250873 2.197287 2.153709 2.109207 2.059298 2.008699 1.954963 1.900933 1.841850 1.788062 1.723604 1.658486 1.587474 1.516137 1.442398 1.374205 1.308859 1.234738 1.141455 1.062710 0.993924
4.221049 4.200424 4.168061 4.135106 4.099816 4.038147 4.001741 3.965986 3.926966 3.902996 3.875330 3.841749 3.787587 3.742823 3.672111 3.609194 3.538993 3.499788 3.461405 3.399168 3.330421 3.272594 3.220132 3.164371 3.106718 3.050976 2.991788 2.940566 2.886895 2.836427 2.789217 2.739372 2.691314 2.645056 2.599924 2.554841 2.510592 2.470594 2.428107 2.387212 2.345100 2.305181 2.264548 2.228332 2.175094 2.131597 2.085485 2.038054 1.986974 1.932787 1.879448 1.821330 1.765184 1.702245 1.636639 1.568915 1.495731 1.421656 1.355441 1.290043 1.211521 1.123885 1.041412 0.976657
4.254007 4.236889 4.208156 4.178659 4.146658 4.091255 4.061165 4.027206 3.994694 3.972802 3.946337 3.913522 3.855942 3.809725 3.737954 3.681311 3.620058 3.583527 3.539724 3.471392 3.405522 3.358166 3.305948 3.245456 3.189692 3.136225 3.078011 3.027818 2.977684 2.928360 2.883895 2.836273 2.789187 2.740349 2.699194 2.660140 2.613689 2.577468 2.534641 2.497009 2.455864 2.415702 2.374983 2.336685 2.288658 2.243965 2.197816 2.147966 2.092252 2.035903 1.977299 1.915936 1.851195 1.785340 1.715616 1.643671 1.570570 1.496529 1.424374 1.358895 1.281816 1.187655 1.106318 1.038439
4.256921 4.239654 4.210539 4.180224 4.148243 4.091058 4.061656 4.028492 3.995074 3.973017 3.946725 3.913747 3.855688 3.808915 3.737686 3.681468 3.620141 3.583170 3.539908 3.472044 3.406044 3.359661 3.306820 3.246275 3.191197 3.140017 3.080258 3.031882 2.981172 2.930836 2.887363 2.839854 2.793917 2.745162 2.704030 2.664698 2.619464 2.582390 2.540262 2.501641 2.461998 2.421229 2.381474 2.343207 2.297011 2.253280 2.207516 2.154265 2.101664 2.041907 1.985553 1.924960 1.859216 1.795070 1.723903 1.651101 1.579422 1.504520 1.430726 1.370358 1.290681 1.198191 1.118101 1.049498
4.259560 4.242021 4.212460 4.181789 4.149805 4.091995 4.062856 4.028422 3.995981 3.973314 3.946884 3.914039 3.856056 3.809620 3.737995 3.681760 3.620899 3.583770 3.540503 3.471936 3.407037 3.359909 3.308217 3.248168 3.192477 3.141251 3.082514 3.032811 2.984064 2.935026 2.890197 2.843462 2.797236 2.749185 2.710091 2.670463 2.624474 2.587437 2.547700 2.509376 2.469055 2.429990 2.389629 2.350107 2.302410 2.260819 2.213995 2.161116 2.108227 2.051743 1.993484 1.933903 1.869216 1.800740 1.732158 1.662346 1.587567 1.513719 1.440736 1.383409 1.301021 1.207566 1.128282 1.061526
4.262392 4.244438 4.214624 4.183697 4.150684 4.093210 4.062776 4.030148 3.995914 3.973665 3.947222 3.914131 3.855541 3.809375 3.737714 3.682154 3.620555 3.584268 3.541566 3.472567 3.407945 3.361177 3.309160 3.248983 3.194873 3.142822 3.085980 3.036751 2.986128 2.938189 2.893534 2.845998 2.801802 2.753541 2.714564 2.675121 2.629456 2.594581 2.554845 2.515522 2.476785 2.437276 2.396767 2.358087 2.311072 2.269410 2.222817 2.170707 2.119925 2.060305 2.003767 1.943092 1.875344 1.808807 1.742896 1.668655 1.594720 1.520430 1.449816 1.391639 1.314048 1.217243 1.140568 1.074720
4.265028 4.246227 4.216523 4.185156 4.152039 4.095309 4.064139 4.030498 3.996442 3.974366 3.947453 3.913825 3.856367 3.809610 3.738187 3.682323 3.621082 3.584723 3.541784 3.473742 3.408510 3.361470 3.310566 3.250970 3.196877 3.146054 3.087620 3.038356 2.989248 2.941049 2.896840 2.851428 2.805893 2.758571 2.719174 2.680048 2.636094 2.600821 2.559999 2.520909 2.483662 2.442389 2.405795 2.365316 2.320298 2.277766 2.231251 2.180080 2.125965 2.069436 2.012936 1.950691 1.882094 1.817610 1.747491 1.677441 1.600365 1.528603 1.460239 1.400477 1.321951 1.226283 1.145826 1.087792
4.267368 4.248657 4.218526 4.186652 4.153773 4.095417 4.064639 4.032052 3.996276 3.974404 3.947660 3.913698 3.855815 3.809199 3.738993 3.681920 3.621700 3.585329 3.541917 3.474735 3.409000 3.362502 3.311994 3.252732 3.198464 3.147644 3.090238 3.041523 2.992210 2.943604 2.899411 2.853951 2.809865 2.762312 2.723784 2.684324 2.642030 2.605874 2.566958 2.529105 2.489816 2.451157 2.413460 2.372160 2.325974 2.285216 2.238723 2.187759 2.135804 2.075681 2.022257 1.961932 1.889966 1.826632 1.758924 1.684794 1.611346 1.537800 1.466966 1.414129 1.328953 1.236708 1.155744 1.103434
4.270043 4.250867 4.220922 4.188208 4.154195 4.096266 4.065596 4.031717 3.997397 3.975083 3.948386 3.913967 3.855681 3.809016 3.738096 3.681602 3.621673 3.584658 3.542505 3.475181 3.409658 3.363529 3.312596 3.254019 3.200281 3.149642 3.092850 3.043670 2.994523 2.946551 2.901447 2.858301 2.813553 2.767551 2.728670 2.688368 2.648023 2.611958 2.572949 2.535673 2.497340 2.458246 2.420744 2.374061 2.335414 2.293364 2.248311 2.194149 2.143430 2.084832 2.031372 1.969079 1.899996 1.834857 1.765131 1.693624 1.618268 1.544918 1.475616 1.420381 1.343474 1.245038 1.163923 1.113054
4.272576 4.253361 4.222421 4.189272 4.156269 4.096758 4.066228 4.031878 3.997039 3.975290 3.948362 3.914175 3.855490 3.809348 3.738942 3.682527 3.621771 3.585865 3.543185 3.475994 3.410845 3.364497 3.314729 3.255347 3.201504 3.151579 3.095801 3.045447 2.997539 2.949361 2.905662 2.861215 2.816686 2.771622 2.732722 2.693821 2.652432 2.617948 2.579790 2.542371 2.504523 2.465288 2.426771 2.383283 2.341656 2.299970 2.256009 2.204923 2.151453 2.093857 2.039716 1.980757 1.906725 1.844798 1.774465 1.703782 1.626387 1.555221 1.485659 1.433779 1.354772 1.251558 1.173665 1.128254
4.275179 4.255009 4.224858 4.191211 4.157093 4.097670 4.067436 4.033726 3.998501 3.975634 3.948976 3.913971 3.855396 3.809335 3.738863 3.682621 3.623022 3.586122 3.543502 3.476359 3.411954 3.364983 3.315192 3.257067 3.203326 3.153562 3.097310 3.047935 2.999310 2.952925 2.909054 2.865166 2.820943 2.776603 2.738167 2.697728 2.658637 2.624722 2.586161 2.549828 2.511714 2.472085 2.435596 2.389336 2.350294 2.309075 2.265406 2.212368 2.160042 2.100295 2.048248 1.987820 1.912584 1.850470 1.780446 1.709942 1.634570 1.563629 1.495285 1.441189 1.366480 1.263477 1.184880 1.139677
