# mean(lg_P) also median/mode
4.167853 4.144901 4.111275 4.072804 4.033448 3.970229 3.932518 3.890482 3.846885 3.817478 3.787278 3.753031 3.700400 3.656686 3.586253 3.519413 3.442304 3.394241 3.355433 3.295835 3.230784 3.164510 3.104527 3.048169 2.991908 2.929566 2.867723 2.814094 2.754226 2.701488 2.647748 2.596256 2.544042 2.493812 2.444781 2.397995 2.352428 2.308949 2.264855 2.222948 2.181272 2.140669 2.099555 2.057062 2.015046 1.971848 1.927624 1.879733 1.831661 1.780226 1.725948 1.670291 1.611536 1.549935 1.485860 1.419636 1.350276 1.280306 1.208439 1.135325 1.060420 0.984381 0.907822 0.830708
4.172159 4.149725 4.116779 4.079177 4.040937 3.978993 3.942961 3.902407 3.860006 3.831163 3.800539 3.764652 3.709948 3.664685 3.593856 3.529106 3.455702 3.409812 3.369754 3.306920 3.240799 3.177469 3.119896 3.061766 3.003774 2.944204 2.882444 2.829299 2.769910 2.717245 2.664315 2.613241 2.561501 2.511887 2.463356 2.417005 2.371937 2.328779 2.285384 2.243202 2.201778 2.161543 2.120409 2.077772 2.035573 1.992768 1.948701 1.900667 1.851823 1.800692 1.745822 1.690055 1.630043 1.568108 1.504491 1.438124 1.369290 1.299073 1.226701 1.154027 1.078645 1.002962 0.925943 0.847834
4.171068 4.148498 4.115369 4.077539 4.039026 3.976735 3.940288 3.899377 3.856707 3.827755 3.797218 3.761779 3.707574 3.662677 3.591916 3.526635 3.452292 3.405889 3.366243 3.304142 3.238261 3.174164 3.116062 3.058377 3.000793 2.940503 2.878825 2.825479 2.765938 2.713291 2.660145 2.609001 2.557060 2.507309 2.458739 2.412240 2.366985 2.323827 2.280219 2.238177 2.196501 2.156317 2.115238 2.072640 2.030571 1.987623 1.943511 1.895163 1.847001 1.795313 1.741151 1.685193 1.625412 1.563509 1.499738 1.433484 1.364512 1.294498 1.221985 1.149043 1.074099 0.998304 0.921359 0.843491
4.169987 4.147281 4.113998 4.075937 4.037134 3.974546 3.937682 3.896389 3.853400 3.824317 3.793904 3.758859 3.705171 3.660683 3.589972 3.524182 3.448907 3.401999 3.362720 3.301437 3.235752 3.170910 3.112199 3.054974 2.997922 2.936800 2.875083 2.821617 2.762062 2.709389 2.655982 2.604700 2.552685 2.502755 2.454078 2.407453 2.362147 2.318918 2.275030 2.233136 2.191378 2.151018 2.110047 2.067458 2.025447 1.982297 1.938310 1.890220 1.841776 1.790293 1.736364 1.679938 1.620941 1.558929 1.495107 1.428827 1.359613 1.289810 1.217648 1.144367 1.069514 0.993376 0.916847 0.839356
4.168915 4.146091 4.112619 4.074361 4.035290 3.972364 3.935087 3.893445 3.850126 3.820880 3.790611 3.755964 3.702790 3.658689 3.588122 3.521761 3.445585 3.398112 3.359109 3.298595 3.233247 3.167685 3.108424 3.051583 2.994755 2.933195 2.871354 2.817853 2.758114 2.705409 2.651897 2.600497 2.548384 2.498296 2.449482 2.402617 2.357296 2.313914 2.269856 2.228139 2.186235 2.145916 2.104714 2.062322 2.020453 1.977111 1.932930 1.885084 1.836756 1.785389 1.731209 1.675584 1.616194 1.554442 1.490635 1.424447 1.355087 1.284979 1.212954 1.139798 1.064884 0.989055 0.912353 0.834998
4.167853 4.144903 4.111281 4.072794 4.033455 3.970240 3.932510 3.890505 3.846864 3.817491 3.787264 3.753020 3.700403 3.656684 3.586228 3.519382 3.442319 3.394222 3.355499 3.295828 3.230782 3.164492 3.104582 3.048175 2.992089 2.929518 2.867689 2.814061 2.754213 2.701486 2.647783 2.596270 2.544047 2.493818 2.444880 2.398015 2.352408 2.309051 2.264890 2.222935 2.181246 2.140664 2.099379 2.057291 2.015189 1.972129 1.927587 1.879702 1.831507 1.780500 1.726395 1.670265 1.611338 1.549754 1.485797 1.419706 1.350178 1.280404 1.208235 1.135308 1.060460 0.984613 0.907769 0.830752
4.166800 4.143746 4.109928 4.071269 4.031667 3.968148 3.929980 3.887602 3.843634 3.814078 3.783954 3.750076 3.697961 3.654696 3.584362 3.517109 3.439083 3.390350 3.351796 3.292990 3.228330 3.161388 3.100750 3.044729 2.989008 2.925916 2.864045 2.810348 2.750412 2.697625 2.643705 2.592113 2.539852 2.489377 2.440214 2.393263 2.347557 2.304120 2.259980 2.218007 2.176156 2.135662 2.094385 2.052065 2.010119 1.966813 1.922479 1.874664 1.826355 1.775479 1.721206 1.665511 1.607055 1.545258 1.481031 1.415029 1.345966 1.275727 1.203686 1.130813 1.056141 0.980339 0.903636 0.826567
4.165757 4.142585 4.108613 4.069766 4.029918 3.966073 3.927490 3.884716 3.840399 3.810660 3.780620 3.747062 3.695529 3.652747 3.582552 3.514877 3.435922 3.386460 3.348082 3.290179 3.225909 3.158327 3.096920 3.041309 2.986324 2.922363 2.860327 2.806644 2.746475 2.693690 2.639628 2.587909 2.535390 2.484901 2.435680 2.388668 2.342808 2.299247 2.254884 2.213119 2.171109 2.130651 2.089128 2.046970 2.004995 1.961590 1.917192 1.869197 1.821576 1.770318 1.716471 1.660968 1.602323 1.540598 1.476493 1.410108 1.341152 1.271217 1.199013 1.126084 1.051366 0.975597 0.899188 0.822102
4.164724 4.141445 4.107310 4.068282 4.028191 3.964051 3.925025 3.881872 3.837189 3.807226 3.777303 3.744042 3.693081 3.650775 3.580745 3.512713 3.432802 3.382593 3.344329 3.287320 3.223574 3.155275 3.093089 3.037835 2.983286 2.918779 2.856681 2.802998 2.742682 2.689819 2.635612 2.583731 2.531224 2.480592 2.431124 2.383792 2.337995 2.294415 2.249868 2.208176 2.166102 2.125329 2.084042 2.042038 1.999789 1.956431 1.912218 1.864162 1.816454 1.765606 1.711730 1.656187 1.597301 1.535844 1.471750 1.405491 1.336404 1.266496 1.194508 1.121577 1.047050 0.971073 0.894427 0.817769
4.163701 4.140310 4.106017 4.066800 4.026489 3.962060 3.922595 3.879050 3.833987 3.803818 3.773955 3.741010 3.690590 3.648858 3.578967 3.510560 3.429687 3.378711 3.340570 3.284398 3.221219 3.152289 3.089198 3.034352 2.980931 2.915207 2.852990 2.799265 2.738870 2.685964 2.631523 2.579634 2.527098 2.476196 2.426591 2.379254 2.333255 2.289568 2.245234 2.203314 2.161056 2.120358 2.078964 2.036678 1.994759 1.951409 1.906897 1.858982 1.811453 1.760379 1.707011 1.651128 1.592744 1.531089 1.467050 1.400715 1.331562 1.261823 1.189944 1.116826 1.042388 0.966863 0.890100 0.813328
