# mean(lg_P) also median/mode
3.275176 3.248676 3.214979 3.176905 3.135714 3.083774 3.040905 2.997666 2.955725 2.923249 2.891940 2.857391 2.812758 2.761948 2.691511 2.615708 2.538264 2.484520 2.444785 2.389754 2.312639 2.227905 2.161476 2.106287 2.030325 1.948605 1.881883 1.803400 1.729778 1.655134 1.576820 1.501098 1.424812 1.344244 1.267520 1.190645 1.112495 1.035109 0.958217 0.881028 0.804725 0.729063 0.653769 0.579234 0.505936 0.433174 0.361667 0.291290 0.221182 0.153076 0.085859 0.020419 -0.044063 -0.107711 -0.169544 -0.230173 -0.289615 -0.348887 -0.405671 -0.463248 -0.519668 -0.575960 -0.631529 -0.686829
3.281549 3.255590 3.222559 3.185271 3.145282 3.094726 3.053586 3.011850 2.971185 2.939118 2.907369 2.871230 2.824512 2.771879 2.700993 2.627447 2.554217 2.503338 2.461868 2.402220 2.323360 2.242984 2.179848 2.121083 2.042822 1.965631 1.898008 1.818193 1.746599 1.671004 1.593455 1.517763 1.441762 1.361469 1.285112 1.208497 1.130832 1.053813 0.977295 0.900518 0.824752 0.749626 0.674817 0.600877 0.528234 0.456161 0.385150 0.315695 0.246388 0.179168 0.112738 0.048063 -0.015712 -0.078240 -0.139288 -0.199087 -0.257746 -0.316045 -0.372700 -0.429818 -0.485731 -0.541810 -0.597101 -0.651734
3.279943 3.253847 3.220642 3.183175 3.142828 3.091948 3.050373 3.008236 2.967286 2.935152 2.903520 2.867799 2.821566 2.769366 2.698602 2.624407 2.550150 2.498612 2.457742 2.399129 2.320596 2.239091 2.175270 2.117473 2.039705 1.961298 1.894001 1.814483 1.742419 1.666974 1.589283 1.513573 1.437455 1.357143 1.280683 1.203974 1.126225 1.049152 0.972502 0.895591 0.819695 0.744446 0.669549 0.595405 0.522631 0.450344 0.379271 0.309547 0.240027 0.172578 0.105966 0.041123 -0.022840 -0.085708 -0.146832 -0.206833 -0.265737 -0.324235 -0.380943 -0.438134 -0.494364 -0.550313 -0.605690 -0.660549
3.278318 3.252124 3.218738 3.181053 3.140434 3.089182 3.047156 3.004695 2.963381 2.931186 2.899682 2.864345 2.818632 2.766883 2.696197 2.621437 2.546120 2.493931 2.453436 2.396080 2.317915 2.235310 2.170684 2.113785 2.036628 1.957087 1.890004 1.810699 1.738149 1.663045 1.585095 1.509358 1.433272 1.352824 1.276229 1.199511 1.121596 1.044449 0.967692 0.890727 0.814660 0.739243 0.664276 0.589962 0.517058 0.444640 0.373396 0.303435 0.233723 0.166080 0.099235 0.034111 -0.030014 -0.093122 -0.154504 -0.214637 -0.273781 -0.332549 -0.389182 -0.446424 -0.502800 -0.559048 -0.614367 -0.669436
3.276747 3.250386 3.216842 3.178946 3.138058 3.086437 3.044024 3.001151 2.959551 2.927184 2.895807 2.860920 2.815720 2.764420 2.693828 2.618554 2.542178 2.489226 2.449118 2.392924 2.315220 2.231538 2.166099 2.110047 2.033522 1.952875 1.885976 1.807050 1.733963 1.659096 1.580961 1.505250 1.429057 1.348501 1.271864 1.195051 1.117062 1.039775 0.962966 0.885868 0.809711 0.734203 0.659012 0.584550 0.511474 0.438857 0.367480 0.297334 0.227454 0.159510 0.092531 0.027253 -0.037153 -0.100396 -0.162125 -0.222446 -0.281631 -0.340728 -0.397443 -0.454851 -0.511278 -0.567618 -0.622608 -0.678252
3.275174 3.248699 3.214978 3.176891 3.135700 3.083760 3.040898 2.997672 2.955692 2.923198 2.891938 2.857365 2.812775 2.761965 2.691432 2.615712 2.538286 2.484521 2.444810 2.389763 2.312603 2.227873 2.161477 2.106312 2.030460 1.948626 1.881895 1.803396 1.729780 1.655152 1.576830 1.501079 1.424786 1.344250 1.267507 1.190641 1.112514 1.035137 0.958216 0.881054 0.804730 0.729075 0.653783 0.579194 0.505946 0.433187 0.361616 0.291305 0.221132 0.153048 0.085948 0.020388 -0.044157 -0.107692 -0.169598 -0.230214 -0.289541 -0.348872 -0.405696 -0.463184 -0.519759 -0.576043 -0.631269 -0.686792
3.273588 3.247028 3.213128 3.174857 3.133386 3.081121 3.037813 2.994183 2.951890 2.919254 2.888067 2.853819 2.809823 2.759492 2.689181 2.612934 2.534410 2.479866 2.440389 2.386538 2.310036 2.224295 2.156859 2.102452 2.027577 1.944486 1.877774 1.799805 1.725585 1.651223 1.572721 1.496981 1.420625 1.339984 1.263205 1.186217 1.107994 1.030526 0.953495 0.876222 0.799772 0.723996 0.648595 0.573871 0.500424 0.427535 0.355800 0.285293 0.214950 0.146637 0.079310 0.013611 -0.051133 -0.115001 -0.177095 -0.237872 -0.297509 -0.356981 -0.413880 -0.471624 -0.528185 -0.584572 -0.640072 -0.695583
3.272028 3.245361 3.211317 3.172856 3.131061 3.078492 3.034791 2.990700 2.948074 2.915278 2.884153 2.850293 2.806829 2.757002 2.686896 2.610214 2.530635 2.475156 2.435952 2.383307 2.307518 2.220789 2.152234 2.098539 2.024774 1.940381 1.873659 1.796275 1.721397 1.647327 1.568576 1.492895 1.416406 1.335719 1.258875 1.181815 1.103498 1.025941 0.948804 0.871443 0.794851 0.718994 0.643444 0.568530 0.494950 0.421851 0.349995 0.279337 0.208795 0.140352 0.072695 0.006879 -0.058169 -0.122151 -0.184490 -0.245444 -0.305399 -0.365040 -0.422123 -0.479883 -0.537009 -0.593221 -0.648833 -0.704467
3.270471 3.243699 3.209538 3.170879 3.128812 3.075905 3.031781 2.987305 2.944302 2.911339 2.880239 2.846676 2.803866 2.754539 2.684647 2.607529 2.526892 2.470476 2.431451 2.380027 2.305021 2.217398 2.147563 2.094624 2.021858 1.936329 1.869515 1.792785 1.717203 1.643464 1.564501 1.488812 1.412183 1.331485 1.254587 1.177430 1.098989 1.021344 0.944142 0.866687 0.789962 0.713988 0.638284 0.563258 0.489480 0.416280 0.344249 0.273381 0.202646 0.133961 0.066173 0.000109 -0.065057 -0.129309 -0.191966 -0.253073 -0.313152 -0.373055 -0.430298 -0.488320 -0.545283 -0.602198 -0.657623 -0.713481
3.268917 3.242056 3.207740 3.168914 3.126591 3.073384 3.028812 2.983934 2.940540 2.907375 2.876313 2.843079 2.800888 2.752159 2.682411 2.604927 2.523242 2.465817 2.426896 2.376736 2.302544 2.214080 2.142917 2.090634 2.019083 1.932313 1.865320 1.789338 1.713025 1.639611 1.560394 1.484739 1.408028 1.327295 1.250349 1.173101 1.094567 1.016800 0.939511 0.861930 0.785128 0.708978 0.633175 0.558017 0.484061 0.410666 0.338484 0.267363 0.196565 0.127650 0.059696 -0.006590 -0.071954 -0.136412 -0.199186 -0.260688 -0.320989 -0.381102 -0.438522 -0.496640 -0.554036 -0.610819 -0.666537 -0.722158
