# mean(lg_P) also median/mode
4.036324 4.012971 3.979144 3.940778 3.901004 3.840177 3.801351 3.759127 3.715783 3.685886 3.655595 3.620900 3.569821 3.524805 3.454162 3.385378 3.307426 3.257707 3.219266 3.160383 3.092388 3.021989 2.959975 2.903272 2.843813 2.776126 2.712929 2.653139 2.591064 2.533195 2.474017 2.418191 2.361288 2.304245 2.250239 2.197665 2.147923 2.098019 2.049412 2.002609 1.957430 1.913524 1.868625 1.824957 1.781744 1.738466 1.694562 1.648771 1.603269 1.552797 1.503213 1.449061 1.393639 1.334983 1.273735 1.209563 1.142896 1.074152 1.003081 0.930172 0.855929 0.779873 0.703226 0.624011
4.041350 4.018429 3.985270 3.947811 3.909207 3.849673 3.812524 3.771775 3.729655 3.700322 3.669540 3.633263 3.580172 3.533320 3.462443 3.395807 3.321577 3.274591 3.234454 3.172016 3.102924 3.035736 2.976350 2.917441 2.856382 2.791825 2.728302 2.668325 2.607427 2.549661 2.491167 2.435747 2.379197 2.323181 2.269345 2.217117 2.167813 2.118802 2.070681 2.024754 1.979688 1.936165 1.891551 1.848186 1.805366 1.762094 1.717873 1.672085 1.626549 1.575771 1.526162 1.471151 1.415302 1.356148 1.294834 1.230290 1.162784 1.093953 1.022512 0.948648 0.874492 0.798637 0.721965 0.642553
4.040078 4.017057 3.983719 3.946029 3.907100 3.847258 3.809693 3.768579 3.726150 3.696688 3.666069 3.630198 3.577615 3.531210 3.460336 3.393126 3.317967 3.270343 3.230706 3.169086 3.100259 3.032217 2.972279 2.913931 2.853163 2.787841 2.724455 2.664490 2.603303 2.545493 2.486846 2.431338 2.374752 2.318406 2.264563 2.212260 2.162873 2.113642 2.065287 2.019199 1.974116 1.930409 1.885801 1.842317 1.799571 1.756246 1.711753 1.666221 1.620775 1.569841 1.520605 1.465376 1.409938 1.350919 1.289645 1.225112 1.158079 1.088953 1.017698 0.944059 0.869876 0.793898 0.717418 0.637793
4.038816 4.015645 3.982175 3.944265 3.905053 3.844854 3.806862 3.765378 3.722676 3.693104 3.662588 3.627114 3.575043 3.529089 3.458223 3.390494 3.314377 3.266118 3.226974 3.166258 3.097563 3.028778 2.968191 2.910381 2.850190 2.783885 2.720625 2.660662 2.599190 2.541406 2.482568 2.426896 2.370253 2.313634 2.259788 2.207306 2.157875 2.108353 2.059961 2.013646 1.968528 1.924710 1.880030 1.836502 1.793599 1.750255 1.706146 1.660161 1.615130 1.564076 1.515002 1.460069 1.404327 1.345675 1.284475 1.219919 1.153078 1.084188 1.012947 0.939559 0.865172 0.789453 0.712440 0.633220
4.037565 4.014300 3.980632 3.942505 3.902993 3.842493 3.804115 3.762250 3.719222 3.689495 3.659103 3.623992 3.572456 3.526970 3.456167 3.387909 3.310865 3.261908 3.223166 3.163310 3.094988 3.025362 2.964093 2.906848 2.846790 2.780037 2.716732 2.656904 2.595097 2.537309 2.478246 2.422548 2.365765 2.308922 2.255002 2.202562 2.152898 2.103225 2.054731 2.008155 1.962991 1.919172 1.874406 1.830874 1.787554 1.744259 1.700276 1.654622 1.609200 1.558657 1.509097 1.454676 1.399110 1.340310 1.279058 1.214616 1.148007 1.079140 1.007979 0.934848 0.860558 0.784509 0.707785 0.628725
4.036324 4.012947 3.979117 3.940783 3.900995 3.840177 3.801358 3.759126 3.715784 3.685857 3.655609 3.620887 3.569823 3.524810 3.454133 3.385380 3.307394 3.257730 3.219346 3.160386 3.092409 3.022005 2.960045 2.903241 2.843943 2.776145 2.712914 2.653108 2.591022 2.533217 2.474024 2.418154 2.361279 2.304191 2.250321 2.197694 2.147896 2.098074 2.049412 2.002631 1.957409 1.913563 1.868534 1.825024 1.781839 1.738383 1.694589 1.648702 1.603131 1.552803 1.503615 1.449099 1.393891 1.334839 1.273749 1.209419 1.142738 1.074250 1.003075 0.930221 0.855962 0.779687 0.703208 0.623965
4.035095 4.011621 3.977636 3.939067 3.899027 3.837878 3.798647 3.756054 3.712371 3.682249 3.652075 3.617701 3.567205 3.522651 3.452130 3.382891 3.303988 3.253523 3.215389 3.157380 3.089856 3.018707 2.955923 2.899678 2.840720 2.772306 2.709039 2.649424 2.586967 2.529139 2.469804 2.413794 2.356831 2.299506 2.245529 2.192855 2.143006 2.092886 2.044214 1.997159 1.951823 1.907957 1.862938 1.819217 1.775872 1.732384 1.688902 1.642952 1.597496 1.547009 1.497473 1.444114 1.388417 1.329619 1.268502 1.204124 1.137783 1.069169 0.998308 0.925448 0.851231 0.775314 0.698625 0.619403
4.033876 4.010279 3.976179 3.937417 3.897079 3.835644 3.795980 3.752976 3.708955 3.678634 3.648574 3.614541 3.564591 3.520511 3.450148 3.380436 3.300622 3.249322 3.211408 3.154437 3.087356 3.015465 2.951819 2.896048 2.837681 2.768469 2.705127 2.645646 2.582939 2.525081 2.465544 2.409483 2.352400 2.294916 2.240816 2.187972 2.138074 2.087765 2.038928 1.991717 1.946394 1.902342 1.857253 1.813325 1.770044 1.726794 1.683024 1.637220 1.591815 1.541684 1.491872 1.438415 1.383051 1.324194 1.263275 1.199073 1.132650 1.064211 0.993217 0.920846 0.846373 0.770334 0.693747 0.614724
4.032668 4.008995 3.974705 3.935766 3.895163 3.833443 3.793320 3.749949 3.705566 3.675037 3.645023 3.611328 3.561982 3.518345 3.448131 3.378147 3.297308 3.245094 3.207442 3.151403 3.084862 3.012289 2.947741 2.892436 2.835094 2.764727 2.701262 2.642018 2.578922 2.521036 2.461358 2.405177 2.347978 2.290248 2.236150 2.183174 2.133122 2.082650 2.033815 1.986340 1.940881 1.896731 1.851616 1.807807 1.764314 1.720952 1.677434 1.631188 1.585841 1.535814 1.486473 1.432915 1.377541 1.318789 1.258035 1.193654 1.127691 1.059191 0.988154 0.916201 0.841923 0.765855 0.688915 0.610040
4.031471 4.007673 3.973240 3.934120 3.893297 3.831246 3.790741 3.746927 3.702198 3.671424 3.641506 3.608109 3.559338 3.516204 3.446209 3.375812 3.294046 3.240938 3.203403 3.148313 3.082382 3.009123 2.943525 2.888797 2.832184 2.760961 2.697422 2.638354 2.574982 2.517016 2.457164 2.400891 2.343634 2.285683 2.231461 2.178383 2.128173 2.077549 2.028700 1.980857 1.935425 1.891334 1.846079 1.801990 1.758593 1.715176 1.671768 1.625650 1.580085 1.530039 1.480843 1.427728 1.372258 1.313475 1.252685 1.188448 1.122545 1.054182 0.983322 0.911933 0.837242 0.761271 0.684172 0.605333
