-1.2018198073e+00
-1.0139191193e+00
-8.6160382014e-01
-7.9090786883e-01
-7.1438068907e-01
-6.7632206681e-01
-6.3405487381e-01
-5.8244405796e-01
-5.4869915610e-01
-5.2105852824e-01
-4.9424589361e-01
-4.6595461548e-01
-4.3394082349e-01
-4.1082343825e-01
-3.9087682110e-01
-3.6778109621e-01
-3.4325220936e-01
-3.1812637067e-01
-2.9547088930e-01
-2.7403477387e-01
-2.5419401901e-01
-2.3394362728e-01
-2.1820142237e-01
-1.9697949120e-01
-1.7529652777e-01
-1.5705471637e-01
-1.3738602636e-01
-1.1628124953e-01
-9.8995660420e-02
-8.0937277282e-02
-6.2933088615e-02
-4.2318559400e-02
-2.1525545252e-02
-3.4008771676e-03
1.4577338879e-02
3.3527178369e-02
5.1779754290e-02
6.9829736658e-02
8.8072269312e-02
1.0858474146e-01
1.2870215388e-01
1.4905822751e-01
1.6902485133e-01
1.8761774506e-01
2.0613638614e-01
2.2463730619e-01
2.4298134266e-01
2.6118320912e-01
2.7965705491e-01
2.9817871625e-01
3.1675927329e-01
3.3515447837e-01
3.5328951074e-01
3.7175061137e-01
3.9021711716e-01
4.0851994676e-01
4.2700926587e-01
4.4546746106e-01
4.6379486317e-01
4.8223626117e-01
5.0062767002e-01
5.1894203954e-01
5.3731286926e-01
5.5578542335e-01
5.7421607557e-01
5.9259738310e-01
6.1100156592e-01
6.2941098180e-01
6.4784400076e-01
6.6626337692e-01
6.8464158485e-01
7.0298842518e-01
7.2139852138e-01
7.3984623145e-01
7.5825464000e-01
7.7665188876e-01
7.9503921205e-01
8.1343935075e-01
8.3183638711e-01
8.5022713864e-01
8.6863743900e-01
8.8704964593e-01
9.0544665675e-01
9.2385035056e-01
9.4226025792e-01
9.6065650473e-01
9.7905893991e-01
9.9746573144e-01
1.0158649195e+00
1.0342664049e+00
1.0526778035e+00
1.0710795353e+00
1.0894752554e+00
1.1078786998e+00
1.1262823883e+00
1.1446816424e+00
1.1630827758e+00
1.1814854542e+00
1.1998900459e+00
1.2182937795e+00
1.2366958244e+00
1.2550966309e+00
1.2734964657e+00
1.2918978220e+00
1.3103013870e+00
1.3287043968e+00
1.3471053693e+00
1.3655070599e+00
1.3837911134e+00
1.4020997103e+00
1.4204778866e+00
1.4388467327e+00
1.4572059732e+00
1.4755474176e+00
1.4938532434e+00
1.5120802735e+00
1.5301427850e+00
1.5485180487e+00
1.5667052795e+00
1.5845977864e+00
1.6014848157e+00
