# mean(lg_P) also median/mode
4.245934 4.227276 4.198672 4.168066 4.136196 4.078097 4.047905 4.014188 3.977989 3.955049 3.928491 3.896034 3.840717 3.794682 3.725657 3.668516 3.603927 3.568329 3.526816 3.460306 3.394878 3.344900 3.294278 3.234987 3.181987 3.124571 3.067404 3.026168 2.966935 2.923613 2.872198 2.829408 2.786471 2.738520 2.699510 2.658608 2.611694 2.572348 2.534203 2.492659 2.454135 2.415186 2.373147 2.335848 2.289025 2.247355 2.201711 2.147743 2.095211 2.037583 1.981240 1.922984 1.853947 1.796078 1.725731 1.656137 1.583048 1.512378 1.438781 1.379170 1.308640 1.209614 1.130464 1.068093
4.240040 4.203610 4.156173 4.102203 4.050306 3.977726 3.939722 3.903125 3.867100 3.847863 3.822442 3.777495 3.702718 3.631982 3.540685 3.479784 3.426921 3.399823 3.342331 3.248831 3.173836 3.131745 3.075485 2.998769 2.939215 2.878900 2.810468 2.761983 2.691513 2.640930 2.582732 2.525784 2.471260 2.412748 2.367267 2.319188 2.263224 2.219127 2.172543 2.130082 2.086099 2.039958 1.998824 1.951713 1.909454 1.864034 1.822628 1.772413 1.725061 1.676028 1.621892 1.567331 1.505211 1.451080 1.392245 1.328468 1.264498 1.194773 1.124659 1.047168 0.976914 0.914654 0.841309 0.752402
4.245645 4.213748 4.171798 4.122522 4.077553 4.007983 3.971904 3.934830 3.899520 3.878230 3.852243 3.810691 3.740682 3.677047 3.593619 3.530244 3.474440 3.445729 3.392411 3.308680 3.233483 3.187575 3.134306 3.064949 3.004299 2.948685 2.886569 2.832438 2.771423 2.715924 2.665262 2.613935 2.556960 2.509912 2.458548 2.413314 2.368994 2.324333 2.278627 2.236017 2.193450 2.153329 2.109054 2.065317 2.022963 1.981662 1.937973 1.888716 1.842280 1.791087 1.738853 1.682838 1.606301 1.552379 1.487864 1.422763 1.355342 1.286144 1.211741 1.139078 1.064968 0.993174 0.917523 0.840287
4.248187 4.221339 4.183486 4.141069 4.099738 4.032500 3.998528 3.963060 3.926565 3.904110 3.878071 3.839596 3.774983 3.717466 3.639938 3.576451 3.516684 3.485444 3.436923 3.360808 3.287596 3.239709 3.186657 3.123166 3.062254 3.002576 2.942105 2.897071 2.830731 2.782700 2.735104 2.682371 2.633533 2.581684 2.538811 2.494764 2.446258 2.404494 2.360858 2.320117 2.278942 2.237520 2.197468 2.159720 2.116252 2.073448 2.029425 1.979443 1.930210 1.877632 1.821963 1.765693 1.699324 1.636692 1.570767 1.503781 1.434277 1.366291 1.288303 1.217094 1.141212 1.066603 0.987043 0.914527
4.249965 4.225703 4.192481 4.154485 4.116159 4.054133 4.022080 3.986991 3.949061 3.927368 3.900928 3.865139 3.804521 3.752473 3.678589 3.616690 3.554864 3.522258 3.476980 3.405515 3.333260 3.285477 3.234130 3.172846 3.114330 3.059254 3.001527 2.953385 2.895820 2.844916 2.793936 2.749175 2.700483 2.654563 2.610190 2.567769 2.524158 2.483748 2.441051 2.401561 2.360283 2.318178 2.277217 2.234311 2.189715 2.144946 2.101511 2.049127 2.001344 1.944769 1.888913 1.829956 1.766016 1.708511 1.642591 1.571163 1.499263 1.429986 1.358113 1.294382 1.225431 1.127627 1.049465 0.978405
4.247540 4.227230 4.197409 4.165054 4.130188 4.070684 4.039579 4.005579 3.969429 3.946753 3.920155 3.886432 3.829674 3.782678 3.711385 3.652943 3.588305 3.554171 3.511146 3.443449 3.375414 3.326855 3.275676 3.216550 3.160411 3.101780 3.043952 3.003399 2.941680 2.898339 2.848314 2.801941 2.760089 2.708786 2.672105 2.629632 2.581406 2.541707 2.501320 2.462611 2.422465 2.381565 2.341285 2.302052 2.255751 2.214280 2.166840 2.116634 2.067038 2.009044 1.951319 1.888979 1.823059 1.769547 1.699563 1.630239 1.560364 1.487243 1.413028 1.354445 1.281654 1.183298 1.107164 1.040612
4.243075 4.226382 4.199662 4.170040 4.140267 4.084504 4.055505 4.021434 3.985743 3.962601 3.935721 3.904694 3.850654 3.807810 3.738229 3.682660 3.617443 3.581273 3.541457 3.475165 3.412531 3.362638 3.311587 3.253549 3.200359 3.149551 3.091580 3.045537 2.994044 2.945721 2.896398 2.854538 2.810681 2.767394 2.724571 2.684056 2.643272 2.605010 2.565886 2.528106 2.488729 2.450891 2.409039 2.367159 2.321140 2.278626 2.231268 2.178937 2.127607 2.068327 2.010880 1.949214 1.886384 1.818771 1.749403 1.681385 1.603324 1.537641 1.462937 1.407346 1.330609 1.235161 1.156551 1.096844
4.236946 4.223028 4.198749 4.173487 4.146462 4.092832 4.065257 4.031566 3.997176 3.975279 3.948802 3.918616 3.867448 3.826582 3.760066 3.708104 3.643188 3.604191 3.565980 3.502060 3.444333 3.393956 3.341854 3.283730 3.235152 3.186220 3.129189 3.082574 3.033752 2.986003 2.939932 2.896529 2.854420 2.813546 2.769891 2.730919 2.700749 2.664157 2.626981 2.587654 2.548733 2.509797 2.470735 2.423331 2.380156 2.334605 2.286185 2.232713 2.178469 2.116261 2.062520 1.998289 1.931796 1.862959 1.792171 1.720604 1.648258 1.579463 1.507653 1.452126 1.373014 1.273849 1.200653 1.137854
4.227358 4.215809 4.195277 4.171954 4.148124 4.097334 4.070671 4.041131 4.005593 3.983660 3.957684 3.928115 3.879190 3.841921 3.777548 3.728426 3.663531 3.623531 3.585738 3.523563 3.469248 3.419270 3.366163 3.309272 3.263234 3.219745 3.163496 3.112426 3.070722 3.019924 2.976258 2.934369 2.891528 2.856128 2.808661 2.769710 2.741711 2.705466 2.668244 2.630085 2.590278 2.551078 2.509584 2.469857 2.427010 2.378591 2.328632 2.276086 2.219674 2.157716 2.101100 2.040710 1.969726 1.898807 1.826856 1.754736 1.678659 1.617238 1.541014 1.487574 1.407979 1.315204 1.241735 1.179882
4.215901 4.206229 4.188122 4.167943 4.144314 4.097029 4.073621 4.042774 4.010801 3.988836 3.962942 3.934554 3.886649 3.852255 3.791062 3.744209 3.680035 3.638033 3.601447 3.541682 3.490316 3.440896 3.385411 3.331531 3.286326 3.243188 3.190116 3.139107 3.094929 3.047738 3.006228 2.963313 2.922838 2.885797 2.841274 2.803135 2.771012 2.736264 2.697590 2.661581 2.619948 2.578843 2.539089 2.505086 2.458752 2.412501 2.363085 2.307336 2.252456 2.190307 2.134759 2.068712 2.000495 1.926278 1.856051 1.784772 1.711370 1.651924 1.572523 1.509698 1.435986 1.347623 1.272021 1.206375
4.202158 4.193949 4.177889 4.159076 4.138049 4.093796 4.071572 4.043421 4.012069 3.991218 3.964316 3.937504 3.890812 3.857812 3.800725 3.754839 3.692189 3.648311 3.610983 3.554699 3.504334 3.456376 3.399381 3.348816 3.303605 3.260356 3.205068 3.158262 3.113109 3.068400 3.029928 2.987746 2.948959 2.912407 2.866846 2.830380 2.794452 2.760393 2.722182 2.687487 2.646013 2.604896 2.565480 2.533055 2.483994 2.437981 2.386773 2.332218 2.275851 2.214281 2.157001 2.091072 2.022937 1.948970 1.879994 1.807760 1.738238 1.684290 1.596092 1.531005 1.452483 1.377684 1.302479 1.223331
4.254824 4.239312 4.213413 4.185388 4.157929 4.103157 4.077003 4.046091 4.011830 3.988062 3.960178 3.925297 3.867555 3.823328 3.755629 3.704468 3.645475 3.608086 3.562370 3.495068 3.432817 3.388231 3.337222 3.277290 3.225188 3.177439 3.119955 3.071867 3.022742 2.974336 2.929280 2.886542 2.843422 2.802088 2.760766 2.719717 2.689224 2.650850 2.613668 2.573064 2.535477 2.499144 2.456526 2.415964 2.372236 2.328700 2.280265 2.225757 2.171696 2.111924 2.053012 1.992244 1.926972 1.854628 1.783953 1.710661 1.628803 1.563766 1.492253 1.439471 1.365055 1.252178 1.175845 1.123658
4.253081 4.236666 4.210541 4.182293 4.152383 4.097856 4.070876 4.039121 4.004135 3.981469 3.952985 3.919533 3.861963 3.816004 3.749955 3.697017 3.636418 3.600058 3.555519 3.487790 3.424938 3.379202 3.328413 3.268979 3.215938 3.167134 3.109782 3.063851 3.012634 2.963194 2.917180 2.874460 2.832660 2.789877 2.747540 2.707047 2.673524 2.635310 2.596057 2.557019 2.518484 2.481311 2.439644 2.399933 2.355711 2.312073 2.263991 2.210994 2.156640 2.097094 2.041137 1.976271 1.917153 1.841287 1.771455 1.696019 1.621692 1.552375 1.483206 1.428736 1.351835 1.241779 1.165883 1.114223
4.250827 4.234017 4.207565 4.177932 4.148666 4.092515 4.064983 4.032767 3.997036 3.974195 3.947128 3.913375 3.856573 3.811051 3.742894 3.689978 3.628435 3.591899 3.548465 3.480373 3.416799 3.370236 3.319103 3.260597 3.207297 3.157119 3.099549 3.051641 3.000858 2.952885 2.905698 2.863361 2.819358 2.776763 2.735250 2.694631 2.656243 2.618822 2.580971 2.541829 2.501063 2.465119 2.424492 2.382562 2.336664 2.292971 2.246891 2.193670 2.141602 2.081297 2.023996 1.962995 1.899366 1.830198 1.760496 1.685289 1.612457 1.542444 1.473221 1.415544 1.341770 1.237413 1.156652 1.099042
4.249302 4.232294 4.204393 4.174961 4.144421 4.087261 4.058991 4.026591 3.990396 3.967529 3.940585 3.907482 3.850858 3.806418 3.736927 3.681604 3.619542 3.583184 3.540449 3.472933 3.409626 3.362068 3.310784 3.250508 3.198099 3.146543 3.089484 3.043379 2.990930 2.941774 2.893434 2.851774 2.807927 2.764219 2.722509 2.680701 2.640134 2.601912 2.563580 2.523948 2.483682 2.447449 2.406614 2.366265 2.321642 2.277673 2.230729 2.177236 2.125882 2.064527 2.008720 1.945823 1.883292 1.818824 1.748761 1.676967 1.602064 1.532502 1.458305 1.400837 1.326675 1.229893 1.148392 1.087519
4.247412 4.229286 4.201661 4.171208 4.140031 4.083214 4.053375 4.020197 3.983996 3.961205 3.933979 3.900803 3.845719 3.799819 3.730440 3.674357 3.610682 3.574888 3.533522 3.465859 3.400704 3.352730 3.302135 3.242631 3.189545 3.135075 3.078406 3.032767 2.979843 2.931637 2.882583 2.839089 2.796142 2.749933 2.710478 2.668842 2.623767 2.585963 2.546540 2.507305 2.467396 2.431171 2.389015 2.348935 2.301570 2.260465 2.216421 2.161005 2.111376 2.050018 1.993502 1.930080 1.868338 1.808863 1.737095 1.665237 1.591225 1.524402 1.448832 1.392139 1.316557 1.216901 1.136882 1.081684
4.244643 4.226958 4.197978 4.167875 4.135461 4.078087 4.046566 4.012486 3.977031 3.954018 3.927564 3.894851 3.839303 3.795536 3.724586 3.666674 3.602706 3.567082 3.526668 3.458645 3.393333 3.343716 3.293069 3.233856 3.179617 3.122439 3.065399 3.022169 2.965840 2.919760 2.870566 2.827689 2.784185 2.735979 2.697291 2.655629 2.608290 2.569955 2.531362 2.491946 2.451495 2.411789 2.371025 2.331380 2.285837 2.244439 2.195760 2.145827 2.094944 2.038284 1.980533 1.919290 1.851315 1.795165 1.725727 1.655945 1.580991 1.512310 1.439237 1.380451 1.302190 1.208662 1.130467 1.065674
4.242902 4.224486 4.195546 4.164040 4.130877 4.072248 4.041489 4.006973 3.969450 3.947340 3.921230 3.888702 3.833724 3.789134 3.717986 3.660055 3.593989 3.558807 3.519065 3.451454 3.385718 3.334447 3.284000 3.225284 3.170853 3.111627 3.053571 3.012619 2.953621 2.909909 2.859451 2.813169 2.772153 2.721763 2.683795 2.644175 2.593917 2.554918 2.515973 2.475821 2.436923 2.396519 2.355298 2.317359 2.270934 2.229501 2.181794 2.128139 2.081238 2.022762 1.965908 1.905851 1.834265 1.781588 1.712791 1.642235 1.568370 1.501658 1.426197 1.367704 1.291318 1.199080 1.121673 1.056989
4.241807 4.221955 4.192558 4.160210 4.126393 4.067463 4.035009 4.000122 3.961957 3.940516 3.914361 3.882992 3.828544 3.783168 3.711710 3.651973 3.585658 3.550509 3.511607 3.443986 3.377976 3.326456 3.274786 3.216879 3.161512 3.102192 3.044538 3.003460 2.943025 2.898685 2.848488 2.801898 2.760755 2.709686 2.671857 2.631754 2.581567 2.542283 2.502389 2.461714 2.422577 2.381904 2.342086 2.300118 2.253413 2.212007 2.165578 2.113834 2.065777 2.010350 1.951487 1.891078 1.819024 1.769576 1.702187 1.631828 1.557361 1.492442 1.416432 1.353028 1.282597 1.189800 1.110233 1.047115
4.239714 4.219903 4.189484 4.156646 4.121517 4.061958 4.029571 3.993317 3.955500 3.933339 3.908235 3.876622 3.822679 3.777857 3.705397 3.645243 3.576794 3.542722 3.504225 3.437038 3.369136 3.316951 3.265808 3.208723 3.152386 3.093538 3.036011 2.995582 2.934294 2.889735 2.837173 2.793301 2.748730 2.699705 2.658836 2.618246 2.569474 2.529940 2.490193 2.450497 2.409990 2.369258 2.328519 2.285452 2.239888 2.196932 2.151735 2.100125 2.051879 1.996198 1.939286 1.877192 1.805527 1.757757 1.690111 1.620272 1.550367 1.480429 1.407166 1.341580 1.271471 1.178495 1.103401 1.038082
4.237946 4.217286 4.186467 4.152968 4.117372 4.057976 4.023521 3.985908 3.948923 3.926800 3.900840 3.870585 3.816626 3.771853 3.698966 3.637269 3.567639 3.533695 3.496183 3.430157 3.360994 3.307868 3.256842 3.199491 3.143377 3.086439 3.028510 2.984608 2.926337 2.878643 2.827416 2.783201 2.736613 2.690133 2.647264 2.605677 2.558762 2.519044 2.478957 2.439627 2.398799 2.356415 2.316773 2.271784 2.224535 2.183224 2.137596 2.087346 2.038989 1.982548 1.925784 1.864870 1.794383 1.745238 1.676188 1.608556 1.538652 1.468341 1.396133 1.331874 1.258198 1.171159 1.094450 1.023864
4.186182 4.164733 4.133308 4.098148 4.060773 4.000188 3.964391 3.924098 3.884629 3.859318 3.832028 3.800018 3.745496 3.701014 3.628168 3.564666 3.491108 3.453054 3.416022 3.349389 3.280480 3.220466 3.167862 3.110210 3.051551 2.990090 2.931372 2.881895 2.822875 2.772301 2.721204 2.669252 2.620373 2.569194 2.524109 2.479905 2.434377 2.391065 2.349141 2.309016 2.267460 2.226444 2.187361 2.137506 2.093800 2.051020 2.004675 1.956101 1.903976 1.852821 1.798304 1.738710 1.681463 1.626059 1.556801 1.491546 1.424362 1.354355 1.282318 1.214433 1.140318 1.054485 0.976852 0.903426
4.200777 4.178862 4.148619 4.115375 4.079087 4.017854 3.985039 3.946023 3.907223 3.882115 3.854845 3.822646 3.767585 3.721985 3.651819 3.588713 3.517944 3.480717 3.442083 3.375485 3.307791 3.250438 3.196773 3.139691 3.082408 3.025853 2.962915 2.914686 2.857124 2.807784 2.756170 2.706297 2.659193 2.609419 2.565299 2.522136 2.473502 2.432193 2.389150 2.347253 2.307276 2.265883 2.225347 2.182509 2.139209 2.093840 2.049098 1.997759 1.946657 1.892072 1.837556 1.779163 1.723683 1.666696 1.595216 1.530297 1.461174 1.393822 1.316979 1.257508 1.183161 1.092433 1.014049 0.942037
4.213798 4.193770 4.163262 4.130907 4.095763 4.036276 4.002773 3.966190 3.927423 3.904021 3.877177 3.844768 3.789620 3.744556 3.673811 3.612641 3.544075 3.506581 3.467964 3.400477 3.333055 3.278976 3.225966 3.167441 3.111573 3.056436 2.998120 2.947559 2.893496 2.842695 2.789940 2.745069 2.697115 2.650743 2.604608 2.562386 2.519550 2.477899 2.436737 2.397148 2.355571 2.313446 2.274323 2.225339 2.179734 2.136665 2.090901 2.038753 1.988615 1.934877 1.877508 1.817845 1.758026 1.703076 1.635858 1.568287 1.497947 1.426460 1.353927 1.298128 1.227010 1.128278 1.048289 0.981655
4.226981 4.208129 4.178000 4.145116 4.112723 4.053228 4.022461 3.986220 3.948802 3.924800 3.898207 3.865533 3.810566 3.765408 3.695080 3.635462 3.568691 3.532150 3.492562 3.425482 3.357702 3.306206 3.254214 3.195369 3.140946 3.084628 3.026049 2.980245 2.923882 2.875210 2.822985 2.779462 2.734070 2.687062 2.643871 2.601254 2.556170 2.516809 2.475579 2.436378 2.395775 2.354186 2.314595 2.267613 2.221124 2.179741 2.133643 2.081334 2.033480 1.975310 1.918121 1.857922 1.791922 1.740817 1.670576 1.602158 1.535228 1.464895 1.390057 1.332584 1.261131 1.159478 1.083964 1.019222
4.239375 4.221096 4.191782 4.161022 4.127755 4.069520 4.039907 4.005475 3.968594 3.945394 3.919177 3.886365 3.830645 3.785184 3.716067 3.657996 3.592268 3.556210 3.515767 3.448443 3.383145 3.332182 3.281566 3.221960 3.168169 3.108125 3.050718 3.009132 2.950237 2.907135 2.857105 2.810120 2.769231 2.717762 2.680993 2.640296 2.590329 2.550728 2.511215 2.472684 2.432802 2.392991 2.353069 2.311532 2.264313 2.222810 2.177365 2.126522 2.075693 2.016378 1.960398 1.898844 1.832953 1.779576 1.709099 1.641770 1.566013 1.497619 1.423285 1.367423 1.291283 1.193334 1.113362 1.053191
4.251656 4.233883 4.205993 4.175443 4.143725 4.086742 4.057172 4.022720 3.985683 3.964563 3.937762 3.905662 3.850164 3.804861 3.734931 3.678783 3.614785 3.580282 3.537156 3.471424 3.406171 3.358681 3.306726 3.248028 3.194815 3.141556 3.084572 3.039949 2.985850 2.938192 2.889026 2.847685 2.803926 2.758580 2.717401 2.676739 2.632050 2.594337 2.555315 2.517089 2.477331 2.440235 2.397706 2.357941 2.311436 2.268719 2.225222 2.170495 2.121250 2.061778 2.003558 1.942514 1.875465 1.813732 1.744285 1.671146 1.599032 1.529322 1.456676 1.398630 1.324297 1.224661 1.146989 1.083586
4.262892 4.246210 4.218404 4.189260 4.158790 4.102800 4.072564 4.039825 4.004665 3.983245 3.956649 3.924179 3.868633 3.823686 3.753197 3.699735 3.637315 3.602382 3.559758 3.493181 3.429253 3.382815 3.331931 3.272254 3.219942 3.170872 3.113717 3.068963 3.016701 2.968323 2.922427 2.879225 2.835713 2.793756 2.751472 2.711168 2.676959 2.640367 2.603058 2.564033 2.523619 2.486617 2.446241 2.403996 2.359520 2.317039 2.268391 2.217038 2.161983 2.105289 2.048315 1.986551 1.917972 1.847649 1.777500 1.706316 1.629385 1.557599 1.487688 1.428304 1.358318 1.255822 1.176528 1.117940
4.273846 4.257262 4.231875 4.202152 4.172569 4.116562 4.088195 4.055483 4.021517 4.000931 3.974467 3.942144 3.885363 3.841833 3.772351 3.718914 3.658969 3.623898 3.580820 3.513560 3.451398 3.406135 3.356446 3.296236 3.243405 3.197534 3.141865 3.094320 3.045925 2.995731 2.953830 2.910200 2.867301 2.828301 2.785865 2.745170 2.717466 2.680789 2.644041 2.604343 2.565062 2.527359 2.485796 2.447108 2.405203 2.358497 2.311836 2.258477 2.204370 2.146023 2.091074 2.028036 1.954046 1.880707 1.810413 1.737362 1.659096 1.588050 1.518966 1.463731 1.379204 1.283796 1.206055 1.149871
4.284035 4.268602 4.244024 4.214789 4.186129 4.131254 4.103865 4.071873 4.037785 4.017675 3.991149 3.958671 3.902761 3.858935 3.789448 3.738416 3.678830 3.644853 3.599484 3.533394 3.472875 3.428059 3.379589 3.318236 3.268259 3.226481 3.171593 3.122095 3.076141 3.024601 2.982850 2.941508 2.898403 2.862188 2.816476 2.777407 2.749268 2.712976 2.674901 2.637856 2.598371 2.558093 2.517236 2.486863 2.443827 2.396764 2.350601 2.297270 2.242934 2.181254 2.129958 2.067686 1.989792 1.910491 1.839647 1.769870 1.690264 1.613546 1.547517 1.485723 1.414116 1.311370 1.237146 1.179135
4.294293 4.279610 4.255503 4.227583 4.199979 4.145524 4.116960 4.086418 4.053480 4.034089 4.007316 3.974753 3.918717 3.876357 3.805963 3.756358 3.698462 3.664895 3.618260 3.551295 3.493713 3.450187 3.401335 3.339952 3.290574 3.248961 3.194342 3.147184 3.099633 3.051418 3.010639 2.967336 2.926751 2.888897 2.847313 2.809041 2.776511 2.740525 2.703044 2.665741 2.626246 2.584954 2.544964 2.523332 2.477795 2.433074 2.385707 2.333537 2.277666 2.216029 2.163089 2.102471 2.020427 1.941176 1.874915 1.798348 1.718518 1.638323 1.577674 1.515429 1.440956 1.340591 1.260628 1.205448
3.971987 3.951481 3.922977 3.892032 3.858600 3.806104 3.774633 3.738221 3.704274 3.680053 3.653369 3.621172 3.568277 3.519375 3.451978 3.390682 3.324489 3.285518 3.249663 3.179829 3.114368 3.050008 2.996716 2.936363 2.876137 2.821027 2.757912 2.692466 2.637395 2.581071 2.520970 2.465113 2.411009 2.357930 2.304089 2.253134 2.205469 2.158093 2.110093 2.065786 2.019782 1.976437 1.933329 1.886918 1.844508 1.802057 1.756256 1.708737 1.663680 1.616181 1.564841 1.513528 1.462710 1.419672 1.361655 1.300684 1.236788 1.166990 1.108799 1.041315 0.963805 0.895772 0.815922 0.740511
4.036518 4.016349 3.987970 3.957546 3.923959 3.871662 3.839986 3.803544 3.769421 3.745221 3.718474 3.685201 3.632741 3.582894 3.517262 3.457490 3.390300 3.352598 3.315627 3.245796 3.180558 3.119221 3.065875 3.006117 2.947563 2.888067 2.826009 2.771029 2.714162 2.660364 2.604123 2.549394 2.498729 2.442617 2.396011 2.348779 2.298372 2.254021 2.208654 2.164971 2.123386 2.085136 2.040573 1.997535 1.956180 1.913221 1.870957 1.824950 1.775993 1.728674 1.679844 1.624078 1.562099 1.514312 1.451047 1.392365 1.326138 1.257353 1.190384 1.119185 1.047631 0.973405 0.897405 0.819576
4.096256 4.076645 4.048103 4.018347 3.984186 3.930329 3.899811 3.865331 3.828839 3.805692 3.778678 3.745576 3.691820 3.643739 3.577332 3.517722 3.450869 3.414451 3.375881 3.307455 3.241187 3.183179 3.131333 3.071963 3.014906 2.957394 2.897694 2.842402 2.788109 2.734343 2.683126 2.632340 2.579962 2.533742 2.482313 2.436421 2.396288 2.354513 2.311010 2.270684 2.228968 2.189350 2.147779 2.098659 2.058082 2.017082 1.971396 1.925979 1.877285 1.827787 1.775551 1.720344 1.650722 1.600313 1.535557 1.470400 1.402279 1.333024 1.266821 1.190695 1.119995 1.043531 0.968167 0.894523
4.150586 4.132206 4.103654 4.073685 4.040384 3.984467 3.954379 3.919121 3.884253 3.860514 3.833310 3.800644 3.746085 3.699798 3.632141 3.573625 3.506913 3.469875 3.432499 3.363458 3.296982 3.242749 3.190918 3.131293 3.074675 3.019127 2.956186 2.908181 2.851000 2.803187 2.751895 2.700382 2.654916 2.605035 2.561430 2.516616 2.469493 2.428267 2.385707 2.345294 2.303601 2.263734 2.222934 2.186683 2.143136 2.099743 2.053650 2.005344 1.955319 1.904268 1.848989 1.791973 1.731943 1.673961 1.607320 1.540860 1.471778 1.404512 1.330229 1.265928 1.199219 1.105135 1.030389 0.958865
4.200192 4.182155 4.153756 4.123113 4.090776 4.033790 4.003546 3.969649 3.932913 3.910670 3.883848 3.850421 3.795666 3.750003 3.680993 3.622765 3.558811 3.522047 3.481378 3.413863 3.347859 3.296324 3.244917 3.186139 3.131119 3.075452 3.018357 2.968707 2.915110 2.864729 2.813650 2.769747 2.723798 2.677030 2.634062 2.591644 2.547723 2.506866 2.467476 2.426909 2.386884 2.345970 2.306020 2.260418 2.215402 2.173843 2.127247 2.076301 2.027095 1.972575 1.914113 1.856118 1.789651 1.741143 1.671339 1.602746 1.529714 1.460397 1.389399 1.327125 1.257727 1.161363 1.080477 1.015957
4.245498 4.227285 4.198982 4.168417 4.136734 4.078249 4.047955 4.014529 3.977676 3.955476 3.928892 3.896514 3.840578 3.794583 3.725928 3.668700 3.604426 3.569295 3.527043 3.459947 3.394371 3.344881 3.294388 3.235218 3.181489 3.124958 3.067819 3.025161 2.969094 2.922601 2.873088 2.828476 2.786324 2.738686 2.699825 2.657841 2.610342 2.572207 2.533186 2.492800 2.454922 2.415714 2.374245 2.335837 2.288130 2.246745 2.200562 2.148181 2.097746 2.039446 1.981759 1.918885 1.856421 1.797898 1.725433 1.655190 1.582296 1.514616 1.440289 1.382741 1.305234 1.206695 1.130724 1.070603
4.285767 4.267269 4.238902 4.207795 4.176505 4.117280 4.087211 4.053493 4.016692 3.995088 3.968113 3.935980 3.880365 3.836096 3.764928 3.708518 3.645457 3.609418 3.567635 3.500766 3.437693 3.388927 3.338483 3.280030 3.227207 3.177199 3.120776 3.074469 3.023389 2.974384 2.929294 2.886472 2.842804 2.800636 2.758926 2.718680 2.683840 2.646906 2.610044 2.569074 2.530091 2.493506 2.450948 2.406839 2.363101 2.318308 2.269485 2.216217 2.161677 2.101255 2.045039 1.983196 1.914161 1.844611 1.773351 1.702790 1.627485 1.553548 1.484959 1.427710 1.349445 1.251323 1.171790 1.117798
4.320451 4.302541 4.274344 4.242568 4.211684 4.152856 4.120809 4.087867 4.051515 4.029647 4.002639 3.971782 3.915632 3.872166 3.799016 3.743833 3.680905 3.646306 3.603015 3.537181 3.475646 3.427229 3.377630 3.319253 3.267168 3.223880 3.168775 3.120719 3.072264 3.021397 2.978935 2.937630 2.892614 2.857016 2.810880 2.771428 2.742337 2.705264 2.667043 2.628084 2.587914 2.547011 2.506632 2.466436 2.422821 2.375964 2.325789 2.271088 2.216279 2.154257 2.096741 2.034694 1.960879 1.885054 1.813751 1.739554 1.664356 1.592905 1.524804 1.468629 1.394120 1.284464 1.206342 1.156901
4.350813 4.332675 4.304859 4.272642 4.242637 4.182513 4.149862 4.116673 4.081461 4.059666 4.032762 4.002294 3.945740 3.903712 3.828744 3.774431 3.711953 3.677475 3.634081 3.568357 3.509755 3.461802 3.411625 3.353823 3.301751 3.258586 3.203407 3.157423 3.109475 3.062008 3.021937 2.979073 2.936671 2.899512 2.856135 2.817650 2.781852 2.745523 2.705426 2.668489 2.627835 2.584699 2.544475 2.514040 2.464385 2.418807 2.368488 2.312159 2.257077 2.195132 2.135951 2.070324 1.998275 1.917967 1.842985 1.771284 1.694905 1.623253 1.552625 1.497659 1.424319 1.316975 1.237414 1.189503
4.375706 4.358055 4.329755 4.296741 4.266683 4.207636 4.173695 4.141190 4.104743 4.083808 4.057653 4.027811 3.971305 3.927678 3.854276 3.800207 3.737788 3.702806 3.659739 3.594516 3.538629 3.489825 3.440571 3.383223 3.331008 3.290656 3.231900 3.191987 3.142142 3.097553 3.056799 3.015461 2.973409 2.935664 2.894780 2.857489 2.817101 2.781092 2.740121 2.702924 2.662202 2.619745 2.577142 2.548108 2.496360 2.451870 2.397864 2.340601 2.286697 2.223727 2.161606 2.099262 2.022004 1.940163 1.869361 1.796257 1.720747 1.643264 1.578696 1.525440 1.451630 1.338550 1.258875 1.211394
4.318894 4.295412 4.261723 4.223060 4.185517 4.119834 4.083998 4.046331 4.004116 3.975410 3.943524 3.904698 3.842066 3.793031 3.717619 3.655729 3.587531 3.548397 3.498756 3.428501 3.359991 3.305785 3.252491 3.189239 3.130727 3.072565 3.012490 2.964846 2.905835 2.855447 2.801443 2.756852 2.706495 2.658994 2.612652 2.570229 2.521708 2.481055 2.437760 2.397795 2.355263 2.309886 2.268744 2.218632 2.173087 2.126008 2.078023 2.026111 1.972494 1.913804 1.857719 1.794192 1.729329 1.675053 1.601020 1.532355 1.454391 1.378193 1.308202 1.228075 1.154554 1.065725 0.982019 0.898209
4.305013 4.282532 4.249648 4.212298 4.176336 4.111234 4.076978 4.039963 3.998620 3.971379 3.940916 3.903197 3.842261 3.793442 3.718990 3.658044 3.590070 3.552536 3.504137 3.434639 3.366692 3.313858 3.260665 3.198275 3.139928 3.082936 3.022522 2.978241 2.917912 2.869091 2.815706 2.770989 2.721495 2.673872 2.628800 2.587303 2.540058 2.499170 2.457126 2.416687 2.375788 2.332300 2.290088 2.239586 2.191018 2.147240 2.100046 2.046746 1.995241 1.936360 1.877196 1.814806 1.752149 1.697708 1.625234 1.555473 1.484012 1.407744 1.332606 1.262958 1.187276 1.093697 1.014974 0.930511
4.290723 4.269005 4.237252 4.201228 4.166967 4.103550 4.069827 4.033628 3.993669 3.967224 3.937872 3.901621 3.841360 3.794037 3.721261 3.660298 3.593460 3.555974 3.510306 3.440816 3.373325 3.321336 3.268969 3.207269 3.150107 3.091621 3.031230 2.988269 2.928623 2.881991 2.828551 2.785627 2.736961 2.689321 2.646422 2.604315 2.555718 2.515976 2.474183 2.434203 2.392765 2.350961 2.309856 2.260985 2.211874 2.169041 2.121540 2.070058 2.019215 1.958802 1.901777 1.837298 1.771302 1.722787 1.650338 1.580861 1.507423 1.432727 1.357694 1.292545 1.217551 1.121582 1.041960 0.966089
4.276284 4.255942 4.225350 4.190859 4.157596 4.095241 4.063815 4.027669 3.989262 3.963654 3.934695 3.899579 3.841297 3.794027 3.722485 3.662883 3.597525 3.560085 3.514883 3.446761 3.380690 3.328283 3.276736 3.216409 3.159940 3.100295 3.040912 3.000944 2.938572 2.894480 2.842843 2.796618 2.753085 2.702642 2.662323 2.621393 2.571845 2.531181 2.491402 2.450589 2.410253 2.369159 2.327380 2.283229 2.234503 2.192705 2.146851 2.091067 2.042405 1.984569 1.924248 1.862731 1.792963 1.746149 1.675465 1.605318 1.529836 1.456877 1.386020 1.322671 1.249337 1.148149 1.070366 1.003420
4.261915 4.242098 4.213145 4.180278 4.147274 4.087795 4.056966 4.021628 3.983595 3.959870 3.932452 3.897986 3.840969 3.796121 3.723685 3.665551 3.600423 3.563438 3.520987 3.452743 3.386499 3.336460 3.284974 3.225306 3.170013 3.110629 3.051375 3.011941 2.950863 2.907494 2.856608 2.810028 2.768731 2.716636 2.679660 2.638191 2.588486 2.549279 2.509439 2.469268 2.429352 2.388835 2.346445 2.306160 2.257913 2.217989 2.170150 2.118240 2.066862 2.008227 1.951531 1.890725 1.819431 1.768092 1.699113 1.629082 1.554485 1.484179 1.410207 1.345635 1.273585 1.175381 1.100642 1.031384
4.248153 4.229646 4.200541 4.170111 4.137266 4.078938 4.048790 4.015594 3.977764 3.955986 3.929200 3.896282 3.840124 3.795783 3.725769 3.668013 3.603916 3.567642 3.526226 3.459062 3.393096 3.343463 3.292894 3.233365 3.180170 3.122257 3.065652 3.021374 2.965646 2.921551 2.871079 2.825951 2.783973 2.735188 2.696470 2.654968 2.607147 2.568963 2.528820 2.490379 2.449820 2.410891 2.369538 2.329617 2.283506 2.242488 2.195893 2.143264 2.092122 2.033904 1.978055 1.917214 1.848233 1.791276 1.721565 1.651445 1.579093 1.511692 1.437923 1.373884 1.302916 1.206704 1.125022 1.065328
4.233453 4.216114 4.188540 4.158790 4.127970 4.071833 4.042196 4.008977 3.973962 3.951514 3.925952 3.894647 3.839926 3.796064 3.726779 3.670608 3.606763 3.571572 3.532130 3.465134 3.400548 3.351735 3.300348 3.243188 3.189460 3.135958 3.079386 3.035270 2.981533 2.932715 2.885064 2.842334 2.799143 2.753554 2.713128 2.671952 2.629308 2.591420 2.552176 2.513615 2.473635 2.436111 2.396050 2.356048 2.311304 2.269597 2.222807 2.170208 2.118694 2.061514 2.005339 1.945453 1.879182 1.817012 1.747847 1.674708 1.600466 1.533307 1.461551 1.406410 1.328716 1.229721 1.152740 1.096150
4.219445 4.202944 4.176127 4.148598 4.118480 4.062994 4.035311 4.002754 3.968367 3.948188 3.923373 3.892950 3.839646 3.795733 3.728507 3.673219 3.610344 3.575005 3.536973 3.471201 3.406601 3.358663 3.309420 3.251571 3.199705 3.149310 3.092616 3.047506 2.994982 2.946697 2.899168 2.857265 2.815687 2.771868 2.730359 2.688753 2.651104 2.613652 2.576495 2.537367 2.499825 2.463401 2.422107 2.380284 2.336801 2.295933 2.251822 2.197214 2.149019 2.089513 2.034323 1.975440 1.912038 1.840041 1.769547 1.702154 1.626236 1.559077 1.484856 1.432946 1.357489 1.257649 1.180036 1.133506
4.204944 4.190034 4.163860 4.138116 4.109321 4.055238 4.028252 3.996432 3.963072 3.943573 3.920216 3.891592 3.839204 3.797179 3.729753 3.675098 3.612925 3.579840 3.543124 3.478336 3.413711 3.367013 3.316971 3.260853 3.209632 3.160217 3.104867 3.056487 3.007947 2.958724 2.914048 2.872071 2.830021 2.788483 2.747070 2.705980 2.673015 2.635840 2.600941 2.561668 2.522650 2.487713 2.448627 2.407772 2.364997 2.324104 2.278909 2.225055 2.174821 2.118335 2.061419 2.005495 1.936689 1.865156 1.792489 1.721751 1.648504 1.579580 1.512032 1.458623 1.388182 1.278330 1.203604 1.165200
4.190581 4.177009 4.151916 4.127645 4.099301 4.047740 4.020494 3.989211 3.957861 3.940910 3.917412 3.889294 3.838683 3.797692 3.731435 3.677923 3.616303 3.583305 3.547364 3.483200 3.420821 3.375070 3.325443 3.269719 3.218789 3.171143 3.116261 3.069161 3.021743 2.971605 2.929064 2.886560 2.846050 2.805020 2.764261 2.724069 2.696403 2.659281 2.622696 2.584384 2.547367 2.509740 2.472085 2.433254 2.393067 2.349487 2.303882 2.252911 2.200850 2.145509 2.092235 2.033144 1.965759 1.886927 1.818622 1.745620 1.670485 1.605645 1.534794 1.489555 1.417156 1.308218 1.229185 1.196562
4.278032 4.260686 4.230360 4.198973 4.166707 4.108149 4.078338 4.044031 4.008710 3.986650 3.961149 3.927176 3.872263 3.825781 3.755299 3.695507 3.633087 3.599212 3.557854 3.490152 3.423691 3.375627 3.327242 3.267562 3.212512 3.164110 3.106166 3.059716 3.008428 2.959522 2.912174 2.870773 2.826255 2.783268 2.740983 2.698458 2.660853 2.622973 2.582509 2.540526 2.500101 2.459613 2.416078 2.372569 2.324019 2.278735 2.228127 2.170368 2.120859 2.056092 1.994422 1.929361 1.858558 1.803327 1.729334 1.657998 1.580991 1.503546 1.440716 1.390008 1.312373 1.214131 1.140531 1.069919
4.257313 4.239712 4.210984 4.179947 4.148125 4.090067 4.059856 4.025867 3.989519 3.967218 3.940328 3.908620 3.852112 3.807758 3.737276 3.679865 3.616748 3.580894 3.538673 3.472161 3.407178 3.357538 3.306664 3.248874 3.194583 3.141414 3.084126 3.038037 2.984909 2.937295 2.888248 2.846918 2.801810 2.756509 2.715262 2.674079 2.630827 2.592845 2.551976 2.512612 2.474365 2.435756 2.392672 2.351785 2.305800 2.264015 2.214900 2.160779 2.110330 2.051595 1.993342 1.928974 1.860220 1.803001 1.732963 1.662903 1.586582 1.513644 1.441931 1.386470 1.308676 1.213478 1.133924 1.073862
4.226946 4.207609 4.179712 4.149479 4.116133 4.058852 4.029049 3.996274 3.959364 3.935767 3.908963 3.876537 3.821528 3.776084 3.706430 3.649462 3.584041 3.548375 3.507781 3.440897 3.374642 3.324507 3.273766 3.214617 3.160451 3.101548 3.043302 3.001441 2.942580 2.898962 2.847874 2.801963 2.760086 2.709443 2.673277 2.631002 2.583123 2.543416 2.504050 2.465054 2.425647 2.385831 2.345098 2.307573 2.261143 2.219510 2.174505 2.124340 2.075059 2.018966 1.961180 1.902819 1.837248 1.783555 1.715693 1.645553 1.572415 1.504276 1.429354 1.371472 1.294551 1.198194 1.121860 1.064705
4.180434 4.160951 4.132266 4.101545 4.069359 4.012465 3.983451 3.948572 3.912121 3.889381 3.862903 3.829203 3.774922 3.728724 3.659721 3.601763 3.536343 3.500590 3.460805 3.393154 3.325950 3.273810 3.223701 3.163591 3.106471 3.052929 2.996166 2.945640 2.892121 2.840419 2.788587 2.744156 2.696676 2.650726 2.606816 2.563939 2.521341 2.481824 2.440600 2.401789 2.362927 2.321847 2.283620 2.240044 2.197107 2.156226 2.111501 2.064275 2.017351 1.964496 1.909392 1.854311 1.790496 1.742477 1.677002 1.607693 1.535459 1.465567 1.398801 1.337268 1.270921 1.162316 1.085384 1.037110
4.107303 4.087408 4.058088 4.028356 3.995168 3.940273 3.910402 3.875783 3.839436 3.817079 3.790227 3.758020 3.703311 3.656443 3.587812 3.527905 3.463002 3.427680 3.390093 3.319344 3.250681 3.196364 3.145406 3.084814 3.025491 2.969821 2.911163 2.856637 2.800251 2.746718 2.697297 2.644991 2.595482 2.547572 2.500709 2.455823 2.414052 2.372896 2.330522 2.291040 2.252111 2.212996 2.174133 2.130114 2.090901 2.051328 2.011654 1.966123 1.920380 1.873865 1.827156 1.772872 1.715709 1.660205 1.594123 1.527467 1.454214 1.387678 1.334635 1.278360 1.212488 1.100970 1.023149 0.989536
3.975367 3.956865 3.925411 3.896722 3.862367 3.809791 3.778565 3.742918 3.708713 3.686292 3.660579 3.628499 3.575236 3.526568 3.455613 3.394129 3.330377 3.295597 3.259667 3.184532 3.116553 3.056426 3.005400 2.940513 2.878202 2.826907 2.761704 2.699019 2.640933 2.583140 2.525302 2.469461 2.415439 2.362760 2.308874 2.258791 2.209276 2.161597 2.114488 2.068544 2.024405 1.981759 1.940570 1.897621 1.858849 1.816875 1.775340 1.733330 1.691095 1.647438 1.599960 1.551448 1.503686 1.466068 1.409876 1.350350 1.286843 1.219178 1.174146 1.118250 1.054195 0.970317 0.909070 0.847737
3.711189 3.689728 3.657595 3.624544 3.592188 3.541720 3.505172 3.474717 3.439489 3.416610 3.389808 3.358186 3.308750 3.255531 3.180083 3.115173 3.054260 3.018734 2.979403 2.904801 2.833134 2.772533 2.721540 2.650942 2.581189 2.525077 2.453831 2.386291 2.329156 2.260451 2.198371 2.138243 2.072465 2.010476 1.945359 1.884663 1.833133 1.775049 1.719139 1.663712 1.612314 1.564104 1.511886 1.456441 1.414573 1.363862 1.315013 1.273040 1.225589 1.181456 1.139885 1.096507 1.051714 1.005741 0.962899 0.926993 0.889814 0.844073 0.755751 0.702697 0.639728 0.620151 0.563932 0.475996
3.166580 3.135690 3.113215 3.057461 3.037721 2.992488 2.938185 2.924445 2.888317 2.857281 2.827200 2.788670 2.748844 2.694322 2.592619 2.523311 2.493368 2.443010 2.364093 2.319726 2.252964 2.197819 2.143580 2.063464 1.976069 1.935307 1.864909 1.746978 1.729263 1.620697 1.585285 1.515964 1.433641 1.355872 1.276160 1.193519 1.135267 1.063065 0.986809 0.921094 0.849108 0.782469 0.714957 0.633583 0.574363 0.503546 0.444663 0.393363 0.320216 0.267813 0.224874 0.184256 0.172424 0.001429 -0.047084 -0.084300 -0.095985 -0.041838 -0.288808 -0.270817 -0.343082 -0.428509 -0.468464 -0.411152
2.128949 2.073465 2.088350 1.969349 1.982487 1.955169 1.856069 1.886616 1.843944 1.788842 1.749044 1.680647 1.659671 1.627550 1.398145 1.341841 1.441967 1.344762 1.116674 1.166086 1.251631 1.125181 1.050985 0.953372 0.802313 0.835373 0.796583 0.495680 0.642739 0.534590 0.504701 0.427987 0.317901 0.213338 0.126594 -0.008911 -0.035156 -0.126040 -0.234012 -0.315214 -0.413801 -0.505037 -0.594449 -0.716522 -0.800852 -0.908617 -0.996330 -1.065828 -1.200050 -1.277919 -1.307688 -1.360268 -1.308130 -1.905707 -1.969752 -1.987833 -1.822056 -1.620327 -2.222668 -2.158914 -2.270190 -2.121314 -1.919808 -2.190836
0.337303 0.241654 0.362141 0.158456 0.174067 0.189970 0.133488 0.137332 0.075120 -0.039094 -0.097311 -0.259672 -0.245961 -0.190634 -0.849287 -0.792473 -0.340884 -0.533245 -0.900734 -0.905519 -0.429939 -0.682295 -0.804671 -0.883282 -1.321493 -1.031347 -0.965251 -1.822464 -1.158853 -1.241621 -1.251699 -1.326555 -1.472428 -1.622496 -1.689679 -1.951278 -1.858545 -1.970149 -2.119968 -2.211765 -2.346665 -2.459811 -2.580044 -2.755984 -2.868160 -3.035159 -3.166529 -3.259657 -3.514828 -3.639019 -3.624281 -3.698135 -3.545683 -4.561022 -4.294942 -3.851672 -3.061294 -2.860585 -4.005948 -5.298377 -5.524048 -3.454193 -3.120400 -5.301564
4.318187 4.298936 4.269799 4.238725 4.205922 4.144588 4.114118 4.085076 4.046170 4.024992 3.999873 3.964624 3.910765 3.862803 3.790595 3.729056 3.667558 3.632740 3.595400 3.530183 3.460781 3.414078 3.371648 3.305396 3.251150 3.209223 3.150347 3.102573 3.051123 3.001887 2.957756 2.916436 2.871395 2.832207 2.789938 2.748783 2.718936 2.678267 2.640830 2.597319 2.558851 2.517733 2.473525 2.423927 2.378052 2.330143 2.280350 2.225196 2.164766 2.107687 2.038271 1.976879 1.904067 1.826779 1.750014 1.668104 1.587406 1.514855 1.446001 1.389801 1.310024 1.214242 1.133943 1.060553
4.311259 4.292288 4.265908 4.232628 4.201307 4.143025 4.112158 4.079481 4.042651 4.019331 3.992958 3.959713 3.904455 3.858646 3.791153 3.732557 3.670662 3.631812 3.591717 3.528846 3.465486 3.415843 3.366478 3.310990 3.255103 3.210254 3.157901 3.108810 3.056652 3.008966 2.968250 2.925050 2.880267 2.844289 2.797184 2.757538 2.726706 2.689073 2.651158 2.609151 2.569214 2.528675 2.486294 2.436060 2.393102 2.342814 2.289422 2.233895 2.173656 2.111803 2.046525 1.979175 1.906841 1.833039 1.755317 1.680094 1.601451 1.536708 1.456399 1.405159 1.329813 1.227327 1.148776 1.086323
4.310633 4.291280 4.263440 4.231782 4.200388 4.142011 4.111479 4.078501 4.042095 4.018680 3.991550 3.959748 3.903771 3.858509 3.790845 3.733144 3.671399 3.632043 3.592243 3.528481 3.463925 3.416763 3.365939 3.310556 3.255487 3.211210 3.156068 3.107189 3.057620 3.007794 2.966250 2.922733 2.877591 2.841160 2.792933 2.753168 2.721852 2.684608 2.645733 2.604474 2.564182 2.523479 2.479721 2.430614 2.386241 2.332339 2.281237 2.224992 2.165439 2.104360 2.042115 1.972780 1.908273 1.836228 1.764097 1.685280 1.611305 1.546670 1.464985 1.410504 1.331263 1.231234 1.155677 1.093337
4.304052 4.285504 4.256137 4.223879 4.192545 4.133191 4.103766 4.070864 4.033566 4.012331 3.985558 3.953309 3.897734 3.852041 3.780572 3.722057 3.659666 3.625217 3.585096 3.519282 3.451788 3.405606 3.357599 3.297917 3.242805 3.197632 3.138663 3.093949 3.041589 2.992614 2.949408 2.904993 2.860845 2.820611 2.775275 2.736412 2.701806 2.666353 2.626996 2.587546 2.545523 2.504013 2.465101 2.414665 2.372108 2.319177 2.267454 2.211483 2.154413 2.094011 2.035988 1.967829 1.905943 1.829752 1.759160 1.684316 1.608074 1.548419 1.462213 1.391305 1.317175 1.231558 1.158797 1.087922
4.292474 4.274150 4.245251 4.213435 4.180651 4.122030 4.091490 4.057337 4.021461 4.000090 3.974078 3.941907 3.886246 3.841595 3.769846 3.712132 3.648153 3.613475 3.573637 3.506914 3.441206 3.392759 3.343501 3.284718 3.230221 3.182975 3.125281 3.081277 3.027286 2.979375 2.933717 2.890689 2.846619 2.805541 2.761634 2.721964 2.687588 2.650687 2.612099 2.573355 2.532788 2.491260 2.452393 2.404503 2.360546 2.311697 2.260336 2.210558 2.150335 2.091300 2.035773 1.970576 1.909514 1.826576 1.756637 1.682271 1.608664 1.550584 1.462980 1.385761 1.306239 1.233534 1.165432 1.086176
4.283152 4.265811 4.237885 4.206453 4.174457 4.114918 4.084275 4.048827 4.014395 3.991844 3.965926 3.933486 3.877890 3.833720 3.763156 3.706721 3.642918 3.605859 3.565291 3.499212 3.436030 3.386242 3.334176 3.278009 3.223391 3.174197 3.118456 3.072789 3.018787 2.972405 2.925252 2.883825 2.839775 2.797170 2.754389 2.715020 2.678631 2.642561 2.605156 2.565960 2.524787 2.483852 2.445231 2.400581 2.355470 2.308267 2.258833 2.204610 2.146588 2.089012 2.032883 1.969175 1.907778 1.827361 1.757002 1.681058 1.610501 1.549035 1.466693 1.392649 1.313138 1.238766 1.165169 1.089674
4.278780 4.262133 4.233746 4.201660 4.169217 4.111004 4.080795 4.045328 4.009645 3.987330 3.962213 3.929519 3.873680 3.829217 3.757556 3.701244 3.637640 3.601245 3.560027 3.493247 3.429040 3.379900 3.329095 3.270151 3.216696 3.167838 3.110280 3.064684 3.012355 2.963856 2.916576 2.874471 2.830622 2.787969 2.745161 2.705772 2.669260 2.632012 2.593087 2.552279 2.513015 2.472998 2.433416 2.387666 2.341348 2.298419 2.247979 2.193421 2.137719 2.078319 2.019600 1.960194 1.894812 1.822972 1.752215 1.678756 1.606348 1.547260 1.461515 1.394987 1.316667 1.235614 1.162531 1.086874
4.268506 4.250998 4.222353 4.191263 4.158945 4.100388 4.070262 4.035541 3.998888 3.977291 3.951503 3.918633 3.863376 3.818231 3.746230 3.690169 3.625950 3.591152 3.550255 3.480830 3.416463 3.368345 3.318120 3.258156 3.204863 3.154021 3.096721 3.049126 2.997550 2.949198 2.900267 2.857587 2.813533 2.770707 2.727935 2.687158 2.644523 2.608806 2.568608 2.528752 2.489313 2.449976 2.407732 2.365074 2.318212 2.275121 2.227351 2.172164 2.121022 2.060698 2.002908 1.942589 1.873616 1.810639 1.741485 1.668395 1.596829 1.533204 1.453737 1.392815 1.311296 1.222499 1.148652 1.074910
4.247152 4.228655 4.200789 4.169550 4.137837 4.079430 4.049894 4.015873 3.979125 3.957095 3.930638 3.897810 3.842870 3.796562 3.727378 3.670388 3.605882 3.570683 3.528867 3.461616 3.396950 3.347068 3.296228 3.237650 3.183144 3.127315 3.070533 3.027280 2.970374 2.924609 2.875231 2.831439 2.788322 2.741031 2.702157 2.660356 2.613181 2.574219 2.536516 2.496447 2.456950 2.417949 2.376046 2.336932 2.290494 2.249784 2.201974 2.147315 2.100982 2.041113 1.983234 1.921239 1.855072 1.798636 1.727491 1.655654 1.583305 1.515356 1.438905 1.381222 1.306786 1.212242 1.131134 1.069487
4.217962 4.198964 4.170358 4.139129 4.107239 4.048842 4.020452 3.985362 3.948842 3.927286 3.900226 3.866196 3.811472 3.763872 3.695407 3.635411 3.572077 3.537044 3.496161 3.429545 3.360764 3.310196 3.262836 3.201926 3.144835 3.089271 3.032896 2.986416 2.930012 2.883241 2.832756 2.789846 2.744612 2.696914 2.658027 2.615456 2.570645 2.529590 2.490102 2.449315 2.412487 2.374357 2.333045 2.292541 2.247072 2.206756 2.158997 2.109450 2.060760 2.004811 1.946784 1.887529 1.815999 1.773951 1.705926 1.632150 1.555351 1.481796 1.418437 1.362193 1.291026 1.185074 1.104547 1.051747
4.259151 4.240529 4.213079 4.182549 4.151761 4.094791 4.064007 4.030429 3.995081 3.972121 3.946095 3.914104 3.858322 3.814557 3.745026 3.687871 3.624093 3.587810 3.547519 3.481215 3.416210 3.367296 3.316105 3.257631 3.204583 3.153068 3.095898 3.048031 2.996957 2.947780 2.900970 2.858512 2.813695 2.770687 2.728289 2.688928 2.646849 2.609386 2.570839 2.532350 2.491708 2.453991 2.413322 2.369141 2.322481 2.280163 2.235073 2.180825 2.130185 2.068915 2.014676 1.950630 1.885623 1.821993 1.753133 1.679633 1.606039 1.532885 1.461915 1.404602 1.334786 1.228575 1.149873 1.091196
4.247345 4.228898 4.200740 4.170371 4.137871 4.080057 4.049988 4.016332 3.979649 3.957802 3.930672 3.898480 3.843506 3.798000 3.728705 3.671142 3.606428 3.570843 3.529676 3.463372 3.397553 3.348662 3.297556 3.238558 3.184380 3.128949 3.072499 3.029173 2.972369 2.926311 2.877185 2.833240 2.790253 2.743088 2.703764 2.661839 2.615894 2.577306 2.537891 2.498954 2.459319 2.421302 2.379672 2.340310 2.294200 2.252086 2.205143 2.152822 2.100466 2.044745 1.986588 1.923990 1.856120 1.801214 1.730704 1.660710 1.586706 1.514581 1.442758 1.383621 1.309719 1.213394 1.133890 1.074101
4.236651 4.218558 4.189421 4.158709 4.124941 4.067362 4.036993 4.003568 3.965832 3.943440 3.916126 3.883016 3.827381 3.782937 3.711680 3.654129 3.589882 3.554164 3.513365 3.445459 3.379699 3.329867 3.279262 3.219575 3.165116 3.105290 3.047609 3.007866 2.947877 2.904714 2.853694 2.806512 2.766432 2.715002 2.678370 2.637822 2.588067 2.549842 2.509882 2.469027 2.429353 2.390700 2.349692 2.311268 2.264644 2.223585 2.178470 2.124987 2.075374 2.019890 1.959169 1.901481 1.831763 1.780299 1.708300 1.640653 1.567824 1.494389 1.424068 1.365730 1.290925 1.193360 1.114392 1.059400
4.226282 4.208287 4.178441 4.146947 4.113197 4.054278 4.024126 3.989781 3.951282 3.928902 3.901649 3.868616 3.812490 3.766087 3.696030 3.637428 3.572654 3.537386 3.496949 3.427974 3.361440 3.310828 3.260482 3.199455 3.145023 3.089369 3.030508 2.985929 2.928815 2.882112 2.831414 2.787355 2.742773 2.694772 2.652752 2.611662 2.564634 2.525636 2.486576 2.446636 2.405395 2.364452 2.324471 2.283264 2.237056 2.196318 2.149779 2.098362 2.050330 1.992409 1.935386 1.873435 1.809170 1.757142 1.687317 1.619079 1.547248 1.475711 1.405529 1.344166 1.265960 1.180839 1.097640 1.037390
4.217335 4.198992 4.168205 4.135357 4.101361 4.041711 4.011804 3.976715 3.939799 3.915407 3.888048 3.853809 3.797294 3.750107 3.680622 3.621331 3.555784 3.520308 3.478980 3.410768 3.343493 3.291488 3.241997 3.182035 3.125657 3.070453 3.013552 2.965714 2.909802 2.859508 2.808489 2.765225 2.718830 2.672003 2.627804 2.586601 2.543464 2.503338 2.462938 2.424337 2.382475 2.341602 2.301812 2.258184 2.212739 2.170123 2.124381 2.073140 2.024577 1.967731 1.911546 1.855115 1.787073 1.734213 1.665342 1.599142 1.529206 1.455969 1.384891 1.318953 1.247437 1.155726 1.080005 1.014149
4.209185 4.189489 4.158297 4.125503 4.090028 4.030130 3.999459 3.964833 3.925626 3.902058 3.874280 3.839383 3.782848 3.734632 3.663931 3.604876 3.538961 3.503869 3.462538 3.392506 3.325520 3.272798 3.222940 3.163005 3.106396 3.052286 2.992158 2.945787 2.889956 2.838457 2.786913 2.741887 2.694575 2.647970 2.603068 2.561278 2.517467 2.478190 2.436253 2.396935 2.357237 2.312422 2.273520 2.234010 2.188890 2.145716 2.100340 2.050345 1.999983 1.945070 1.889994 1.830452 1.767078 1.708139 1.641931 1.574192 1.507822 1.434680 1.363534 1.299029 1.228974 1.140577 1.060763 0.994078
4.202880 4.181383 4.148988 4.115057 4.078918 4.019127 3.987626 3.952516 3.913353 3.888705 3.860470 3.825371 3.767877 3.718676 3.648634 3.588686 3.522131 3.487450 3.445131 3.375211 3.307640 3.254213 3.204147 3.141886 3.085971 3.033006 2.968808 2.925774 2.866829 2.816089 2.765416 2.717207 2.670653 2.622860 2.578299 2.534297 2.488776 2.448559 2.405751 2.366524 2.326265 2.283957 2.242105 2.209139 2.165793 2.123192 2.077719 2.028319 1.977908 1.922374 1.869080 1.812024 1.747529 1.689114 1.620812 1.556343 1.488092 1.414464 1.343481 1.278278 1.202839 1.120072 1.039963 0.972570
4.195285 4.173142 4.141089 4.106265 4.068481 4.008915 3.976457 3.939233 3.901440 3.876167 3.847382 3.811529 3.753946 3.704054 3.633189 3.572534 3.506508 3.470797 3.429238 3.358216 3.289832 3.236533 3.185487 3.123411 3.066249 3.006154 2.945576 2.901893 2.839490 2.794181 2.743396 2.692178 2.645598 2.594955 2.552633 2.509162 2.461071 2.420196 2.378009 2.338421 2.297436 2.256429 2.215054 2.184698 2.141973 2.100180 2.054639 2.006306 1.954175 1.902091 1.848599 1.790917 1.729598 1.665995 1.597103 1.534478 1.465856 1.395663 1.322470 1.254409 1.179847 1.098793 1.023604 0.953701
4.189697 4.166271 4.133052 4.097213 4.060259 3.998853 3.965801 3.928300 3.889438 3.863648 3.834883 3.798099 3.739822 3.688848 3.617682 3.556582 3.489496 3.454132 3.411238 3.341543 3.272087 3.218237 3.166659 3.103755 3.046417 2.987463 2.927952 2.881710 2.821334 2.771798 2.721986 2.670215 2.621534 2.571132 2.526103 2.483195 2.438485 2.397979 2.355570 2.315801 2.274633 2.233748 2.194568 2.159221 2.116833 2.074690 2.031374 1.981989 1.931706 1.880610 1.827260 1.771701 1.704271 1.641450 1.576716 1.513983 1.443993 1.370732 1.300733 1.226733 1.156068 1.077528 1.002305 0.934269
4.185445 4.159218 4.126630 4.088417 4.049624 3.989370 3.954496 3.916144 3.877009 3.851286 3.821825 3.784812 3.725852 3.674441 3.602402 3.540154 3.474081 3.438268 3.395282 3.323791 3.253708 3.199020 3.148785 3.085441 3.025661 2.969427 2.909723 2.858222 2.801477 2.749073 2.699285 2.647007 2.598125 2.548429 2.501178 2.457139 2.416141 2.376635 2.334167 2.294776 2.253252 2.212296 2.174173 2.133770 2.093240 2.050338 2.005591 1.960858 1.908408 1.857653 1.806267 1.748492 1.680151 1.617030 1.554089 1.489354 1.423097 1.352188 1.280339 1.208463 1.131199 1.059136 0.983272 0.910348
4.271694 4.255140 4.227735 4.197506 4.168140 4.111983 4.083577 4.052782 4.018868 3.998149 3.972421 3.938983 3.881837 3.834278 3.764572 3.711625 3.652853 3.620020 3.574780 3.505297 3.441286 3.398966 3.348982 3.287547 3.234888 3.188523 3.131261 3.084102 3.033876 2.985582 2.941246 2.898030 2.855015 2.814333 2.771908 2.731588 2.702038 2.667314 2.630652 2.591633 2.551769 2.514136 2.473468 2.433897 2.388458 2.345315 2.297465 2.244944 2.189953 2.129869 2.072665 2.009314 1.943337 1.866413 1.792908 1.720389 1.645251 1.575723 1.500329 1.452316 1.373011 1.267678 1.189864 1.141640
4.263237 4.246671 4.219238 4.188853 4.158346 4.101636 4.073191 4.040815 4.006209 3.984890 3.959107 3.925946 3.868995 3.823544 3.752568 3.698386 3.639173 3.604424 3.560777 3.491707 3.427652 3.382059 3.332112 3.272303 3.218858 3.169958 3.113583 3.067428 3.015467 2.966555 2.920751 2.877291 2.833867 2.792437 2.749666 2.709804 2.675807 2.639392 2.601855 2.562229 2.523759 2.486094 2.445797 2.403991 2.359311 2.314754 2.268342 2.216066 2.162655 2.101096 2.044728 1.983026 1.916060 1.846088 1.773044 1.700644 1.624547 1.556621 1.483863 1.430173 1.352631 1.252939 1.174687 1.119102
4.255882 4.238050 4.210562 4.180144 4.148052 4.091100 4.062660 4.029234 3.994564 3.972535 3.946167 3.912926 3.856999 3.811939 3.740778 3.685841 3.623812 3.588936 3.546158 3.478256 3.413146 3.367246 3.316290 3.256287 3.202469 3.152284 3.094771 3.048515 2.996162 2.948319 2.899776 2.857426 2.813802 2.770430 2.728375 2.687428 2.647511 2.611245 2.571488 2.532925 2.493635 2.456107 2.414381 2.373497 2.328338 2.285707 2.238135 2.185972 2.134678 2.075198 2.017376 1.956904 1.892447 1.826240 1.752145 1.680558 1.606976 1.538759 1.465652 1.408410 1.335864 1.232110 1.154393 1.094760
4.247649 4.230028 4.201467 4.171069 4.138816 4.081723 4.051789 4.018516 3.981365 3.959398 3.932755 3.900308 3.844841 3.799065 3.730080 3.672627 3.608744 3.573265 3.532093 3.464816 3.399279 3.350661 3.299379 3.240745 3.186576 3.132216 3.074618 3.029528 2.976353 2.928375 2.879652 2.836768 2.793442 2.746096 2.705462 2.664841 2.617899 2.581725 2.541825 2.502355 2.462391 2.425301 2.384220 2.344281 2.298362 2.256196 2.208267 2.158547 2.107485 2.048670 1.990801 1.929678 1.863346 1.803542 1.732345 1.662719 1.588670 1.518170 1.445239 1.388947 1.313000 1.215996 1.134445 1.074294
4.240292 4.221813 4.193184 4.161999 4.129618 4.071283 4.041222 4.006682 3.968764 3.946793 3.919602 3.887009 3.832213 3.787569 3.717841 3.659671 3.593782 3.558059 3.517335 3.450709 3.385577 3.334577 3.283185 3.225803 3.169939 3.110990 3.053704 3.014551 2.953784 2.910589 2.859863 2.812843 2.772396 2.722252 2.684754 2.643150 2.594744 2.555169 2.514861 2.474969 2.435642 2.397443 2.354868 2.313007 2.268468 2.228013 2.182186 2.128372 2.079944 2.022111 1.964554 1.903464 1.835185 1.783432 1.712750 1.643307 1.570214 1.500123 1.429253 1.365896 1.297379 1.198082 1.118299 1.057408
4.233285 4.213399 4.184944 4.153075 4.120592 4.061902 4.030385 3.995152 3.957744 3.933113 3.906579 3.874387 3.820525 3.776290 3.705734 3.646336 3.579774 3.542396 3.503256 3.437451 3.371347 3.317801 3.266948 3.209225 3.153690 3.095609 3.037575 2.996213 2.935939 2.890798 2.840062 2.795280 2.751722 2.702818 2.662603 2.621241 2.572508 2.532551 2.492117 2.452165 2.412561 2.371292 2.331012 2.288800 2.242156 2.201324 2.153513 2.103485 2.054487 1.998231 1.939380 1.878398 1.811561 1.762463 1.694718 1.623497 1.548585 1.481350 1.409251 1.347509 1.271099 1.176479 1.098713 1.035263
4.224391 4.205085 4.176118 4.144337 4.110568 4.051015 4.019218 3.983371 3.943784 3.920534 3.893264 3.861420 3.807844 3.763679 3.694062 3.633576 3.564635 3.527261 3.487658 3.423639 3.358002 3.302762 3.250854 3.193268 3.137891 3.081225 3.023239 2.977166 2.920901 2.872219 2.820787 2.777189 2.731593 2.684379 2.641499 2.598826 2.553205 2.512458 2.471362 2.432008 2.391885 2.350311 2.311379 2.263137 2.216610 2.175220 2.129922 2.078492 2.029959 1.972312 1.915175 1.857405 1.788722 1.741844 1.673646 1.604442 1.532481 1.460762 1.388867 1.326147 1.256316 1.159032 1.084517 1.014339
4.217654 4.196696 4.166905 4.134762 4.100871 4.041492 4.007933 3.971172 3.932897 3.907912 3.880038 3.848336 3.794701 3.751533 3.682246 3.620189 3.549683 3.510918 3.474191 3.409863 3.343178 3.286946 3.233778 3.177605 3.122942 3.064722 3.007744 2.960260 2.903456 2.853952 2.801898 2.756998 2.710705 2.663252 2.619053 2.576567 2.532677 2.491951 2.450434 2.409993 2.369412 2.327836 2.288815 2.238861 2.193648 2.152516 2.104630 2.055793 2.006546 1.951431 1.896066 1.837155 1.771030 1.720482 1.654553 1.585028 1.513071 1.439366 1.369327 1.303998 1.236736 1.138205 1.060761 0.991908
4.209008 4.188470 4.158619 4.126048 4.090922 4.031218 3.997666 3.960292 3.920137 3.895479 3.866989 3.835683 3.783163 3.740644 3.670451 3.607557 3.535105 3.495785 3.459508 3.396435 3.329503 3.270282 3.218169 3.162538 3.106126 3.049751 2.990911 2.943249 2.887115 2.835010 2.782944 2.738453 2.689915 2.643244 2.597261 2.553838 2.508213 2.467501 2.424901 2.384931 2.342935 2.303317 2.262541 2.215921 2.172312 2.128039 2.081740 2.033307 1.982362 1.928464 1.873171 1.815682 1.751387 1.700375 1.633405 1.565078 1.494953 1.420436 1.350889 1.279934 1.214502 1.119342 1.044511 0.973491
4.201432 4.179935 4.149872 4.116565 4.081190 4.021771 3.987093 3.948718 3.907682 3.882087 3.854252 3.822286 3.770812 3.727568 3.658560 3.593908 3.520390 3.480388 3.444862 3.382909 3.315279 3.254966 3.201028 3.146726 3.089320 3.033816 2.971601 2.925208 2.866912 2.816680 2.765058 2.717034 2.669848 2.621080 2.575739 2.532909 2.483894 2.440206 2.397995 2.357035 2.315973 2.276271 2.233650 2.192199 2.149790 2.105050 2.059606 2.010564 1.960474 1.907724 1.854987 1.795891 1.731264 1.678726 1.611517 1.544466 1.473772 1.402226 1.331049 1.263486 1.193283 1.099277 1.023791 0.952325
4.233422 4.216623 4.189935 4.160991 4.131121 4.074114 4.044977 4.011007 3.976337 3.953277 3.927247 3.895507 3.840456 3.795211 3.725197 3.667980 3.603508 3.566925 3.524868 3.456767 3.392480 3.341219 3.288756 3.229279 3.174372 3.115438 3.055881 3.014173 2.955126 2.909673 2.859438 2.810791 2.768948 2.717337 2.680203 2.638248 2.589377 2.549000 2.509058 2.467837 2.426925 2.388141 2.345616 2.305246 2.257660 2.214145 2.165647 2.112998 2.064006 2.004631 1.946221 1.884471 1.808903 1.760547 1.691109 1.621993 1.543760 1.473695 1.398680 1.337197 1.261448 1.166623 1.089187 1.016497
4.235739 4.218885 4.191349 4.162883 4.131035 4.075062 4.045541 4.011567 3.976510 3.953864 3.927597 3.895252 3.839786 3.795906 3.725271 3.668237 3.603513 3.567125 3.526586 3.457870 3.392938 3.342134 3.289487 3.230297 3.175638 3.117502 3.058104 3.016690 2.957082 2.912692 2.862122 2.814547 2.772279 2.722003 2.684403 2.642466 2.593612 2.553502 2.514369 2.473028 2.433247 2.393200 2.351586 2.310289 2.265291 2.221238 2.172335 2.121501 2.070408 2.011803 1.952534 1.892902 1.818820 1.769908 1.697700 1.629378 1.553604 1.484171 1.407727 1.345404 1.272801 1.178211 1.097432 1.023673
4.238630 4.221440 4.193978 4.164759 4.132500 4.076026 4.046146 4.012800 3.976425 3.954404 3.927848 3.896276 3.839939 3.794853 3.725827 3.668566 3.603540 3.567286 3.526170 3.458024 3.392530 3.342993 3.290730 3.231540 3.177622 3.119308 3.061545 3.018424 2.960421 2.915672 2.864990 2.818899 2.776709 2.726158 2.689237 2.647372 2.597795 2.559041 2.519585 2.478694 2.439445 2.398264 2.358559 2.316576 2.270845 2.227719 2.182053 2.131074 2.075755 2.020517 1.961625 1.900024 1.830118 1.777442 1.705843 1.637259 1.562280 1.490456 1.416488 1.354284 1.281385 1.186665 1.107832 1.038420
4.241445 4.223761 4.196188 4.165949 4.133496 4.077171 4.046789 4.013025 3.977113 3.954505 3.928160 3.895841 3.840582 3.795823 3.725166 3.667965 3.603931 3.567797 3.526789 3.459602 3.393521 3.343807 3.292666 3.233683 3.178624 3.120807 3.064730 3.022193 2.964000 2.917700 2.868279 2.823559 2.780220 2.730544 2.692353 2.651452 2.602796 2.563311 2.524874 2.486575 2.445291 2.405903 2.364450 2.325334 2.277051 2.235919 2.188959 2.137596 2.086356 2.028969 1.969625 1.906147 1.837967 1.783650 1.714395 1.644160 1.569140 1.500886 1.427462 1.366392 1.288614 1.192954 1.116807 1.051021
4.244517 4.226045 4.197870 4.167944 4.135529 4.077562 4.048546 4.013438 3.978050 3.954642 3.928053 3.895072 3.840344 3.796319 3.725925 3.668190 3.604252 3.568166 3.526755 3.459263 3.393977 3.345202 3.293797 3.234525 3.180853 3.123558 3.066907 3.022633 2.967732 2.921054 2.871730 2.827891 2.784406 2.735646 2.696796 2.656248 2.608349 2.569093 2.530464 2.490235 2.451556 2.411135 2.369924 2.331373 2.283156 2.241636 2.196901 2.144879 2.094978 2.036148 1.976713 1.917058 1.850489 1.794620 1.724594 1.652690 1.578510 1.507440 1.436341 1.373970 1.301419 1.204131 1.127914 1.064338
4.247374 4.228448 4.200252 4.169319 4.136465 4.077821 4.048566 4.013630 3.978436 3.954869 3.928922 3.895798 3.840456 3.795007 3.725472 3.668201 3.604013 3.568594 3.527126 3.460692 3.395456 3.345712 3.294854 3.235914 3.182123 3.125708 3.068896 3.025527 2.970523 2.924203 2.874819 2.831407 2.789130 2.740141 2.702220 2.660062 2.612778 2.575276 2.536667 2.496170 2.457791 2.418531 2.377567 2.338699 2.291453 2.248508 2.204523 2.150539 2.100800 2.043373 1.988577 1.924990 1.862566 1.801640 1.730518 1.659235 1.588758 1.516523 1.441854 1.383231 1.315696 1.210717 1.134678 1.077669
4.249516 4.231101 4.201987 4.169584 4.138312 4.079146 4.048975 4.015282 3.977611 3.955425 3.929143 3.896433 3.840516 3.795582 3.725733 3.667895 3.604185 3.568831 3.527790 3.460831 3.395725 3.347070 3.296093 3.238278 3.183736 3.128441 3.072049 3.027585 2.973080 2.927005 2.877523 2.836170 2.792113 2.745075 2.705656 2.665016 2.618310 2.579908 2.541501 2.503689 2.463911 2.425365 2.385261 2.344931 2.299502 2.258373 2.213463 2.159957 2.109688 2.052575 1.995385 1.934159 1.869817 1.810117 1.738688 1.668161 1.595300 1.526760 1.451605 1.396912 1.323907 1.220533 1.143992 1.088038
4.252560 4.232986 4.204026 4.172097 4.139990 4.080707 4.050220 4.016404 3.979345 3.956224 3.929650 3.896190 3.840961 3.795627 3.725723 3.668157 3.604657 3.568937 3.528370 3.462171 3.395710 3.347582 3.298146 3.238417 3.184625 3.130448 3.074230 3.030392 2.976241 2.929502 2.880208 2.839587 2.795248 2.750366 2.709225 2.669905 2.623124 2.587639 2.548618 2.509755 2.471398 2.432477 2.392835 2.351219 2.305960 2.266886 2.220234 2.169348 2.118082 2.057632 2.002285 1.943946 1.879030 1.816566 1.746689 1.676665 1.601911 1.534886 1.462372 1.407818 1.333235 1.229487 1.154175 1.100964
4.254637 4.235177 4.206410 4.173553 4.139763 4.081495 4.050336 4.017176 3.979299 3.956275 3.929038 3.896235 3.840628 3.794783 3.725470 3.668386 3.604476 3.569128 3.529183 3.463055 3.397275 3.348881 3.299182 3.239984 3.186778 3.133078 3.077044 3.033921 2.978377 2.933011 2.884535 2.842884 2.799554 2.755440 2.714284 2.673767 2.629967 2.592971 2.555672 2.516679 2.477751 2.439494 2.400062 2.358419 2.313587 2.272715 2.229118 2.174256 2.126058 2.066832 2.012460 1.951827 1.890573 1.824334 1.754638 1.683038 1.611730 1.543422 1.468994 1.417679 1.344331 1.237773 1.160974 1.113944
4.258958 4.237947 4.208465 4.174799 4.141514 4.082183 4.050558 4.016979 3.980014 3.956796 3.929718 3.896561 3.841122 3.795837 3.725648 3.668618 3.604874 3.569859 3.528904 3.463664 3.397111 3.349190 3.300337 3.242150 3.189200 3.134739 3.079457 3.036883 2.981558 2.935459 2.888065 2.846820 2.802865 2.759276 2.718334 2.678446 2.634745 2.598004 2.561848 2.522796 2.484563 2.447428 2.407797 2.366133 2.320414 2.281255 2.235560 2.185828 2.133107 2.076311 2.020976 1.961808 1.900280 1.832180 1.764194 1.692621 1.616918 1.551501 1.482584 1.429153 1.354662 1.246892 1.168327 1.128594
