# var(lg_P)
0.000073 0.000069 0.000107 0.000107 0.000109 0.000094 0.000089 0.000104 0.000082 0.000066 0.000095 0.000073 0.000092 0.000086 0.000095 0.000113 0.000106 0.000100 0.000091 0.000090 0.000121 0.000096 0.000103 0.000107 0.000109 0.000086 0.000106 0.000087 0.000094 0.000076 0.000100 0.000101 0.000128 0.000108 0.000096 0.000126 0.000117 0.000123 0.000300 0.000167 0.000177 0.000152 0.000170 0.000235 0.000220 0.000527 0.000283 0.000289 0.000298 0.000349 0.000383 0.000430 0.000449 0.000360 0.000341 0.000491 0.000597 0.000944 0.000635 0.001267 0.001372 0.001433 0.001571 0.002217
0.000078 0.000070 0.000112 0.000118 0.000119 0.000098 0.000101 0.000103 0.000081 0.000070 0.000093 0.000077 0.000092 0.000093 0.000100 0.000123 0.000104 0.000097 0.000103 0.000107 0.000126 0.000097 0.000100 0.000116 0.000122 0.000091 0.000114 0.000093 0.000101 0.000087 0.000103 0.000115 0.000145 0.000123 0.000104 0.000123 0.000127 0.000124 0.000321 0.000175 0.000187 0.000172 0.000185 0.000225 0.000252 0.000527 0.000309 0.000321 0.000323 0.000364 0.000435 0.000489 0.000501 0.000429 0.000474 0.000653 0.000796 0.001072 0.000764 0.001283 0.001317 0.001626 0.001854 0.002204
0.000070 0.000071 0.000098 0.000104 0.000108 0.000094 0.000093 0.000101 0.000087 0.000069 0.000095 0.000073 0.000090 0.000088 0.000097 0.000112 0.000107 0.000089 0.000111 0.000100 0.000131 0.000095 0.000101 0.000114 0.000111 0.000092 0.000103 0.000088 0.000090 0.000085 0.000094 0.000104 0.000134 0.000112 0.000105 0.000128 0.000121 0.000111 0.000281 0.000159 0.000184 0.000157 0.000174 0.000235 0.000239 0.000509 0.000304 0.000333 0.000305 0.000349 0.000417 0.000501 0.000446 0.000422 0.000419 0.000639 0.000745 0.000991 0.000745 0.001321 0.001320 0.001532 0.001830 0.002284
0.000072 0.000065 0.000102 0.000094 0.000114 0.000088 0.000100 0.000096 0.000078 0.000069 0.000087 0.000072 0.000090 0.000090 0.000091 0.000113 0.000096 0.000096 0.000108 0.000096 0.000107 0.000090 0.000103 0.000109 0.000104 0.000090 0.000103 0.000087 0.000094 0.000078 0.000100 0.000096 0.000131 0.000110 0.000097 0.000121 0.000117 0.000114 0.000303 0.000171 0.000176 0.000167 0.000169 0.000224 0.000222 0.000481 0.000319 0.000297 0.000283 0.000362 0.000403 0.000471 0.000468 0.000396 0.000409 0.000536 0.000705 0.000941 0.000679 0.001222 0.001457 0.001517 0.001643 0.001778
0.000071 0.000068 0.000098 0.000102 0.000112 0.000091 0.000093 0.000092 0.000075 0.000070 0.000102 0.000066 0.000091 0.000088 0.000092 0.000109 0.000105 0.000091 0.000100 0.000097 0.000136 0.000096 0.000102 0.000102 0.000109 0.000089 0.000099 0.000081 0.000090 0.000082 0.000097 0.000103 0.000126 0.000115 0.000099 0.000127 0.000116 0.000119 0.000307 0.000159 0.000195 0.000157 0.000168 0.000223 0.000226 0.000482 0.000311 0.000282 0.000296 0.000335 0.000395 0.000469 0.000448 0.000399 0.000356 0.000509 0.000653 0.000977 0.000686 0.001208 0.001218 0.001321 0.001694 0.002027
0.000072 0.000074 0.000100 0.000096 0.000126 0.000089 0.000090 0.000099 0.000075 0.000067 0.000097 0.000072 0.000093 0.000090 0.000094 0.000115 0.000089 0.000090 0.000099 0.000102 0.000115 0.000094 0.000101 0.000108 0.000113 0.000102 0.000100 0.000083 0.000085 0.000080 0.000097 0.000104 0.000125 0.000104 0.000102 0.000119 0.000125 0.000120 0.000289 0.000165 0.000179 0.000159 0.000180 0.000202 0.000236 0.000478 0.000268 0.000308 0.000292 0.000325 0.000397 0.000425 0.000457 0.000378 0.000369 0.000481 0.000599 0.000916 0.000617 0.001192 0.001339 0.001430 0.001693 0.001950
0.000075 0.000062 0.000109 0.000100 0.000116 0.000092 0.000094 0.000097 0.000073 0.000068 0.000094 0.000070 0.000091 0.000085 0.000092 0.000107 0.000099 0.000092 0.000100 0.000096 0.000114 0.000090 0.000099 0.000101 0.000109 0.000085 0.000099 0.000079 0.000096 0.000081 0.000091 0.000104 0.000133 0.000121 0.000108 0.000130 0.000111 0.000113 0.000296 0.000170 0.000188 0.000152 0.000186 0.000227 0.000221 0.000523 0.000297 0.000305 0.000298 0.000334 0.000392 0.000475 0.000468 0.000374 0.000349 0.000446 0.000518 0.000947 0.000584 0.001205 0.001457 0.001472 0.001787 0.002128
0.000073 0.000068 0.000099 0.000106 0.000126 0.000091 0.000088 0.000098 0.000078 0.000068 0.000095 0.000072 0.000091 0.000091 0.000092 0.000113 0.000098 0.000095 0.000097 0.000096 0.000121 0.000098 0.000099 0.000101 0.000106 0.000088 0.000103 0.000082 0.000093 0.000075 0.000096 0.000099 0.000119 0.000117 0.000104 0.000128 0.000116 0.000120 0.000297 0.000159 0.000182 0.000150 0.000178 0.000209 0.000206 0.000510 0.000300 0.000286 0.000276 0.000335 0.000395 0.000448 0.000504 0.000361 0.000347 0.000450 0.000542 0.000885 0.000677 0.001211 0.001449 0.001612 0.001659 0.001972
0.000069 0.000060 0.000105 0.000106 0.000118 0.000095 0.000090 0.000102 0.000074 0.000070 0.000103 0.000074 0.000097 0.000085 0.000100 0.000107 0.000109 0.000093 0.000100 0.000103 0.000124 0.000095 0.000100 0.000112 0.000112 0.000088 0.000099 0.000088 0.000097 0.000077 0.000095 0.000106 0.000132 0.000119 0.000099 0.000124 0.000115 0.000113 0.000306 0.000158 0.000201 0.000166 0.000178 0.000222 0.000211 0.000540 0.000284 0.000308 0.000296 0.000320 0.000422 0.000468 0.000449 0.000360 0.000379 0.000461 0.000540 0.000805 0.000672 0.001222 0.001379 0.001574 0.001639 0.002131
0.000074 0.000069 0.000101 0.000103 0.000122 0.000092 0.000091 0.000109 0.000081 0.000073 0.000097 0.000071 0.000095 0.000093 0.000098 0.000118 0.000104 0.000102 0.000102 0.000097 0.000123 0.000096 0.000101 0.000107 0.000112 0.000094 0.000104 0.000088 0.000097 0.000089 0.000103 0.000091 0.000143 0.000115 0.000105 0.000135 0.000118 0.000129 0.000342 0.000174 0.000177 0.000170 0.000172 0.000224 0.000234 0.000534 0.000296 0.000309 0.000299 0.000338 0.000430 0.000456 0.000483 0.000383 0.000356 0.000498 0.000517 0.000892 0.000594 0.001239 0.001437 0.001486 0.001769 0.002309
0.000079 0.000068 0.000106 0.000114 0.000124 0.000098 0.000099 0.000118 0.000085 0.000077 0.000112 0.000079 0.000100 0.000103 0.000098 0.000126 0.000107 0.000104 0.000098 0.000114 0.000134 0.000101 0.000109 0.000123 0.000118 0.000092 0.000116 0.000098 0.000112 0.000091 0.000108 0.000108 0.000147 0.000128 0.000113 0.000143 0.000129 0.000126 0.000324 0.000183 0.000204 0.000162 0.000190 0.000232 0.000244 0.000553 0.000336 0.000317 0.000303 0.000362 0.000442 0.000500 0.000484 0.000399 0.000399 0.000489 0.000563 0.000996 0.000726 0.001313 0.001551 0.001511 0.002035 0.002268
0.000078 0.000069 0.000111 0.000111 0.000123 0.000094 0.000096 0.000104 0.000083 0.000072 0.000097 0.000078 0.000096 0.000094 0.000094 0.000112 0.000099 0.000105 0.000100 0.000099 0.000120 0.000094 0.000100 0.000115 0.000106 0.000092 0.000109 0.000087 0.000092 0.000081 0.000100 0.000108 0.000131 0.000110 0.000110 0.000141 0.000118 0.000125 0.000305 0.000159 0.000196 0.000155 0.000192 0.000232 0.000234 0.000561 0.000280 0.000310 0.000315 0.000340 0.000405 0.000470 0.000482 0.000389 0.000356 0.000534 0.000597 0.000974 0.000681 0.001419 0.001435 0.001519 0.001899 0.002490
0.000079 0.000070 0.000102 0.000105 0.000110 0.000090 0.000092 0.000099 0.000079 0.000071 0.000092 0.000072 0.000093 0.000086 0.000095 0.000120 0.000104 0.000091 0.000097 0.000100 0.000111 0.000095 0.000104 0.000103 0.000110 0.000098 0.000095 0.000086 0.000102 0.000080 0.000099 0.000103 0.000124 0.000112 0.000103 0.000125 0.000115 0.000120 0.000300 0.000156 0.000200 0.000169 0.000181 0.000203 0.000223 0.000532 0.000282 0.000317 0.000313 0.000332 0.000397 0.000428 0.000489 0.000368 0.000369 0.000500 0.000587 0.001059 0.000651 0.001224 0.001474 0.001676 0.001821 0.002121
0.000074 0.000066 0.000110 0.000113 0.000115 0.000089 0.000094 0.000097 0.000076 0.000070 0.000092 0.000075 0.000097 0.000094 0.000094 0.000118 0.000097 0.000096 0.000099 0.000102 0.000115 0.000098 0.000109 0.000107 0.000114 0.000089 0.000097 0.000088 0.000096 0.000079 0.000103 0.000102 0.000131 0.000118 0.000106 0.000125 0.000112 0.000123 0.000317 0.000165 0.000189 0.000156 0.000184 0.000229 0.000228 0.000497 0.000305 0.000321 0.000298 0.000347 0.000380 0.000460 0.000465 0.000398 0.000386 0.000480 0.000508 0.001015 0.000674 0.001265 0.001412 0.001546 0.001692 0.002091
0.000075 0.000068 0.000095 0.000102 0.000115 0.000087 0.000085 0.000097 0.000084 0.000064 0.000091 0.000073 0.000093 0.000082 0.000103 0.000104 0.000102 0.000088 0.000098 0.000096 0.000115 0.000087 0.000108 0.000096 0.000110 0.000077 0.000110 0.000080 0.000093 0.000081 0.000095 0.000107 0.000120 0.000117 0.000095 0.000116 0.000119 0.000113 0.000292 0.000164 0.000177 0.000149 0.000175 0.000231 0.000207 0.000510 0.000280 0.000293 0.000298 0.000360 0.000396 0.000457 0.000450 0.000367 0.000338 0.000485 0.000547 0.000993 0.000609 0.001307 0.001441 0.001532 0.001686 0.002286
0.000077 0.000064 0.000099 0.000100 0.000112 0.000091 0.000090 0.000094 0.000074 0.000064 0.000092 0.000074 0.000098 0.000090 0.000092 0.000110 0.000095 0.000089 0.000095 0.000103 0.000116 0.000088 0.000104 0.000104 0.000104 0.000093 0.000098 0.000085 0.000093 0.000083 0.000090 0.000104 0.000122 0.000110 0.000101 0.000128 0.000119 0.000124 0.000299 0.000156 0.000194 0.000146 0.000162 0.000214 0.000222 0.000516 0.000286 0.000304 0.000302 0.000322 0.000377 0.000453 0.000463 0.000381 0.000344 0.000489 0.000575 0.000970 0.000669 0.001206 0.001378 0.001448 0.001555 0.002084
0.000076 0.000062 0.000096 0.000098 0.000107 0.000090 0.000094 0.000105 0.000080 0.000071 0.000098 0.000070 0.000097 0.000095 0.000094 0.000117 0.000095 0.000088 0.000099 0.000098 0.000117 0.000093 0.000099 0.000104 0.000108 0.000090 0.000095 0.000086 0.000099 0.000076 0.000103 0.000099 0.000130 0.000105 0.000100 0.000124 0.000118 0.000117 0.000260 0.000164 0.000173 0.000155 0.000160 0.000197 0.000209 0.000498 0.000281 0.000312 0.000291 0.000321 0.000395 0.000443 0.000420 0.000373 0.000364 0.000467 0.000557 0.000976 0.000597 0.001085 0.001300 0.001649 0.001665 0.002049
0.000075 0.000062 0.000105 0.000102 0.000108 0.000095 0.000093 0.000099 0.000080 0.000067 0.000092 0.000068 0.000091 0.000088 0.000091 0.000117 0.000100 0.000096 0.000100 0.000092 0.000116 0.000086 0.000101 0.000105 0.000106 0.000093 0.000099 0.000087 0.000092 0.000081 0.000093 0.000108 0.000125 0.000113 0.000101 0.000121 0.000123 0.000117 0.000313 0.000175 0.000174 0.000170 0.000160 0.000212 0.000226 0.000469 0.000277 0.000303 0.000296 0.000353 0.000373 0.000441 0.000443 0.000378 0.000359 0.000453 0.000551 0.000964 0.000653 0.001256 0.001500 0.001476 0.001698 0.002232
0.000076 0.000069 0.000104 0.000102 0.000116 0.000092 0.000087 0.000097 0.000074 0.000066 0.000091 0.000071 0.000094 0.000087 0.000092 0.000122 0.000093 0.000088 0.000097 0.000094 0.000131 0.000096 0.000093 0.000102 0.000108 0.000089 0.000103 0.000089 0.000091 0.000086 0.000098 0.000104 0.000136 0.000102 0.000102 0.000126 0.000116 0.000111 0.000264 0.000158 0.000177 0.000157 0.000172 0.000236 0.000230 0.000561 0.000301 0.000301 0.000280 0.000343 0.000394 0.000472 0.000436 0.000354 0.000333 0.000496 0.000576 0.000944 0.000658 0.001331 0.001578 0.001499 0.001771 0.002121
0.000081 0.000060 0.000096 0.000107 0.000120 0.000096 0.000100 0.000097 0.000080 0.000065 0.000095 0.000073 0.000091 0.000090 0.000086 0.000108 0.000098 0.000091 0.000091 0.000104 0.000121 0.000098 0.000097 0.000103 0.000110 0.000101 0.000107 0.000088 0.000093 0.000078 0.000091 0.000100 0.000139 0.000117 0.000102 0.000125 0.000114 0.000119 0.000326 0.000166 0.000183 0.000169 0.000173 0.000231 0.000246 0.000519 0.000298 0.000308 0.000313 0.000325 0.000382 0.000462 0.000483 0.000388 0.000382 0.000478 0.000617 0.000994 0.000684 0.001351 0.001279 0.001752 0.001607 0.002025
0.000077 0.000067 0.000101 0.000103 0.000118 0.000086 0.000094 0.000094 0.000076 0.000071 0.000102 0.000072 0.000093 0.000086 0.000094 0.000111 0.000098 0.000103 0.000097 0.000095 0.000127 0.000099 0.000101 0.000111 0.000112 0.000095 0.000099 0.000081 0.000103 0.000086 0.000102 0.000096 0.000133 0.000123 0.000100 0.000131 0.000115 0.000122 0.000276 0.000170 0.000195 0.000175 0.000182 0.000240 0.000215 0.000522 0.000321 0.000338 0.000286 0.000367 0.000403 0.000465 0.000459 0.000372 0.000376 0.000519 0.000589 0.000981 0.000685 0.001360 0.001538 0.001573 0.001971 0.001934
0.000079 0.000075 0.000101 0.000105 0.000124 0.000099 0.000095 0.000112 0.000090 0.000071 0.000097 0.000076 0.000097 0.000094 0.000100 0.000123 0.000107 0.000100 0.000101 0.000107 0.000126 0.000098 0.000111 0.000114 0.000114 0.000094 0.000106 0.000095 0.000103 0.000085 0.000101 0.000114 0.000150 0.000123 0.000108 0.000135 0.000117 0.000132 0.000332 0.000162 0.000192 0.000165 0.000164 0.000220 0.000225 0.000632 0.000308 0.000306 0.000309 0.000350 0.000439 0.000476 0.000486 0.000405 0.000410 0.000534 0.000680 0.001047 0.000766 0.001376 0.001582 0.001879 0.001929 0.002170
0.000081 0.000071 0.000106 0.000095 0.000117 0.000104 0.000093 0.000094 0.000072 0.000069 0.000092 0.000075 0.000093 0.000097 0.000099 0.000120 0.000101 0.000098 0.000107 0.000095 0.000119 0.000097 0.000104 0.000114 0.000117 0.000092 0.000112 0.000087 0.000096 0.000089 0.000106 0.000110 0.000137 0.000119 0.000104 0.000126 0.000121 0.000121 0.000331 0.000185 0.000203 0.000161 0.000171 0.000222 0.000230 0.000590 0.000270 0.000290 0.000297 0.000342 0.000438 0.000493 0.000463 0.000428 0.000406 0.000530 0.000603 0.000878 0.000675 0.001174 0.001289 0.001536 0.001905 0.001928
0.000071 0.000074 0.000095 0.000094 0.000101 0.000088 0.000093 0.000098 0.000079 0.000069 0.000096 0.000069 0.000092 0.000096 0.000097 0.000115 0.000093 0.000100 0.000099 0.000101 0.000120 0.000094 0.000099 0.000105 0.000116 0.000089 0.000097 0.000090 0.000095 0.000081 0.000100 0.000105 0.000134 0.000121 0.000104 0.000128 0.000116 0.000123 0.000289 0.000163 0.000174 0.000156 0.000178 0.000231 0.000248 0.000578 0.000288 0.000313 0.000310 0.000345 0.000415 0.000472 0.000476 0.000392 0.000356 0.000482 0.000594 0.000832 0.000669 0.001147 0.001406 0.001573 0.001511 0.002104
0.000066 0.000068 0.000107 0.000100 0.000115 0.000089 0.000086 0.000109 0.000081 0.000073 0.000086 0.000069 0.000096 0.000094 0.000090 0.000111 0.000100 0.000096 0.000092 0.000099 0.000119 0.000090 0.000102 0.000107 0.000111 0.000090 0.000100 0.000080 0.000094 0.000077 0.000100 0.000105 0.000136 0.000118 0.000095 0.000122 0.000117 0.000124 0.000273 0.000169 0.000188 0.000165 0.000175 0.000206 0.000238 0.000494 0.000269 0.000298 0.000288 0.000340 0.000393 0.000462 0.000462 0.000407 0.000350 0.000501 0.000566 0.000947 0.000617 0.001275 0.001437 0.001407 0.001669 0.002193
0.000072 0.000067 0.000098 0.000108 0.000108 0.000092 0.000090 0.000099 0.000082 0.000067 0.000094 0.000075 0.000093 0.000086 0.000089 0.000101 0.000094 0.000084 0.000093 0.000098 0.000121 0.000092 0.000096 0.000102 0.000101 0.000089 0.000097 0.000086 0.000095 0.000077 0.000101 0.000116 0.000128 0.000106 0.000110 0.000115 0.000114 0.000123 0.000306 0.000157 0.000177 0.000154 0.000176 0.000247 0.000239 0.000519 0.000251 0.000312 0.000304 0.000335 0.000388 0.000465 0.000434 0.000364 0.000360 0.000433 0.000551 0.000980 0.000668 0.001229 0.001429 0.001435 0.001705 0.002146
0.000073 0.000062 0.000094 0.000105 0.000100 0.000094 0.000084 0.000103 0.000077 0.000069 0.000099 0.000069 0.000095 0.000090 0.000096 0.000102 0.000097 0.000097 0.000092 0.000094 0.000112 0.000088 0.000099 0.000106 0.000098 0.000093 0.000095 0.000085 0.000091 0.000080 0.000094 0.000099 0.000128 0.000116 0.000097 0.000128 0.000112 0.000118 0.000330 0.000163 0.000176 0.000154 0.000183 0.000235 0.000228 0.000547 0.000261 0.000308 0.000290 0.000325 0.000375 0.000439 0.000444 0.000396 0.000371 0.000474 0.000617 0.000790 0.000646 0.001292 0.001264 0.001659 0.001735 0.001746
0.000070 0.000070 0.000100 0.000104 0.000122 0.000090 0.000099 0.000106 0.000071 0.000069 0.000090 0.000067 0.000093 0.000085 0.000094 0.000106 0.000100 0.000093 0.000097 0.000100 0.000119 0.000092 0.000100 0.000104 0.000112 0.000091 0.000097 0.000089 0.000095 0.000082 0.000097 0.000111 0.000126 0.000105 0.000100 0.000125 0.000119 0.000119 0.000278 0.000158 0.000179 0.000160 0.000181 0.000240 0.000223 0.000552 0.000297 0.000315 0.000312 0.000319 0.000377 0.000433 0.000453 0.000397 0.000357 0.000477 0.000504 0.000972 0.000613 0.001196 0.001611 0.001528 0.001724 0.002017
0.000076 0.000067 0.000100 0.000103 0.000115 0.000090 0.000087 0.000105 0.000084 0.000074 0.000094 0.000072 0.000093 0.000088 0.000095 0.000104 0.000102 0.000097 0.000100 0.000103 0.000126 0.000093 0.000099 0.000104 0.000103 0.000100 0.000109 0.000084 0.000097 0.000082 0.000099 0.000107 0.000129 0.000110 0.000102 0.000135 0.000118 0.000118 0.000311 0.000164 0.000195 0.000158 0.000199 0.000219 0.000208 0.000502 0.000308 0.000299 0.000304 0.000342 0.000383 0.000434 0.000445 0.000397 0.000363 0.000459 0.000518 0.000940 0.000569 0.001247 0.001367 0.001621 0.001851 0.002098
0.000077 0.000068 0.000105 0.000106 0.000123 0.000096 0.000091 0.000113 0.000077 0.000072 0.000102 0.000075 0.000097 0.000093 0.000092 0.000117 0.000108 0.000097 0.000105 0.000105 0.000121 0.000098 0.000100 0.000117 0.000110 0.000097 0.000109 0.000091 0.000102 0.000083 0.000100 0.000101 0.000138 0.000113 0.000104 0.000140 0.000118 0.000128 0.000309 0.000162 0.000204 0.000160 0.000174 0.000249 0.000221 0.000539 0.000342 0.000293 0.000304 0.000361 0.000413 0.000486 0.000490 0.000393 0.000354 0.000509 0.000586 0.000961 0.000674 0.001272 0.001646 0.001666 0.001833 0.002197
0.000074 0.000069 0.000105 0.000106 0.000137 0.000093 0.000096 0.000107 0.000086 0.000079 0.000102 0.000081 0.000103 0.000099 0.000099 0.000130 0.000103 0.000097 0.000113 0.000115 0.000124 0.000099 0.000109 0.000117 0.000116 0.000103 0.000110 0.000095 0.000112 0.000084 0.000105 0.000111 0.000147 0.000118 0.000110 0.000134 0.000129 0.000127 0.000337 0.000170 0.000182 0.000160 0.000194 0.000254 0.000217 0.000602 0.000307 0.000356 0.000336 0.000387 0.000442 0.000503 0.000550 0.000387 0.000392 0.000528 0.000613 0.000965 0.000747 0.001363 0.001537 0.001704 0.001946 0.002374
0.000083 0.000074 0.000108 0.000103 0.000118 0.000104 0.000103 0.000106 0.000087 0.000077 0.000103 0.000080 0.000104 0.000104 0.000096 0.000136 0.000113 0.000101 0.000116 0.000121 0.000142 0.000103 0.000106 0.000122 0.000132 0.000108 0.000118 0.000096 0.000104 0.000089 0.000111 0.000115 0.000140 0.000138 0.000116 0.000132 0.000129 0.000126 0.000362 0.000179 0.000208 0.000174 0.000196 0.000282 0.000254 0.000555 0.000325 0.000348 0.000373 0.000381 0.000450 0.000497 0.000549 0.000431 0.000473 0.000682 0.000903 0.001114 0.000774 0.001329 0.001362 0.001923 0.002050 0.002128
0.000077 0.000071 0.000103 0.000095 0.000124 0.000098 0.000099 0.000098 0.000083 0.000069 0.000097 0.000079 0.000096 0.000092 0.000098 0.000128 0.000105 0.000097 0.000104 0.000099 0.000129 0.000099 0.000101 0.000113 0.000126 0.000098 0.000110 0.000090 0.000095 0.000085 0.000100 0.000115 0.000131 0.000119 0.000112 0.000125 0.000132 0.000121 0.000272 0.000161 0.000188 0.000175 0.000189 0.000229 0.000242 0.000549 0.000297 0.000319 0.000304 0.000337 0.000413 0.000467 0.000475 0.000431 0.000464 0.000579 0.000762 0.001075 0.000788 0.001207 0.001359 0.001603 0.001677 0.001919
0.000068 0.000064 0.000093 0.000095 0.000105 0.000091 0.000092 0.000095 0.000074 0.000067 0.000099 0.000070 0.000092 0.000088 0.000094 0.000115 0.000095 0.000094 0.000101 0.000101 0.000128 0.000099 0.000099 0.000106 0.000113 0.000088 0.000096 0.000083 0.000096 0.000087 0.000098 0.000106 0.000139 0.000110 0.000101 0.000132 0.000114 0.000121 0.000296 0.000172 0.000178 0.000167 0.000180 0.000218 0.000230 0.000512 0.000289 0.000292 0.000287 0.000322 0.000386 0.000469 0.000497 0.000409 0.000411 0.000534 0.000676 0.000999 0.000735 0.001360 0.001320 0.001640 0.001651 0.002008
0.000068 0.000063 0.000089 0.000092 0.000115 0.000090 0.000095 0.000094 0.000079 0.000068 0.000094 0.000072 0.000091 0.000096 0.000094 0.000109 0.000105 0.000097 0.000099 0.000093 0.000118 0.000090 0.000094 0.000109 0.000101 0.000092 0.000098 0.000082 0.000091 0.000084 0.000098 0.000106 0.000130 0.000108 0.000108 0.000131 0.000114 0.000113 0.000322 0.000162 0.000192 0.000159 0.000184 0.000215 0.000236 0.000519 0.000284 0.000314 0.000305 0.000326 0.000397 0.000439 0.000439 0.000379 0.000386 0.000522 0.000606 0.000902 0.000687 0.001267 0.001299 0.001458 0.001750 0.002015
0.000071 0.000065 0.000093 0.000111 0.000111 0.000101 0.000090 0.000100 0.000086 0.000067 0.000095 0.000068 0.000095 0.000089 0.000090 0.000118 0.000098 0.000098 0.000098 0.000093 0.000115 0.000086 0.000097 0.000103 0.000108 0.000088 0.000105 0.000083 0.000092 0.000081 0.000092 0.000101 0.000134 0.000120 0.000104 0.000126 0.000114 0.000116 0.000303 0.000167 0.000184 0.000162 0.000171 0.000222 0.000232 0.000494 0.000270 0.000293 0.000274 0.000342 0.000398 0.000454 0.000414 0.000377 0.000369 0.000475 0.000628 0.000927 0.000714 0.001181 0.001351 0.001331 0.001774 0.002119
0.000078 0.000071 0.000100 0.000100 0.000121 0.000087 0.000092 0.000106 0.000084 0.000068 0.000098 0.000073 0.000091 0.000089 0.000091 0.000115 0.000096 0.000096 0.000092 0.000106 0.000105 0.000097 0.000101 0.000105 0.000104 0.000086 0.000101 0.000081 0.000095 0.000080 0.000096 0.000105 0.000127 0.000114 0.000103 0.000135 0.000117 0.000122 0.000319 0.000161 0.000180 0.000148 0.000180 0.000217 0.000225 0.000512 0.000285 0.000300 0.000305 0.000339 0.000390 0.000458 0.000457 0.000374 0.000360 0.000484 0.000596 0.000934 0.000624 0.001104 0.001475 0.001431 0.002021 0.002271
0.000077 0.000071 0.000105 0.000108 0.000116 0.000092 0.000097 0.000095 0.000077 0.000069 0.000094 0.000073 0.000097 0.000093 0.000096 0.000112 0.000106 0.000086 0.000095 0.000100 0.000124 0.000098 0.000097 0.000101 0.000114 0.000094 0.000095 0.000083 0.000095 0.000078 0.000097 0.000099 0.000136 0.000115 0.000106 0.000123 0.000116 0.000121 0.000310 0.000158 0.000182 0.000158 0.000179 0.000218 0.000224 0.000509 0.000294 0.000311 0.000269 0.000348 0.000398 0.000451 0.000448 0.000376 0.000341 0.000481 0.000562 0.000878 0.000677 0.001167 0.001420 0.001315 0.001847 0.002183
0.000077 0.000065 0.000096 0.000106 0.000127 0.000097 0.000100 0.000101 0.000087 0.000070 0.000107 0.000073 0.000094 0.000091 0.000100 0.000115 0.000107 0.000100 0.000095 0.000102 0.000119 0.000092 0.000110 0.000113 0.000113 0.000089 0.000104 0.000087 0.000098 0.000082 0.000096 0.000109 0.000143 0.000100 0.000105 0.000126 0.000115 0.000131 0.000324 0.000169 0.000193 0.000166 0.000178 0.000215 0.000216 0.000517 0.000303 0.000327 0.000311 0.000352 0.000399 0.000482 0.000464 0.000357 0.000349 0.000466 0.000584 0.000858 0.000648 0.001372 0.001548 0.001726 0.001959 0.002092
0.000085 0.000072 0.000106 0.000112 0.000119 0.000100 0.000102 0.000112 0.000082 0.000075 0.000101 0.000076 0.000107 0.000104 0.000106 0.000124 0.000106 0.000092 0.000104 0.000105 0.000123 0.000105 0.000107 0.000113 0.000112 0.000091 0.000108 0.000090 0.000095 0.000090 0.000098 0.000103 0.000136 0.000121 0.000111 0.000135 0.000138 0.000126 0.000325 0.000176 0.000196 0.000179 0.000185 0.000239 0.000220 0.000546 0.000313 0.000324 0.000307 0.000347 0.000428 0.000487 0.000487 0.000403 0.000389 0.000511 0.000577 0.000954 0.000698 0.001232 0.001566 0.001701 0.001667 0.002326
0.000091 0.000077 0.000125 0.000122 0.000145 0.000112 0.000112 0.000105 0.000100 0.000082 0.000110 0.000080 0.000108 0.000102 0.000109 0.000129 0.000113 0.000104 0.000111 0.000114 0.000133 0.000114 0.000116 0.000119 0.000121 0.000100 0.000121 0.000098 0.000108 0.000095 0.000116 0.000122 0.000147 0.000118 0.000109 0.000143 0.000128 0.000136 0.000352 0.000182 0.000214 0.000193 0.000208 0.000247 0.000256 0.000615 0.000350 0.000348 0.000346 0.000400 0.000467 0.000531 0.000531 0.000433 0.000377 0.000489 0.000613 0.001033 0.000733 0.001334 0.001767 0.001704 0.002152 0.002661
0.000082 0.000073 0.000111 0.000109 0.000132 0.000103 0.000089 0.000107 0.000085 0.000072 0.000098 0.000077 0.000093 0.000089 0.000093 0.000114 0.000108 0.000092 0.000096 0.000107 0.000115 0.000097 0.000106 0.000119 0.000118 0.000097 0.000094 0.000089 0.000099 0.000089 0.000100 0.000107 0.000144 0.000111 0.000104 0.000126 0.000122 0.000124 0.000341 0.000155 0.000199 0.000155 0.000177 0.000247 0.000251 0.000571 0.000302 0.000320 0.000316 0.000362 0.000445 0.000478 0.000461 0.000416 0.000391 0.000562 0.000690 0.001027 0.000778 0.001392 0.001458 0.001610 0.001694 0.002068
0.000077 0.000072 0.000105 0.000105 0.000124 0.000099 0.000099 0.000109 0.000085 0.000072 0.000093 0.000069 0.000097 0.000089 0.000096 0.000103 0.000101 0.000091 0.000095 0.000096 0.000123 0.000091 0.000096 0.000103 0.000112 0.000089 0.000103 0.000086 0.000092 0.000083 0.000098 0.000101 0.000142 0.000119 0.000105 0.000130 0.000115 0.000122 0.000306 0.000167 0.000168 0.000149 0.000172 0.000224 0.000241 0.000469 0.000289 0.000352 0.000297 0.000344 0.000378 0.000446 0.000463 0.000405 0.000389 0.000475 0.000632 0.001003 0.000723 0.001253 0.001544 0.001564 0.001671 0.002171
0.000080 0.000067 0.000113 0.000100 0.000117 0.000094 0.000086 0.000105 0.000080 0.000070 0.000101 0.000074 0.000089 0.000091 0.000088 0.000118 0.000101 0.000090 0.000102 0.000102 0.000115 0.000092 0.000099 0.000108 0.000114 0.000082 0.000094 0.000083 0.000091 0.000080 0.000109 0.000101 0.000143 0.000113 0.000108 0.000127 0.000113 0.000116 0.000307 0.000149 0.000204 0.000164 0.000178 0.000213 0.000208 0.000593 0.000320 0.000326 0.000292 0.000341 0.000412 0.000445 0.000434 0.000400 0.000378 0.000522 0.000633 0.000939 0.000677 0.001180 0.001376 0.001667 0.001643 0.002097
0.000073 0.000072 0.000100 0.000094 0.000120 0.000092 0.000083 0.000097 0.000077 0.000066 0.000090 0.000069 0.000090 0.000095 0.000092 0.000112 0.000101 0.000096 0.000095 0.000098 0.000119 0.000088 0.000104 0.000110 0.000117 0.000091 0.000098 0.000086 0.000095 0.000079 0.000092 0.000096 0.000131 0.000106 0.000102 0.000120 0.000110 0.000114 0.000278 0.000160 0.000176 0.000152 0.000164 0.000227 0.000219 0.000561 0.000293 0.000312 0.000292 0.000355 0.000391 0.000464 0.000441 0.000389 0.000390 0.000485 0.000561 0.001058 0.000642 0.001078 0.001492 0.001557 0.001630 0.001945
0.000075 0.000067 0.000095 0.000105 0.000109 0.000089 0.000090 0.000102 0.000079 0.000067 0.000088 0.000068 0.000089 0.000088 0.000091 0.000117 0.000093 0.000092 0.000107 0.000094 0.000115 0.000091 0.000099 0.000112 0.000104 0.000097 0.000097 0.000086 0.000093 0.000079 0.000096 0.000102 0.000115 0.000108 0.000101 0.000131 0.000115 0.000122 0.000317 0.000164 0.000182 0.000158 0.000162 0.000210 0.000224 0.000522 0.000293 0.000309 0.000300 0.000339 0.000377 0.000441 0.000461 0.000393 0.000368 0.000499 0.000555 0.000931 0.000657 0.001242 0.001322 0.001495 0.001675 0.001986
0.000074 0.000068 0.000105 0.000103 0.000114 0.000091 0.000089 0.000100 0.000075 0.000069 0.000094 0.000068 0.000095 0.000090 0.000097 0.000119 0.000096 0.000103 0.000095 0.000098 0.000129 0.000092 0.000102 0.000105 0.000106 0.000088 0.000098 0.000081 0.000096 0.000083 0.000092 0.000090 0.000127 0.000116 0.000109 0.000116 0.000111 0.000117 0.000312 0.000163 0.000179 0.000158 0.000171 0.000224 0.000209 0.000512 0.000264 0.000308 0.000293 0.000342 0.000392 0.000415 0.000421 0.000377 0.000368 0.000505 0.000534 0.000894 0.000658 0.001191 0.001334 0.001481 0.001756 0.001988
0.000072 0.000068 0.000091 0.000099 0.000110 0.000096 0.000086 0.000102 0.000088 0.000068 0.000084 0.000070 0.000097 0.000089 0.000097 0.000106 0.000099 0.000091 0.000103 0.000100 0.000122 0.000095 0.000101 0.000101 0.000104 0.000098 0.000101 0.000083 0.000092 0.000078 0.000089 0.000112 0.000129 0.000103 0.000088 0.000118 0.000114 0.000129 0.000293 0.000158 0.000193 0.000166 0.000161 0.000238 0.000219 0.000514 0.000255 0.000282 0.000290 0.000337 0.000388 0.000456 0.000420 0.000376 0.000364 0.000492 0.000545 0.000967 0.000624 0.001115 0.001372 0.001638 0.001653 0.002217
0.000073 0.000067 0.000103 0.000105 0.000115 0.000091 0.000091 0.000098 0.000076 0.000068 0.000086 0.000073 0.000095 0.000087 0.000094 0.000115 0.000098 0.000088 0.000089 0.000104 0.000112 0.000086 0.000101 0.000103 0.000116 0.000091 0.000094 0.000093 0.000094 0.000081 0.000098 0.000107 0.000135 0.000117 0.000109 0.000130 0.000110 0.000122 0.000311 0.000176 0.000189 0.000162 0.000165 0.000226 0.000242 0.000488 0.000283 0.000312 0.000289 0.000342 0.000398 0.000427 0.000457 0.000368 0.000363 0.000420 0.000553 0.001034 0.000623 0.001292 0.001352 0.001604 0.001784 0.002044
0.000070 0.000067 0.000102 0.000105 0.000113 0.000095 0.000087 0.000112 0.000076 0.000068 0.000092 0.000071 0.000091 0.000092 0.000101 0.000112 0.000107 0.000093 0.000093 0.000106 0.000122 0.000086 0.000101 0.000111 0.000114 0.000089 0.000106 0.000086 0.000096 0.000081 0.000099 0.000111 0.000136 0.000112 0.000102 0.000128 0.000113 0.000116 0.000330 0.000162 0.000182 0.000149 0.000168 0.000225 0.000246 0.000500 0.000289 0.000302 0.000301 0.000328 0.000421 0.000468 0.000458 0.000373 0.000381 0.000457 0.000622 0.001041 0.000650 0.001217 0.001568 0.001740 0.001741 0.002431
0.000075 0.000067 0.000100 0.000106 0.000122 0.000096 0.000092 0.000099 0.000087 0.000070 0.000101 0.000074 0.000096 0.000090 0.000093 0.000121 0.000103 0.000096 0.000095 0.000096 0.000115 0.000096 0.000105 0.000103 0.000105 0.000094 0.000100 0.000088 0.000098 0.000084 0.000095 0.000113 0.000129 0.000117 0.000100 0.000128 0.000116 0.000130 0.000325 0.000174 0.000200 0.000159 0.000176 0.000217 0.000237 0.000539 0.000303 0.000317 0.000317 0.000355 0.000428 0.000464 0.000502 0.000383 0.000363 0.000516 0.000569 0.001066 0.000748 0.001407 0.001545 0.001539 0.002074 0.002258
0.000096 0.000079 0.000143 0.000123 0.000150 0.000122 0.000113 0.000124 0.000109 0.000087 0.000129 0.000087 0.000115 0.000110 0.000114 0.000136 0.000117 0.000118 0.000124 0.000125 0.000157 0.000120 0.000130 0.000132 0.000134 0.000116 0.000124 0.000104 0.000122 0.000104 0.000133 0.000130 0.000180 0.000138 0.000126 0.000154 0.000153 0.000146 0.000368 0.000201 0.000239 0.000199 0.000193 0.000276 0.000269 0.000621 0.000332 0.000384 0.000342 0.000383 0.000487 0.000529 0.000510 0.000442 0.000395 0.000529 0.000633 0.001242 0.000754 0.001438 0.001514 0.001695 0.002055 0.002233
0.000076 0.000065 0.000092 0.000094 0.000117 0.000088 0.000086 0.000100 0.000073 0.000071 0.000092 0.000069 0.000097 0.000091 0.000093 0.000116 0.000101 0.000086 0.000107 0.000101 0.000114 0.000094 0.000103 0.000108 0.000105 0.000096 0.000103 0.000082 0.000094 0.000076 0.000097 0.000102 0.000138 0.000104 0.000096 0.000132 0.000111 0.000119 0.000291 0.000156 0.000193 0.000152 0.000167 0.000210 0.000229 0.000504 0.000306 0.000316 0.000313 0.000343 0.000429 0.000436 0.000462 0.000395 0.000344 0.000478 0.000574 0.000917 0.000681 0.001147 0.001440 0.001602 0.001668 0.002102
0.000071 0.000067 0.000095 0.000098 0.000122 0.000087 0.000098 0.000105 0.000074 0.000068 0.000094 0.000071 0.000090 0.000089 0.000092 0.000113 0.000099 0.000092 0.000092 0.000098 0.000119 0.000087 0.000099 0.000099 0.000108 0.000084 0.000100 0.000079 0.000096 0.000076 0.000093 0.000101 0.000125 0.000094 0.000100 0.000121 0.000117 0.000123 0.000300 0.000163 0.000206 0.000154 0.000164 0.000211 0.000231 0.000531 0.000284 0.000296 0.000294 0.000328 0.000383 0.000444 0.000459 0.000367 0.000337 0.000462 0.000591 0.000938 0.000591 0.001202 0.001179 0.001662 0.001656 0.002251
0.000071 0.000065 0.000107 0.000097 0.000122 0.000095 0.000089 0.000096 0.000081 0.000067 0.000100 0.000068 0.000094 0.000085 0.000091 0.000118 0.000102 0.000092 0.000095 0.000101 0.000114 0.000092 0.000091 0.000104 0.000109 0.000089 0.000097 0.000089 0.000094 0.000080 0.000094 0.000101 0.000133 0.000118 0.000103 0.000125 0.000115 0.000117 0.000321 0.000159 0.000176 0.000165 0.000177 0.000227 0.000213 0.000519 0.000280 0.000303 0.000295 0.000325 0.000393 0.000440 0.000442 0.000382 0.000355 0.000470 0.000576 0.000925 0.000632 0.001235 0.001294 0.001520 0.001821 0.002277
0.000077 0.000070 0.000102 0.000107 0.000129 0.000101 0.000100 0.000102 0.000080 0.000069 0.000091 0.000075 0.000091 0.000093 0.000094 0.000125 0.000109 0.000093 0.000098 0.000105 0.000131 0.000098 0.000110 0.000108 0.000107 0.000091 0.000106 0.000089 0.000100 0.000079 0.000097 0.000101 0.000137 0.000115 0.000107 0.000131 0.000123 0.000112 0.000355 0.000176 0.000176 0.000165 0.000186 0.000226 0.000224 0.000568 0.000311 0.000308 0.000289 0.000374 0.000396 0.000443 0.000461 0.000383 0.000370 0.000483 0.000584 0.000888 0.000725 0.001265 0.001353 0.001514 0.001865 0.002156
0.000078 0.000071 0.000112 0.000105 0.000120 0.000099 0.000096 0.000112 0.000085 0.000071 0.000099 0.000075 0.000094 0.000104 0.000100 0.000111 0.000107 0.000104 0.000121 0.000114 0.000126 0.000101 0.000111 0.000128 0.000123 0.000099 0.000111 0.000095 0.000106 0.000089 0.000111 0.000118 0.000142 0.000121 0.000106 0.000129 0.000123 0.000121 0.000292 0.000176 0.000199 0.000182 0.000172 0.000241 0.000240 0.000589 0.000315 0.000320 0.000322 0.000349 0.000435 0.000497 0.000502 0.000442 0.000470 0.000615 0.000742 0.000997 0.000755 0.001291 0.001456 0.001730 0.001717 0.002019
0.000089 0.000076 0.000116 0.000115 0.000129 0.000116 0.000117 0.000116 0.000098 0.000083 0.000118 0.000078 0.000104 0.000109 0.000107 0.000146 0.000114 0.000112 0.000124 0.000120 0.000133 0.000110 0.000112 0.000124 0.000126 0.000102 0.000116 0.000099 0.000115 0.000097 0.000111 0.000126 0.000149 0.000122 0.000127 0.000137 0.000144 0.000125 0.000313 0.000177 0.000193 0.000190 0.000203 0.000248 0.000242 0.000547 0.000340 0.000330 0.000331 0.000379 0.000442 0.000583 0.000580 0.000523 0.000559 0.000807 0.001041 0.001086 0.000958 0.001560 0.001573 0.001919 0.001965 0.002258
0.000159 0.000161 0.000237 0.000235 0.000254 0.000629 0.000613 0.000216 0.000513 0.000149 0.000240 0.000155 0.000223 0.000658 0.000495 0.000630 0.000208 0.000588 0.000658 0.000446 0.000495 0.000376 0.000197 0.000376 0.000392 0.000385 0.000368 0.000303 0.000303 0.000250 0.000299 0.000315 0.000348 0.000322 0.000272 0.000221 0.000311 0.000297 0.000592 0.000299 0.000342 0.000366 0.000447 0.000522 0.000443 0.001073 0.000778 0.000838 0.000906 0.001194 0.001358 0.001532 0.001350 0.001388 0.001769 0.002418 0.002958 0.002574 0.002550 0.002282 0.003282 0.002728 0.002756 0.004889
0.000783 0.000994 0.000956 0.001026 0.000949 0.014009 0.013828 0.000962 0.011855 0.000606 0.001248 0.000686 0.001891 0.019249 0.011408 0.013722 0.000973 0.015832 0.020412 0.010557 0.009119 0.008027 0.000746 0.007045 0.007891 0.009167 0.006583 0.005571 0.005623 0.004507 0.005015 0.005226 0.004449 0.004514 0.003673 0.000728 0.004623 0.003660 0.003819 0.001299 0.000983 0.003388 0.004668 0.004363 0.004019 0.007301 0.007076 0.007476 0.007983 0.010552 0.013298 0.014773 0.019828 0.041625 0.054708 0.076350 0.105544 0.036348 0.029197 0.005920 0.019215 0.008059 0.006771 0.017660
0.005158 0.005774 0.004394 0.004735 0.004326 0.209939 0.211458 0.003919 0.187170 0.002853 0.007252 0.003019 0.023545 0.381829 0.212745 0.248165 0.005256 0.315562 0.509553 0.222885 0.158327 0.158467 0.003817 0.139324 0.148678 0.219459 0.129220 0.122412 0.113217 0.091523 0.098951 0.106293 0.080998 0.077505 0.066066 0.003041 0.082269 0.057103 0.025338 0.006847 0.003528 0.050391 0.048970 0.052002 0.059408 0.067541 0.074552 0.070874 0.068634 0.096375 0.131713 0.157570 0.248394 0.376490 0.389020 0.425983 0.509325 0.183439 0.101357 0.019706 0.066260 0.028125 0.021710 0.066760
0.000113 0.000109 0.000169 0.000160 0.000197 0.000157 0.000155 0.000160 0.000133 0.000111 0.000158 0.000112 0.000140 0.000133 0.000142 0.000177 0.000164 0.000152 0.000155 0.000150 0.000157 0.000140 0.000153 0.000156 0.000161 0.000137 0.000156 0.000134 0.000145 0.000129 0.000163 0.000182 0.000216 0.000164 0.000161 0.000188 0.000178 0.000174 0.000459 0.000239 0.000264 0.000234 0.000254 0.000327 0.000326 0.000803 0.000387 0.000407 0.000421 0.000449 0.000524 0.000619 0.000589 0.000536 0.000449 0.000592 0.000793 0.001267 0.000784 0.001926 0.001996 0.002140 0.002413 0.002947
0.000081 0.000073 0.000109 0.000110 0.000124 0.000100 0.000092 0.000106 0.000081 0.000077 0.000104 0.000073 0.000100 0.000095 0.000096 0.000114 0.000105 0.000096 0.000098 0.000103 0.000120 0.000105 0.000108 0.000118 0.000110 0.000086 0.000103 0.000083 0.000105 0.000083 0.000106 0.000114 0.000149 0.000136 0.000114 0.000132 0.000117 0.000121 0.000300 0.000179 0.000188 0.000169 0.000186 0.000232 0.000247 0.000553 0.000318 0.000314 0.000308 0.000342 0.000388 0.000489 0.000430 0.000403 0.000363 0.000455 0.000594 0.000989 0.000666 0.001370 0.001554 0.001648 0.001749 0.002337
0.000086 0.000068 0.000112 0.000119 0.000129 0.000104 0.000106 0.000107 0.000088 0.000076 0.000107 0.000075 0.000098 0.000090 0.000097 0.000124 0.000100 0.000101 0.000100 0.000105 0.000121 0.000104 0.000115 0.000109 0.000113 0.000096 0.000111 0.000095 0.000103 0.000087 0.000114 0.000116 0.000159 0.000127 0.000107 0.000139 0.000120 0.000137 0.000303 0.000177 0.000207 0.000163 0.000181 0.000242 0.000244 0.000579 0.000329 0.000288 0.000305 0.000352 0.000404 0.000506 0.000466 0.000402 0.000386 0.000493 0.000605 0.000964 0.000648 0.001220 0.001478 0.001652 0.001906 0.002166
0.000084 0.000073 0.000109 0.000122 0.000130 0.000097 0.000099 0.000109 0.000084 0.000072 0.000112 0.000072 0.000095 0.000096 0.000095 0.000130 0.000104 0.000090 0.000098 0.000104 0.000135 0.000100 0.000101 0.000111 0.000121 0.000092 0.000114 0.000085 0.000107 0.000083 0.000096 0.000103 0.000143 0.000122 0.000110 0.000140 0.000124 0.000136 0.000315 0.000169 0.000186 0.000162 0.000183 0.000244 0.000223 0.000535 0.000272 0.000310 0.000320 0.000338 0.000410 0.000483 0.000450 0.000376 0.000375 0.000481 0.000554 0.000954 0.000674 0.001302 0.001480 0.001567 0.001650 0.002050
0.000076 0.000066 0.000101 0.000113 0.000124 0.000096 0.000094 0.000111 0.000089 0.000074 0.000103 0.000077 0.000092 0.000090 0.000093 0.000113 0.000104 0.000094 0.000101 0.000106 0.000126 0.000095 0.000104 0.000106 0.000112 0.000090 0.000102 0.000085 0.000097 0.000081 0.000101 0.000107 0.000129 0.000112 0.000110 0.000131 0.000113 0.000126 0.000310 0.000163 0.000192 0.000165 0.000187 0.000216 0.000231 0.000493 0.000263 0.000298 0.000304 0.000350 0.000396 0.000459 0.000454 0.000394 0.000360 0.000449 0.000584 0.000913 0.000692 0.001165 0.001505 0.001611 0.001945 0.002279
0.000080 0.000072 0.000104 0.000106 0.000128 0.000091 0.000090 0.000108 0.000087 0.000069 0.000097 0.000077 0.000097 0.000096 0.000095 0.000113 0.000106 0.000089 0.000102 0.000100 0.000118 0.000092 0.000100 0.000110 0.000106 0.000089 0.000109 0.000089 0.000100 0.000080 0.000100 0.000114 0.000146 0.000118 0.000108 0.000136 0.000116 0.000132 0.000276 0.000171 0.000201 0.000168 0.000190 0.000229 0.000220 0.000566 0.000304 0.000279 0.000321 0.000360 0.000394 0.000477 0.000459 0.000383 0.000352 0.000483 0.000555 0.000994 0.000627 0.001205 0.001439 0.001444 0.001632 0.002059
0.000076 0.000069 0.000111 0.000108 0.000123 0.000097 0.000092 0.000107 0.000087 0.000070 0.000098 0.000074 0.000094 0.000086 0.000098 0.000121 0.000102 0.000096 0.000097 0.000102 0.000123 0.000093 0.000098 0.000109 0.000110 0.000091 0.000104 0.000092 0.000100 0.000082 0.000098 0.000104 0.000129 0.000119 0.000114 0.000133 0.000123 0.000122 0.000303 0.000155 0.000190 0.000149 0.000185 0.000221 0.000254 0.000545 0.000276 0.000293 0.000294 0.000328 0.000398 0.000456 0.000423 0.000380 0.000348 0.000466 0.000584 0.000957 0.000673 0.001181 0.001494 0.001535 0.001578 0.002274
0.000076 0.000073 0.000101 0.000103 0.000110 0.000092 0.000091 0.000102 0.000086 0.000071 0.000091 0.000072 0.000096 0.000091 0.000090 0.000114 0.000098 0.000091 0.000094 0.000103 0.000118 0.000095 0.000099 0.000101 0.000104 0.000080 0.000097 0.000085 0.000090 0.000083 0.000105 0.000104 0.000124 0.000109 0.000102 0.000125 0.000113 0.000124 0.000266 0.000161 0.000200 0.000153 0.000184 0.000217 0.000223 0.000484 0.000305 0.000297 0.000289 0.000361 0.000388 0.000446 0.000460 0.000372 0.000350 0.000423 0.000607 0.000844 0.000677 0.001219 0.001343 0.001383 0.001670 0.002110
0.000070 0.000062 0.000095 0.000097 0.000127 0.000091 0.000096 0.000096 0.000074 0.000068 0.000091 0.000072 0.000093 0.000094 0.000095 0.000111 0.000099 0.000090 0.000094 0.000100 0.000114 0.000089 0.000101 0.000105 0.000113 0.000084 0.000101 0.000084 0.000094 0.000083 0.000090 0.000107 0.000127 0.000112 0.000096 0.000126 0.000115 0.000118 0.000286 0.000151 0.000203 0.000151 0.000173 0.000217 0.000236 0.000552 0.000267 0.000307 0.000297 0.000339 0.000380 0.000432 0.000455 0.000360 0.000373 0.000505 0.000563 0.000929 0.000634 0.001237 0.001556 0.001748 0.001734 0.002147
0.000084 0.000075 0.000105 0.000119 0.000144 0.000107 0.000099 0.000106 0.000098 0.000078 0.000115 0.000082 0.000101 0.000104 0.000109 0.000128 0.000118 0.000105 0.000104 0.000112 0.000135 0.000106 0.000119 0.000132 0.000120 0.000105 0.000116 0.000098 0.000108 0.000094 0.000111 0.000121 0.000167 0.000125 0.000110 0.000143 0.000142 0.000131 0.000322 0.000170 0.000223 0.000185 0.000207 0.000265 0.000263 0.000569 0.000348 0.000338 0.000333 0.000371 0.000431 0.000519 0.000499 0.000428 0.000426 0.000573 0.000630 0.001081 0.000715 0.001342 0.001463 0.001561 0.001776 0.002385
0.000071 0.000065 0.000109 0.000094 0.000121 0.000091 0.000090 0.000106 0.000077 0.000072 0.000099 0.000076 0.000096 0.000088 0.000087 0.000109 0.000092 0.000091 0.000103 0.000102 0.000125 0.000094 0.000103 0.000106 0.000103 0.000090 0.000097 0.000088 0.000096 0.000082 0.000098 0.000106 0.000135 0.000119 0.000104 0.000126 0.000122 0.000120 0.000294 0.000168 0.000189 0.000152 0.000186 0.000229 0.000239 0.000529 0.000288 0.000319 0.000299 0.000323 0.000389 0.000463 0.000446 0.000380 0.000363 0.000488 0.000564 0.000873 0.000676 0.001333 0.001298 0.001406 0.001603 0.002216
0.000073 0.000066 0.000102 0.000104 0.000128 0.000091 0.000098 0.000101 0.000076 0.000070 0.000095 0.000071 0.000091 0.000096 0.000098 0.000122 0.000105 0.000099 0.000095 0.000093 0.000121 0.000091 0.000100 0.000111 0.000109 0.000091 0.000103 0.000086 0.000100 0.000080 0.000092 0.000106 0.000135 0.000104 0.000104 0.000122 0.000113 0.000117 0.000274 0.000161 0.000186 0.000157 0.000183 0.000224 0.000223 0.000510 0.000299 0.000310 0.000297 0.000329 0.000385 0.000435 0.000448 0.000386 0.000355 0.000448 0.000555 0.000958 0.000667 0.001151 0.001546 0.001507 0.001555 0.002474
0.000073 0.000065 0.000099 0.000097 0.000102 0.000096 0.000090 0.000104 0.000083 0.000071 0.000094 0.000074 0.000093 0.000088 0.000096 0.000119 0.000103 0.000089 0.000088 0.000096 0.000115 0.000090 0.000100 0.000104 0.000103 0.000097 0.000100 0.000083 0.000094 0.000082 0.000095 0.000100 0.000125 0.000111 0.000100 0.000118 0.000113 0.000114 0.000296 0.000167 0.000181 0.000141 0.000168 0.000209 0.000203 0.000462 0.000290 0.000287 0.000302 0.000315 0.000385 0.000420 0.000464 0.000388 0.000379 0.000445 0.000562 0.000868 0.000634 0.001175 0.001390 0.001455 0.001832 0.001977
0.000071 0.000069 0.000096 0.000095 0.000111 0.000091 0.000086 0.000088 0.000077 0.000065 0.000096 0.000068 0.000093 0.000086 0.000088 0.000117 0.000101 0.000088 0.000096 0.000096 0.000130 0.000093 0.000093 0.000100 0.000102 0.000079 0.000101 0.000084 0.000087 0.000081 0.000098 0.000098 0.000128 0.000109 0.000101 0.000122 0.000112 0.000122 0.000288 0.000159 0.000172 0.000159 0.000171 0.000230 0.000225 0.000592 0.000265 0.000306 0.000297 0.000322 0.000378 0.000448 0.000450 0.000386 0.000353 0.000448 0.000593 0.000869 0.000659 0.001121 0.001371 0.001539 0.001689 0.001912
0.000073 0.000066 0.000099 0.000105 0.000115 0.000087 0.000083 0.000089 0.000083 0.000065 0.000091 0.000068 0.000095 0.000085 0.000091 0.000118 0.000104 0.000088 0.000102 0.000098 0.000125 0.000089 0.000098 0.000102 0.000113 0.000100 0.000099 0.000085 0.000092 0.000079 0.000098 0.000103 0.000130 0.000114 0.000098 0.000126 0.000114 0.000121 0.000300 0.000147 0.000186 0.000157 0.000167 0.000244 0.000218 0.000533 0.000293 0.000288 0.000276 0.000341 0.000401 0.000455 0.000460 0.000387 0.000376 0.000490 0.000635 0.000993 0.000626 0.001326 0.001271 0.001567 0.001684 0.002208
0.000076 0.000071 0.000106 0.000105 0.000115 0.000091 0.000094 0.000093 0.000072 0.000072 0.000103 0.000069 0.000094 0.000085 0.000098 0.000116 0.000102 0.000087 0.000097 0.000098 0.000123 0.000097 0.000098 0.000108 0.000112 0.000077 0.000102 0.000085 0.000094 0.000078 0.000089 0.000107 0.000129 0.000109 0.000101 0.000119 0.000110 0.000127 0.000284 0.000169 0.000173 0.000160 0.000159 0.000239 0.000226 0.000514 0.000298 0.000286 0.000298 0.000349 0.000383 0.000447 0.000493 0.000408 0.000366 0.000464 0.000583 0.000976 0.000713 0.001170 0.001332 0.001503 0.001917 0.002095
0.000074 0.000064 0.000099 0.000097 0.000119 0.000091 0.000095 0.000095 0.000082 0.000069 0.000096 0.000069 0.000092 0.000091 0.000093 0.000113 0.000087 0.000099 0.000106 0.000096 0.000110 0.000092 0.000101 0.000110 0.000114 0.000094 0.000101 0.000082 0.000096 0.000079 0.000091 0.000104 0.000128 0.000127 0.000104 0.000127 0.000114 0.000118 0.000309 0.000152 0.000179 0.000163 0.000173 0.000242 0.000221 0.000521 0.000275 0.000268 0.000293 0.000333 0.000393 0.000450 0.000470 0.000369 0.000379 0.000531 0.000580 0.001010 0.000648 0.001252 0.001318 0.001535 0.001921 0.001948
0.000077 0.000072 0.000101 0.000102 0.000112 0.000096 0.000092 0.000101 0.000073 0.000066 0.000097 0.000069 0.000087 0.000096 0.000094 0.000117 0.000097 0.000092 0.000103 0.000106 0.000120 0.000096 0.000103 0.000100 0.000113 0.000100 0.000103 0.000084 0.000092 0.000085 0.000099 0.000107 0.000132 0.000112 0.000106 0.000128 0.000119 0.000121 0.000286 0.000162 0.000181 0.000152 0.000173 0.000222 0.000228 0.000549 0.000284 0.000302 0.000307 0.000331 0.000404 0.000441 0.000490 0.000397 0.000409 0.000509 0.000657 0.000888 0.000706 0.001352 0.001405 0.001729 0.001816 0.002202
0.000075 0.000067 0.000108 0.000104 0.000111 0.000103 0.000085 0.000092 0.000091 0.000068 0.000095 0.000073 0.000092 0.000089 0.000095 0.000113 0.000104 0.000095 0.000105 0.000099 0.000126 0.000093 0.000100 0.000112 0.000117 0.000090 0.000110 0.000088 0.000095 0.000083 0.000096 0.000106 0.000136 0.000115 0.000105 0.000123 0.000120 0.000121 0.000286 0.000168 0.000191 0.000171 0.000178 0.000221 0.000241 0.000599 0.000291 0.000315 0.000301 0.000390 0.000412 0.000475 0.000505 0.000382 0.000418 0.000545 0.000671 0.000955 0.000677 0.001473 0.001324 0.001818 0.002132 0.002120
0.000080 0.000076 0.000102 0.000110 0.000111 0.000098 0.000086 0.000107 0.000082 0.000071 0.000096 0.000072 0.000099 0.000099 0.000099 0.000114 0.000104 0.000105 0.000108 0.000106 0.000129 0.000097 0.000104 0.000112 0.000114 0.000097 0.000113 0.000093 0.000102 0.000091 0.000104 0.000116 0.000140 0.000124 0.000105 0.000124 0.000124 0.000131 0.000349 0.000171 0.000194 0.000183 0.000186 0.000234 0.000262 0.000557 0.000322 0.000331 0.000325 0.000337 0.000446 0.000503 0.000473 0.000418 0.000395 0.000543 0.000671 0.001028 0.000726 0.001391 0.001255 0.001776 0.002130 0.002034
0.000077 0.000071 0.000099 0.000100 0.000116 0.000101 0.000087 0.000105 0.000076 0.000071 0.000094 0.000077 0.000098 0.000085 0.000096 0.000112 0.000093 0.000094 0.000094 0.000092 0.000122 0.000090 0.000103 0.000119 0.000112 0.000092 0.000105 0.000086 0.000093 0.000080 0.000095 0.000101 0.000133 0.000112 0.000103 0.000134 0.000112 0.000123 0.000306 0.000159 0.000184 0.000148 0.000178 0.000240 0.000216 0.000591 0.000263 0.000310 0.000309 0.000350 0.000423 0.000460 0.000442 0.000392 0.000359 0.000422 0.000568 0.001021 0.000671 0.001295 0.001394 0.001666 0.001771 0.001989
0.000076 0.000065 0.000100 0.000102 0.000109 0.000098 0.000088 0.000097 0.000077 0.000072 0.000102 0.000072 0.000094 0.000089 0.000089 0.000112 0.000103 0.000101 0.000098 0.000101 0.000129 0.000087 0.000101 0.000103 0.000111 0.000091 0.000099 0.000080 0.000097 0.000078 0.000093 0.000101 0.000129 0.000115 0.000101 0.000126 0.000112 0.000113 0.000288 0.000163 0.000186 0.000159 0.000163 0.000231 0.000229 0.000495 0.000308 0.000309 0.000306 0.000338 0.000380 0.000482 0.000478 0.000352 0.000344 0.000473 0.000527 0.000925 0.000703 0.001210 0.001529 0.001756 0.001827 0.002259
0.000075 0.000068 0.000095 0.000100 0.000103 0.000092 0.000097 0.000101 0.000086 0.000064 0.000098 0.000075 0.000094 0.000089 0.000089 0.000114 0.000095 0.000096 0.000101 0.000098 0.000111 0.000093 0.000104 0.000101 0.000110 0.000083 0.000104 0.000083 0.000099 0.000083 0.000095 0.000093 0.000129 0.000110 0.000101 0.000121 0.000125 0.000122 0.000317 0.000160 0.000172 0.000154 0.000170 0.000217 0.000219 0.000527 0.000287 0.000293 0.000297 0.000345 0.000393 0.000464 0.000467 0.000366 0.000365 0.000489 0.000553 0.000896 0.000657 0.001191 0.001300 0.001400 0.001577 0.002200
0.000071 0.000067 0.000102 0.000099 0.000107 0.000095 0.000100 0.000102 0.000080 0.000067 0.000100 0.000073 0.000095 0.000085 0.000089 0.000113 0.000100 0.000094 0.000102 0.000093 0.000114 0.000087 0.000103 0.000106 0.000111 0.000087 0.000094 0.000088 0.000090 0.000082 0.000097 0.000096 0.000122 0.000109 0.000104 0.000123 0.000121 0.000112 0.000303 0.000154 0.000203 0.000154 0.000164 0.000214 0.000232 0.000512 0.000262 0.000289 0.000287 0.000330 0.000421 0.000467 0.000474 0.000364 0.000345 0.000453 0.000572 0.000909 0.000641 0.001170 0.001299 0.001554 0.001610 0.002213
0.000078 0.000069 0.000105 0.000103 0.000116 0.000093 0.000097 0.000100 0.000081 0.000063 0.000090 0.000073 0.000096 0.000092 0.000095 0.000114 0.000100 0.000093 0.000092 0.000098 0.000127 0.000086 0.000099 0.000106 0.000111 0.000092 0.000109 0.000086 0.000091 0.000079 0.000095 0.000099 0.000129 0.000112 0.000111 0.000117 0.000119 0.000115 0.000307 0.000170 0.000200 0.000160 0.000168 0.000208 0.000242 0.000487 0.000273 0.000290 0.000306 0.000324 0.000354 0.000463 0.000462 0.000359 0.000384 0.000446 0.000579 0.000890 0.000651 0.001065 0.001399 0.001497 0.001680 0.002246
0.000074 0.000066 0.000100 0.000113 0.000112 0.000098 0.000089 0.000093 0.000086 0.000069 0.000091 0.000077 0.000092 0.000085 0.000092 0.000116 0.000099 0.000087 0.000096 0.000095 0.000114 0.000092 0.000098 0.000111 0.000115 0.000086 0.000102 0.000082 0.000091 0.000081 0.000090 0.000111 0.000119 0.000111 0.000103 0.000116 0.000120 0.000120 0.000281 0.000161 0.000192 0.000158 0.000183 0.000237 0.000216 0.000512 0.000269 0.000307 0.000257 0.000343 0.000393 0.000433 0.000454 0.000375 0.000351 0.000484 0.000556 0.000943 0.000640 0.001304 0.001529 0.001557 0.001834 0.001997
0.000074 0.000062 0.000100 0.000108 0.000126 0.000096 0.000089 0.000099 0.000086 0.000072 0.000094 0.000073 0.000096 0.000090 0.000091 0.000121 0.000097 0.000095 0.000098 0.000094 0.000125 0.000092 0.000097 0.000105 0.000109 0.000083 0.000099 0.000085 0.000099 0.000079 0.000093 0.000101 0.000124 0.000107 0.000108 0.000124 0.000114 0.000110 0.000284 0.000177 0.000201 0.000172 0.000169 0.000229 0.000208 0.000556 0.000260 0.000311 0.000308 0.000335 0.000389 0.000437 0.000419 0.000368 0.000358 0.000510 0.000577 0.000947 0.000620 0.001261 0.001370 0.001561 0.001845 0.002030
0.000076 0.000068 0.000111 0.000099 0.000103 0.000091 0.000093 0.000108 0.000079 0.000071 0.000098 0.000073 0.000091 0.000086 0.000095 0.000110 0.000105 0.000087 0.000101 0.000101 0.000125 0.000096 0.000108 0.000105 0.000110 0.000087 0.000105 0.000084 0.000097 0.000078 0.000104 0.000111 0.000126 0.000118 0.000104 0.000128 0.000124 0.000123 0.000288 0.000170 0.000182 0.000152 0.000164 0.000239 0.000238 0.000537 0.000277 0.000306 0.000304 0.000342 0.000380 0.000439 0.000439 0.000370 0.000376 0.000528 0.000624 0.000931 0.000664 0.001212 0.001324 0.001637 0.001809 0.001922
0.000071 0.000071 0.000104 0.000105 0.000108 0.000093 0.000095 0.000095 0.000078 0.000071 0.000098 0.000074 0.000090 0.000093 0.000095 0.000114 0.000098 0.000091 0.000098 0.000099 0.000127 0.000093 0.000101 0.000109 0.000117 0.000089 0.000102 0.000084 0.000092 0.000088 0.000103 0.000094 0.000149 0.000112 0.000105 0.000138 0.000130 0.000120 0.000300 0.000180 0.000183 0.000157 0.000167 0.000238 0.000244 0.000471 0.000294 0.000305 0.000278 0.000346 0.000407 0.000486 0.000490 0.000403 0.000397 0.000520 0.000659 0.000920 0.000721 0.001414 0.001410 0.001622 0.002046 0.002230
0.000079 0.000074 0.000100 0.000107 0.000117 0.000096 0.000095 0.000111 0.000080 0.000069 0.000095 0.000072 0.000096 0.000090 0.000099 0.000123 0.000105 0.000105 0.000096 0.000098 0.000121 0.000092 0.000107 0.000108 0.000119 0.000089 0.000106 0.000090 0.000099 0.000082 0.000106 0.000111 0.000136 0.000118 0.000106 0.000128 0.000125 0.000125 0.000331 0.000178 0.000189 0.000173 0.000202 0.000224 0.000249 0.000565 0.000292 0.000294 0.000319 0.000342 0.000420 0.000491 0.000462 0.000397 0.000410 0.000537 0.000688 0.000944 0.000705 0.001424 0.001556 0.001826 0.001895 0.002201
0.000078 0.000070 0.000108 0.000097 0.000118 0.000096 0.000101 0.000101 0.000085 0.000071 0.000101 0.000071 0.000092 0.000087 0.000094 0.000125 0.000097 0.000093 0.000102 0.000100 0.000117 0.000098 0.000106 0.000102 0.000110 0.000089 0.000100 0.000093 0.000095 0.000079 0.000103 0.000109 0.000135 0.000111 0.000104 0.000125 0.000121 0.000120 0.000287 0.000159 0.000188 0.000178 0.000177 0.000227 0.000237 0.000569 0.000301 0.000299 0.000326 0.000345 0.000409 0.000474 0.000499 0.000390 0.000395 0.000487 0.000595 0.000993 0.000623 0.001341 0.001555 0.001646 0.001576 0.001981
0.000077 0.000070 0.000105 0.000102 0.000120 0.000103 0.000101 0.000101 0.000082 0.000072 0.000088 0.000068 0.000094 0.000088 0.000097 0.000111 0.000105 0.000091 0.000099 0.000099 0.000120 0.000094 0.000100 0.000103 0.000111 0.000094 0.000095 0.000083 0.000093 0.000083 0.000096 0.000101 0.000135 0.000117 0.000110 0.000122 0.000125 0.000131 0.000309 0.000169 0.000190 0.000157 0.000177 0.000224 0.000236 0.000563 0.000306 0.000306 0.000315 0.000360 0.000403 0.000507 0.000441 0.000387 0.000350 0.000499 0.000613 0.000940 0.000716 0.001220 0.001433 0.001545 0.001694 0.002015
0.000077 0.000067 0.000102 0.000103 0.000118 0.000088 0.000087 0.000088 0.000071 0.000068 0.000099 0.000072 0.000090 0.000088 0.000095 0.000113 0.000101 0.000090 0.000093 0.000103 0.000121 0.000085 0.000105 0.000113 0.000112 0.000098 0.000102 0.000084 0.000093 0.000076 0.000095 0.000104 0.000140 0.000116 0.000100 0.000119 0.000112 0.000124 0.000328 0.000172 0.000197 0.000162 0.000178 0.000227 0.000220 0.000532 0.000295 0.000319 0.000308 0.000334 0.000386 0.000424 0.000458 0.000387 0.000376 0.000507 0.000543 0.000950 0.000653 0.001077 0.001435 0.001565 0.001692 0.002184
0.000072 0.000069 0.000099 0.000100 0.000118 0.000098 0.000092 0.000099 0.000074 0.000067 0.000094 0.000073 0.000092 0.000091 0.000090 0.000109 0.000095 0.000090 0.000103 0.000097 0.000130 0.000086 0.000096 0.000107 0.000102 0.000090 0.000103 0.000086 0.000096 0.000088 0.000089 0.000105 0.000132 0.000115 0.000103 0.000121 0.000118 0.000112 0.000309 0.000170 0.000180 0.000158 0.000172 0.000233 0.000226 0.000574 0.000314 0.000303 0.000308 0.000353 0.000415 0.000456 0.000471 0.000388 0.000380 0.000489 0.000540 0.000899 0.000634 0.001190 0.001349 0.001619 0.002001 0.002378
0.000074 0.000067 0.000101 0.000103 0.000114 0.000097 0.000084 0.000092 0.000077 0.000066 0.000098 0.000076 0.000095 0.000088 0.000092 0.000113 0.000099 0.000094 0.000099 0.000093 0.000114 0.000091 0.000094 0.000101 0.000110 0.000085 0.000098 0.000086 0.000092 0.000079 0.000096 0.000100 0.000126 0.000103 0.000099 0.000128 0.000112 0.000120 0.000276 0.000165 0.000178 0.000153 0.000169 0.000217 0.000223 0.000540 0.000289 0.000305 0.000288 0.000315 0.000379 0.000436 0.000456 0.000376 0.000351 0.000497 0.000492 0.000957 0.000628 0.001189 0.001396 0.001441 0.001799 0.002086
0.000075 0.000063 0.000096 0.000103 0.000105 0.000091 0.000097 0.000095 0.000077 0.000067 0.000092 0.000070 0.000094 0.000096 0.000091 0.000115 0.000103 0.000093 0.000105 0.000096 0.000118 0.000089 0.000103 0.000106 0.000105 0.000095 0.000096 0.000084 0.000092 0.000081 0.000105 0.000101 0.000128 0.000109 0.000096 0.000126 0.000109 0.000112 0.000273 0.000159 0.000190 0.000153 0.000177 0.000224 0.000200 0.000434 0.000305 0.000285 0.000277 0.000329 0.000400 0.000441 0.000453 0.000384 0.000346 0.000472 0.000592 0.000888 0.000643 0.001231 0.001508 0.001641 0.001708 0.002098
0.000074 0.000072 0.000104 0.000093 0.000110 0.000092 0.000085 0.000104 0.000081 0.000071 0.000090 0.000072 0.000095 0.000089 0.000086 0.000114 0.000100 0.000087 0.000103 0.000097 0.000117 0.000093 0.000103 0.000109 0.000122 0.000091 0.000094 0.000078 0.000091 0.000081 0.000095 0.000099 0.000131 0.000116 0.000101 0.000125 0.000115 0.000122 0.000313 0.000159 0.000194 0.000152 0.000158 0.000231 0.000219 0.000494 0.000297 0.000312 0.000303 0.000339 0.000398 0.000451 0.000459 0.000364 0.000354 0.000450 0.000564 0.000910 0.000616 0.001250 0.001385 0.001574 0.001714 0.002139
0.000077 0.000067 0.000095 0.000097 0.000112 0.000095 0.000090 0.000092 0.000079 0.000064 0.000097 0.000077 0.000095 0.000093 0.000088 0.000119 0.000095 0.000093 0.000094 0.000100 0.000123 0.000085 0.000102 0.000106 0.000108 0.000089 0.000100 0.000083 0.000093 0.000082 0.000095 0.000098 0.000123 0.000120 0.000100 0.000126 0.000112 0.000124 0.000285 0.000162 0.000188 0.000164 0.000165 0.000224 0.000216 0.000524 0.000306 0.000309 0.000293 0.000344 0.000381 0.000463 0.000490 0.000364 0.000350 0.000479 0.000538 0.000926 0.000606 0.001364 0.001385 0.001663 0.001758 0.002180
0.000077 0.000068 0.000107 0.000097 0.000108 0.000094 0.000091 0.000097 0.000079 0.000071 0.000098 0.000076 0.000091 0.000093 0.000098 0.000117 0.000103 0.000095 0.000101 0.000097 0.000125 0.000096 0.000105 0.000111 0.000115 0.000093 0.000090 0.000087 0.000094 0.000076 0.000100 0.000093 0.000133 0.000113 0.000108 0.000128 0.000120 0.000131 0.000344 0.000166 0.000178 0.000167 0.000174 0.000270 0.000235 0.000547 0.000287 0.000302 0.000303 0.000375 0.000398 0.000438 0.000494 0.000390 0.000375 0.000475 0.000603 0.001037 0.000652 0.001400 0.001491 0.001594 0.001705 0.002209
0.000080 0.000067 0.000105 0.000108 0.000119 0.000094 0.000105 0.000094 0.000085 0.000070 0.000099 0.000076 0.000093 0.000096 0.000091 0.000103 0.000102 0.000095 0.000096 0.000102 0.000119 0.000097 0.000104 0.000113 0.000110 0.000097 0.000103 0.000085 0.000098 0.000084 0.000093 0.000107 0.000143 0.000116 0.000106 0.000134 0.000121 0.000119 0.000304 0.000162 0.000189 0.000170 0.000196 0.000196 0.000231 0.000536 0.000289 0.000315 0.000298 0.000350 0.000402 0.000520 0.000486 0.000386 0.000366 0.000496 0.000607 0.001028 0.000684 0.001348 0.001572 0.001612 0.001773 0.002235
