# mean(lg_P) also median/mode
4.334589 4.317387 4.290298 4.257974 4.227358 4.164860 4.137778 4.102466 4.066819 4.044242 4.017931 3.985663 3.928665 3.885356 3.815424 3.760213 3.697004 3.658676 3.622539 3.553366 3.490531 3.443129 3.392471 3.336350 3.280793 3.237110 3.182485 3.140424 3.083185 3.043695 2.998155 2.956472 2.914314 2.873761 2.834591 2.797840 2.760778 2.718467 2.680716 2.644936 2.605847 2.567059 2.528184 2.488124 2.443532 2.399678 2.350406 2.297172 2.243185 2.184447 2.125105 2.064662 1.999241 1.940979 1.872855 1.802694 1.733037 1.662951 1.586758 1.510088 1.443653 1.370900 1.289429 1.212140
4.315384 4.281022 4.232475 4.179981 4.128716 4.054169 4.017559 3.981162 3.943089 3.925454 3.898810 3.857117 3.781986 3.709525 3.620575 3.560716 3.508080 3.480590 3.424589 3.332272 3.260558 3.216895 3.160378 3.090005 3.029434 2.977731 2.912135 2.860668 2.796916 2.745670 2.693350 2.642251 2.585967 2.540497 2.489141 2.445658 2.400372 2.352593 2.310003 2.269711 2.229211 2.188907 2.143948 2.103418 2.059582 2.018212 1.975242 1.928220 1.880589 1.833459 1.779316 1.721947 1.666464 1.604396 1.546465 1.484889 1.418884 1.351164 1.279889 1.207727 1.130407 1.059507 0.971824 0.906571
4.324209 4.294146 4.250700 4.203383 4.158355 4.088202 4.051983 4.016058 3.979868 3.958656 3.931507 3.892283 3.822362 3.758126 3.676303 3.615913 3.557164 3.528534 3.478057 3.394986 3.323137 3.277001 3.221659 3.158331 3.099268 3.047733 2.985322 2.936231 2.876467 2.827587 2.780675 2.729229 2.678665 2.632010 2.587402 2.544175 2.501398 2.467714 2.427097 2.386886 2.345626 2.306285 2.258557 2.217474 2.173213 2.128967 2.087188 2.037336 1.992057 1.939673 1.885173 1.829165 1.774565 1.703262 1.639024 1.573084 1.510299 1.437431 1.363272 1.298203 1.224870 1.142523 1.063685 0.994047
4.330709 4.304390 4.267412 4.224460 4.183477 4.116976 4.081552 4.044843 4.008170 3.987646 3.961170 3.924000 3.858646 3.801707 3.724674 3.665050 3.602464 3.571102 3.526187 3.449185 3.377374 3.331278 3.277669 3.219139 3.159721 3.110126 3.050209 3.003357 2.946258 2.897531 2.850361 2.804907 2.756661 2.712830 2.668932 2.628911 2.588505 2.547230 2.507588 2.466731 2.428930 2.391751 2.354517 2.313423 2.267797 2.220446 2.177041 2.126207 2.080075 2.024983 1.969635 1.911861 1.848316 1.786876 1.717563 1.652771 1.589011 1.518707 1.441028 1.370446 1.298251 1.223855 1.138416 1.068029
4.333809 4.311825 4.278460 4.240845 4.203675 4.139030 4.107616 4.072912 4.035525 4.013434 3.986679 3.951377 3.889894 3.839040 3.765997 3.707328 3.643431 3.609515 3.568216 3.496248 3.427199 3.380227 3.328126 3.271913 3.211310 3.165468 3.108086 3.063202 3.003757 2.962429 2.917777 2.872861 2.826369 2.784277 2.743381 2.703632 2.664903 2.629570 2.590936 2.553341 2.514004 2.474925 2.431123 2.389001 2.344006 2.299804 2.252481 2.199778 2.149725 2.096198 2.036487 1.978079 1.912907 1.856710 1.791181 1.722762 1.656371 1.581319 1.504761 1.434931 1.364038 1.285375 1.202981 1.131766
4.334827 4.316463 4.287513 4.253968 4.220224 4.158002 4.128481 4.093255 4.057198 4.035233 4.008785 3.975262 3.916516 3.871836 3.800229 3.743835 3.679488 3.643709 3.605496 3.535877 3.471471 3.424618 3.372702 3.317099 3.258004 3.216069 3.159358 3.116827 3.058086 3.014107 2.968503 2.931241 2.883620 2.845327 2.803760 2.768568 2.730631 2.687714 2.649755 2.612844 2.574287 2.536547 2.498217 2.459177 2.413583 2.369095 2.320719 2.268062 2.215113 2.156562 2.095988 2.034884 1.968546 1.912963 1.846722 1.776872 1.712015 1.642832 1.560040 1.488044 1.419190 1.338785 1.259689 1.187021
4.333586 4.318050 4.292321 4.262468 4.231629 4.171799 4.145195 4.110348 4.075091 4.053466 4.027031 3.995530 3.938817 3.898702 3.829695 3.774219 3.711793 3.672622 3.637228 3.570090 3.507606 3.462404 3.411538 3.354964 3.303261 3.258251 3.204414 3.162939 3.109534 3.067761 3.024540 2.981777 2.941253 2.900117 2.862428 2.824252 2.787712 2.750764 2.713596 2.676570 2.640496 2.602852 2.558509 2.518047 2.474343 2.428062 2.377980 2.328013 2.269371 2.210404 2.150933 2.085808 2.025957 1.964023 1.896069 1.825683 1.758951 1.688235 1.610883 1.535711 1.468527 1.389120 1.311370 1.238702
4.329858 4.316476 4.292712 4.267601 4.239386 4.181255 4.158166 4.126297 4.091118 4.067939 4.042502 4.011418 3.957289 3.920571 3.853354 3.800990 3.738461 3.698018 3.664272 3.597970 3.540512 3.494249 3.444136 3.387766 3.344598 3.296066 3.241660 3.203023 3.154423 3.110562 3.066929 3.025622 2.986891 2.945114 2.911358 2.872948 2.837374 2.807729 2.771322 2.737209 2.698498 2.660787 2.611004 2.570518 2.525432 2.474228 2.425885 2.374606 2.317228 2.256463 2.195540 2.138166 2.076164 2.004843 1.939411 1.865673 1.798565 1.731339 1.653557 1.576560 1.509149 1.435027 1.356670 1.282724
4.323467 4.312477 4.292684 4.268502 4.244368 4.187272 4.166855 4.133632 4.101655 4.079008 4.053574 4.023296 3.971329 3.937656 3.871961 3.822047 3.761403 3.718789 3.685064 3.621546 3.567227 3.521592 3.472328 3.415708 3.377289 3.326422 3.273700 3.236327 3.190385 3.148692 3.105505 3.061541 3.029307 2.984906 2.952022 2.912572 2.877179 2.851514 2.814498 2.780666 2.740196 2.701589 2.654737 2.613148 2.566706 2.515415 2.465527 2.414534 2.355851 2.296468 2.234847 2.176289 2.114350 2.037316 1.972716 1.899298 1.837748 1.768350 1.688860 1.615820 1.549992 1.475269 1.399015 1.325825
4.314598 4.305555 4.287512 4.266339 4.244334 4.191908 4.170928 4.139951 4.107814 4.086264 4.060647 4.031731 3.979990 3.950203 3.887728 3.839406 3.780034 3.734965 3.701136 3.640921 3.589946 3.544709 3.493996 3.439057 3.402095 3.351213 3.299345 3.262483 3.218042 3.175817 3.133955 3.091458 3.057766 3.019068 2.985383 2.947080 2.912277 2.883786 2.848428 2.810245 2.771736 2.730030 2.689444 2.646051 2.598582 2.548605 2.497549 2.446357 2.387201 2.326181 2.270103 2.207674 2.144007 2.067268 2.000856 1.929817 1.870632 1.801770 1.719755 1.649813 1.585396 1.513110 1.439037 1.357911
4.302848 4.295177 4.278129 4.260297 4.239201 4.191417 4.171307 4.141243 4.112057 4.090745 4.064821 4.035978 3.985909 3.957005 3.899100 3.852164 3.794048 3.747701 3.712473 3.656216 3.606022 3.562043 3.510487 3.457257 3.420258 3.370671 3.319145 3.283871 3.239347 3.198831 3.158973 3.117347 3.086184 3.047636 3.014116 2.975701 2.941311 2.910902 2.875381 2.836022 2.797574 2.754779 2.715810 2.672885 2.623299 2.575486 2.523607 2.471731 2.410262 2.355024 2.293768 2.233389 2.168621 2.092664 2.022209 1.955138 1.905796 1.835175 1.745783 1.683406 1.616869 1.547966 1.470234 1.387962
4.344129 4.329590 4.304152 4.275651 4.247644 4.189414 4.165546 4.134645 4.100335 4.077952 4.049730 4.014868 3.954735 3.912935 3.845921 3.796105 3.736622 3.698451 3.657663 3.588660 3.528852 3.485138 3.435543 3.378744 3.329616 3.282542 3.228472 3.188394 3.138811 3.095554 3.052486 3.010525 2.972417 2.931048 2.895018 2.857656 2.821783 2.793794 2.756127 2.722102 2.682996 2.645926 2.598619 2.560745 2.520241 2.468617 2.418513 2.370539 2.308601 2.246529 2.183454 2.124576 2.058631 1.995140 1.927223 1.852117 1.781489 1.711901 1.637296 1.551671 1.486833 1.411081 1.335062 1.259676
4.342421 4.326907 4.300800 4.272070 4.243045 4.183793 4.159738 4.126931 4.094126 4.070995 4.043384 4.008800 3.949359 3.907317 3.839522 3.789072 3.728387 3.689928 3.650135 3.580799 3.520036 3.476942 3.427265 3.370503 3.319111 3.273606 3.219347 3.178216 3.127901 3.084617 3.042154 2.999516 2.960371 2.919435 2.883355 2.845211 2.809015 2.778535 2.741075 2.705404 2.667919 2.629163 2.585752 2.546058 2.502555 2.454787 2.404260 2.353186 2.295303 2.233184 2.172659 2.108919 2.043152 1.984524 1.913937 1.842971 1.773479 1.702386 1.626920 1.543571 1.478659 1.403927 1.328407 1.250929
4.340316 4.324440 4.297800 4.268265 4.239496 4.179400 4.154388 4.121331 4.086981 4.064256 4.037037 4.002511 3.944162 3.901682 3.832873 3.781095 3.719538 3.682064 3.643425 3.574240 3.512529 3.468743 3.418007 3.361557 3.309665 3.263941 3.209594 3.169144 3.115709 3.073853 3.031332 2.989009 2.948676 2.907135 2.871514 2.833091 2.796592 2.762526 2.725509 2.689186 2.651509 2.612907 2.570399 2.530940 2.487963 2.439321 2.389884 2.337489 2.279586 2.219856 2.160943 2.097087 2.028947 1.973492 1.903361 1.830424 1.762239 1.693349 1.615416 1.536896 1.466850 1.391595 1.317078 1.240699
4.338573 4.322013 4.295307 4.265085 4.235033 4.173716 4.148737 4.113637 4.078694 4.057007 4.030705 3.996389 3.938181 3.895854 3.826975 3.773728 3.711073 3.673568 3.635957 3.567526 3.504987 3.459355 3.409256 3.353083 3.299097 3.255312 3.200951 3.159241 3.104703 3.063902 3.020237 2.978004 2.938010 2.895174 2.858642 2.820299 2.783750 2.746566 2.710208 2.672670 2.634662 2.596894 2.556517 2.516188 2.472749 2.425542 2.375866 2.325069 2.266557 2.206676 2.145209 2.084316 2.021225 1.961800 1.892630 1.819499 1.752503 1.682730 1.605397 1.528820 1.460102 1.384335 1.308690 1.229949
4.336748 4.319740 4.291453 4.261071 4.230780 4.169962 4.143272 4.107000 4.071348 4.050536 4.023912 3.990507 3.933620 3.889329 3.820816 3.766279 3.702946 3.665361 3.628929 3.559543 3.496416 3.450177 3.400265 3.344612 3.289121 3.245568 3.190708 3.149248 3.092727 3.053180 3.008448 2.966636 2.925172 2.883480 2.845418 2.808398 2.772145 2.731652 2.693858 2.656842 2.618668 2.581431 2.541592 2.499716 2.457023 2.410723 2.359913 2.310325 2.254904 2.195392 2.133082 2.071567 2.007659 1.950905 1.882535 1.814155 1.744131 1.673054 1.591107 1.518997 1.449261 1.374889 1.297504 1.221179
4.334242 4.317102 4.290156 4.257876 4.225898 4.164549 4.136829 4.101354 4.065053 4.043790 4.017006 3.984304 3.927708 3.884783 3.814218 3.758756 3.693716 3.656946 3.620857 3.552324 3.489344 3.442633 3.390754 3.336090 3.278760 3.236144 3.180161 3.138159 3.082086 3.041725 2.995213 2.955503 2.911403 2.871256 2.832784 2.795788 2.758248 2.714726 2.678141 2.641681 2.602574 2.564203 2.526543 2.486329 2.441719 2.396885 2.348150 2.293970 2.240541 2.181444 2.123744 2.059481 1.994738 1.938116 1.871698 1.800684 1.733935 1.659854 1.586873 1.511253 1.443174 1.364324 1.289126 1.212656
4.332784 4.314820 4.287196 4.254148 4.220854 4.159962 4.131217 4.095554 4.058745 4.036368 4.010867 3.978375 3.921882 3.878836 3.808161 3.751243 3.685666 3.649404 3.613386 3.545075 3.481470 3.433265 3.382201 3.326544 3.270548 3.226469 3.171256 3.128367 3.069927 3.028052 2.981994 2.944559 2.897743 2.859574 2.818275 2.783228 2.746640 2.701617 2.664325 2.626721 2.588589 2.550978 2.512811 2.471566 2.427855 2.384238 2.332726 2.278960 2.227760 2.170853 2.110299 2.050453 1.985712 1.925680 1.857758 1.789931 1.723575 1.653867 1.575036 1.500502 1.434166 1.355939 1.278597 1.201318
4.330990 4.312703 4.283285 4.250216 4.217444 4.154958 4.124488 4.088878 4.052030 4.029891 4.004403 3.972479 3.916853 3.873351 3.801865 3.743507 3.678553 3.640989 3.605902 3.537602 3.473672 3.424874 3.373490 3.318611 3.260697 3.217102 3.161966 3.119262 3.060833 3.016832 2.970893 2.933310 2.886261 2.847947 2.806065 2.771504 2.733148 2.688818 2.651099 2.614251 2.576388 2.537269 2.497329 2.458387 2.413289 2.368486 2.318471 2.267662 2.215220 2.158971 2.098618 2.039762 1.974604 1.917661 1.847698 1.777779 1.711391 1.642826 1.564988 1.494091 1.422322 1.345786 1.270488 1.193150
4.329153 4.309765 4.281347 4.247109 4.212273 4.149683 4.119138 4.082293 4.043516 4.023105 3.997958 3.966161 3.910826 3.867684 3.795636 3.735833 3.669434 3.632556 3.598710 3.531231 3.465060 3.415572 3.364591 3.309776 3.251306 3.207707 3.152129 3.109574 3.048975 3.007967 2.962113 2.922122 2.876517 2.836027 2.795415 2.759002 2.721564 2.676664 2.639197 2.602935 2.564302 2.526128 2.486665 2.443511 2.397903 2.356122 2.305426 2.253021 2.200884 2.146260 2.088476 2.025470 1.963859 1.904632 1.838160 1.766591 1.704979 1.634271 1.553037 1.485599 1.412749 1.337332 1.255635 1.182656
4.327109 4.307629 4.278633 4.243595 4.208768 4.144885 4.113085 4.075819 4.038048 4.016033 3.991558 3.960765 3.905156 3.862062 3.789191 3.728900 3.661268 3.624491 3.591193 3.523330 3.457599 3.406959 3.355289 3.301205 3.242149 3.197947 3.142694 3.099487 3.039330 2.999390 2.953559 2.911143 2.865879 2.825082 2.784608 2.746565 2.708413 2.665960 2.628563 2.593066 2.552746 2.515150 2.470541 2.432152 2.384859 2.339629 2.292103 2.238317 2.188760 2.132994 2.076022 2.014849 1.954814 1.892113 1.826118 1.758133 1.692839 1.622285 1.543715 1.475479 1.404749 1.330210 1.245152 1.171864
4.275245 4.254928 4.224163 4.189095 4.151282 4.087056 4.055078 4.016170 3.974803 3.949142 3.922329 3.890222 3.835542 3.791045 3.718908 3.656021 3.584567 3.546494 3.508740 3.443201 3.376460 3.318878 3.266603 3.210903 3.155345 3.103564 3.045457 2.997535 2.939722 2.891370 2.843198 2.799150 2.750028 2.706099 2.661171 2.621431 2.580011 2.537383 2.499947 2.460104 2.422806 2.384739 2.336865 2.296652 2.251261 2.205664 2.156827 2.107692 2.057390 2.002633 1.945907 1.886378 1.822990 1.775960 1.709449 1.644180 1.579377 1.509954 1.431996 1.358413 1.286804 1.210824 1.129887 1.055985
4.289176 4.269652 4.240238 4.204932 4.168777 4.106681 4.074126 4.035828 3.996533 3.971931 3.945672 3.911850 3.857652 3.812958 3.741695 3.680579 3.610816 3.573067 3.536129 3.468863 3.403255 3.348687 3.296632 3.241032 3.184259 3.135154 3.077335 3.031297 2.972964 2.926503 2.877407 2.836206 2.786237 2.745866 2.701030 2.662643 2.623411 2.580905 2.544099 2.501707 2.462878 2.424781 2.381685 2.340991 2.296086 2.249563 2.200729 2.149336 2.098982 2.045880 1.985715 1.927637 1.864602 1.814848 1.748512 1.681310 1.615512 1.547910 1.470249 1.395037 1.324406 1.247140 1.168800 1.095243
4.303284 4.283938 4.255142 4.221479 4.186216 4.123872 4.093365 4.056007 4.017512 3.993747 3.967498 3.934858 3.878443 3.834535 3.763862 3.704480 3.636157 3.598857 3.561316 3.494443 3.429312 3.376266 3.325010 3.269517 3.212127 3.165377 3.108695 3.064259 3.004550 2.962881 2.916483 2.872650 2.826132 2.784417 2.742496 2.704200 2.664333 2.628502 2.589774 2.552016 2.513185 2.473198 2.424922 2.384899 2.340421 2.294175 2.244801 2.194064 2.141822 2.085861 2.025793 1.964323 1.899447 1.851955 1.784521 1.716387 1.649056 1.582965 1.502304 1.431937 1.361235 1.282444 1.202658 1.131595
4.316358 4.298040 4.270581 4.236141 4.202384 4.140700 4.111183 4.074894 4.038363 4.014872 3.988792 3.955739 3.899050 3.855056 3.785539 3.727235 3.661317 3.623151 3.586563 3.519154 3.454305 3.404759 3.352555 3.298491 3.239537 3.195847 3.139083 3.095011 3.035953 2.995768 2.949584 2.907275 2.862379 2.821212 2.779835 2.741902 2.704034 2.664095 2.626390 2.589157 2.549633 2.512327 2.465657 2.426462 2.381940 2.335843 2.287076 2.234508 2.182208 2.124937 2.064925 2.005903 1.937158 1.888171 1.821360 1.753612 1.685439 1.615484 1.537772 1.466124 1.395397 1.315590 1.236789 1.164513
4.328625 4.311662 4.283097 4.251708 4.219320 4.157725 4.129986 4.093840 4.057821 4.035186 4.008347 3.975848 3.919102 3.875814 3.805693 3.749353 3.684919 3.646783 3.610938 3.542259 3.478516 3.430341 3.379850 3.323077 3.266814 3.223818 3.168122 3.126396 3.068110 3.024041 2.977967 2.940634 2.893931 2.856646 2.814309 2.779810 2.742777 2.697457 2.659665 2.623070 2.584538 2.547118 2.507995 2.469044 2.423112 2.377936 2.328720 2.277606 2.223003 2.163154 2.102579 2.042981 1.977876 1.922398 1.855318 1.784217 1.718471 1.650842 1.569332 1.497496 1.427088 1.354597 1.273256 1.197986
4.340917 4.323688 4.296356 4.266148 4.234368 4.173278 4.145421 4.111332 4.077298 4.054175 4.028034 3.994829 3.937776 3.894565 3.825618 3.770548 3.707380 3.670101 3.633722 3.565122 3.501408 3.456084 3.405500 3.349417 3.295811 3.250956 3.197095 3.155786 3.099649 3.059504 3.016171 2.973730 2.932545 2.890657 2.853740 2.815638 2.778854 2.739475 2.702824 2.666134 2.628907 2.590496 2.550603 2.508890 2.466847 2.419631 2.369138 2.319816 2.262424 2.204264 2.143167 2.081447 2.018852 1.958447 1.887697 1.821302 1.749361 1.681663 1.600839 1.525187 1.459108 1.385240 1.302767 1.230748
4.352173 4.336045 4.308482 4.279188 4.249726 4.187513 4.162597 4.128810 4.093439 4.072528 4.046398 4.013357 3.956174 3.914158 3.844745 3.790195 3.729479 3.691899 3.656351 3.586336 3.525255 3.480164 3.429243 3.373524 3.324071 3.277314 3.223927 3.183428 3.131353 3.089425 3.047743 3.005316 2.965415 2.924110 2.887781 2.850207 2.814666 2.783010 2.745713 2.711358 2.672602 2.634209 2.591703 2.550807 2.507031 2.457034 2.410615 2.357104 2.300664 2.243004 2.184009 2.123879 2.061152 1.991474 1.921911 1.848942 1.777835 1.705425 1.631967 1.554382 1.487038 1.413538 1.334638 1.259694
4.363833 4.348174 4.321750 4.292661 4.263061 4.203332 4.177398 4.145205 4.110347 4.089958 4.064076 4.031073 3.973643 3.931700 3.862152 3.809679 3.749761 3.712616 3.677750 3.606967 3.546404 3.504113 3.453545 3.397081 3.352334 3.303156 3.250378 3.210539 3.162811 3.118676 3.077178 3.033544 2.997508 2.955349 2.921056 2.882577 2.847215 2.821787 2.785073 2.750818 2.712380 2.673563 2.631751 2.590302 2.545002 2.496596 2.450548 2.396195 2.339749 2.281102 2.220978 2.162963 2.103006 2.020658 1.951523 1.880099 1.804711 1.730238 1.660864 1.580802 1.511404 1.437086 1.361749 1.285185
4.374265 4.358947 4.333271 4.305198 4.275804 4.217313 4.193489 4.160380 4.126652 4.106843 4.080798 4.047797 3.990402 3.948724 3.879341 3.828103 3.770485 3.731866 3.697821 3.626116 3.567997 3.526234 3.475909 3.419952 3.377177 3.326708 3.276136 3.236318 3.190390 3.147439 3.107881 3.062105 3.031031 2.985947 2.953815 2.914912 2.880560 2.854915 2.819543 2.784102 2.744608 2.705001 2.669731 2.625944 2.581070 2.532053 2.484440 2.432748 2.375136 2.312165 2.262450 2.201236 2.138900 2.050246 1.980783 1.909992 1.829502 1.756031 1.692398 1.607606 1.536857 1.463277 1.387913 1.306573
4.384038 4.370000 4.344794 4.317517 4.289337 4.229714 4.207121 4.175418 4.141639 4.122391 4.096958 4.063526 4.006555 3.965608 3.894780 3.845625 3.790208 3.750784 3.717027 3.644514 3.587973 3.548169 3.498142 3.441200 3.399834 3.349624 3.299565 3.261593 3.215477 3.173056 3.133349 3.090222 3.055358 3.015337 2.983038 2.945369 2.911227 2.884901 2.849025 2.810971 2.773235 2.731788 2.704965 2.661417 2.614391 2.566668 2.519348 2.464489 2.410479 2.347473 2.294273 2.236076 2.179222 2.079497 2.009862 1.937384 1.851291 1.776650 1.718645 1.628200 1.559283 1.483874 1.408076 1.333123
4.060974 4.042389 4.013367 3.982785 3.949519 3.895808 3.865126 3.830568 3.793456 3.770727 3.744643 3.710891 3.659392 3.610617 3.542197 3.481951 3.416056 3.378496 3.339420 3.272194 3.208310 3.146400 3.093346 3.034003 2.976406 2.922165 2.858447 2.802987 2.745186 2.690966 2.636882 2.588138 2.534633 2.488366 2.434002 2.389340 2.344517 2.300349 2.256338 2.214634 2.172931 2.132060 2.081267 2.045105 2.001584 1.959844 1.914235 1.868787 1.825230 1.771978 1.721840 1.666181 1.607467 1.574264 1.513108 1.451835 1.381103 1.312316 1.257272 1.179756 1.095870 1.019753 0.940864 0.884387
4.125418 4.106976 4.079673 4.048768 4.015585 3.959252 3.929958 3.895485 3.859479 3.835745 3.809884 3.775104 3.723290 3.674728 3.607792 3.548338 3.482312 3.444620 3.406532 3.338780 3.275073 3.215771 3.163304 3.104301 3.047732 2.995990 2.934797 2.882466 2.825437 2.772781 2.722843 2.675516 2.623755 2.579401 2.528306 2.486065 2.442323 2.402260 2.363461 2.323087 2.282814 2.243698 2.190831 2.153045 2.111939 2.068779 2.025286 1.976153 1.934493 1.878787 1.827518 1.773285 1.712793 1.664778 1.604304 1.537213 1.471975 1.405218 1.337197 1.265765 1.185240 1.105770 1.030664 0.968996
4.185584 4.167400 4.138895 4.108547 4.075128 4.017673 3.989692 3.954386 3.918473 3.895607 3.869926 3.835643 3.782300 3.734685 3.667860 3.609349 3.543418 3.505753 3.467365 3.399942 3.335117 3.280499 3.228023 3.171266 3.116263 3.065060 3.004187 2.956773 2.900782 2.850033 2.802107 2.755596 2.707028 2.663230 2.616197 2.574663 2.533406 2.500639 2.461364 2.422023 2.384287 2.346959 2.294199 2.255664 2.212702 2.165450 2.121798 2.073946 2.026481 1.973045 1.919229 1.862918 1.801242 1.747277 1.684313 1.619674 1.551526 1.484771 1.409947 1.337618 1.261674 1.190127 1.110005 1.041472
4.240579 4.222305 4.194665 4.164040 4.130458 4.071525 4.043892 4.008766 3.972708 3.950713 3.924277 3.891301 3.836318 3.789971 3.722156 3.664776 3.599090 3.561948 3.523706 3.456808 3.391343 3.339359 3.288282 3.231985 3.176138 3.128587 3.068840 3.023530 2.967097 2.918408 2.870044 2.829258 2.779351 2.739468 2.694437 2.656155 2.617151 2.575372 2.536874 2.495931 2.458630 2.420373 2.381647 2.342188 2.298170 2.250965 2.205290 2.155991 2.106481 2.051886 1.993068 1.934777 1.870973 1.819974 1.756660 1.687347 1.622271 1.555278 1.479571 1.404170 1.336539 1.258465 1.180673 1.106697
4.290321 4.272520 4.244628 4.213795 4.181124 4.120511 4.093373 4.058736 4.022980 4.000180 3.973559 3.940917 3.884695 3.839681 3.771642 3.715255 3.650086 3.612969 3.575739 3.507471 3.442757 3.394754 3.342567 3.286698 3.229581 3.186007 3.128609 3.084521 3.025704 2.985464 2.940410 2.897037 2.852223 2.810109 2.768962 2.730634 2.691713 2.655055 2.617803 2.580658 2.541454 2.503218 2.457727 2.418879 2.373748 2.328329 2.280499 2.228154 2.177185 2.119851 2.059594 1.999403 1.935038 1.885990 1.819464 1.750928 1.681332 1.615187 1.536127 1.461766 1.393393 1.316894 1.239523 1.166461
4.334520 4.317331 4.290234 4.258313 4.227092 4.165983 4.138027 4.102497 4.067011 4.044925 4.018812 3.985621 3.928433 3.885467 3.815573 3.760341 3.696220 3.658119 3.622259 3.553680 3.489785 3.442988 3.392576 3.337102 3.281578 3.238063 3.182544 3.140332 3.083183 3.042941 2.997755 2.957497 2.913381 2.873358 2.833680 2.798157 2.760052 2.717828 2.680762 2.643646 2.604405 2.567592 2.527700 2.488110 2.444683 2.399236 2.349515 2.297438 2.243451 2.183520 2.122967 2.063057 1.997837 1.939592 1.872852 1.802836 1.733991 1.665668 1.586373 1.510263 1.442906 1.366292 1.288447 1.211683
4.374640 4.357173 4.331001 4.297548 4.266627 4.205326 4.176538 4.141780 4.106222 4.084463 4.058175 4.025581 3.967049 3.926706 3.855000 3.800084 3.737279 3.698884 3.664222 3.594748 3.532550 3.487484 3.437412 3.381441 3.331687 3.284772 3.231484 3.190211 3.140194 3.097772 3.055009 3.011670 2.972105 2.931438 2.894965 2.858418 2.821986 2.791134 2.753277 2.719069 2.679957 2.642586 2.595392 2.552883 2.509741 2.462127 2.412915 2.360131 2.301657 2.244399 2.182738 2.122896 2.058965 1.985987 1.921372 1.847822 1.775197 1.706604 1.631246 1.554351 1.486726 1.409910 1.329927 1.257769
4.409792 4.392811 4.366756 4.332563 4.302624 4.239230 4.210396 4.177189 4.139761 4.118948 4.092376 4.060851 4.001814 3.961679 3.889585 3.835158 3.773586 3.734692 3.701261 3.631313 3.571605 3.527072 3.475935 3.421772 3.377112 3.326205 3.275664 3.235740 3.188558 3.146801 3.104901 3.061232 3.026023 2.982374 2.949136 2.911001 2.875266 2.848316 2.810489 2.775291 2.735973 2.695321 2.653494 2.610124 2.563628 2.515964 2.462755 2.413190 2.354070 2.291649 2.234263 2.172825 2.111148 2.029070 1.959203 1.885139 1.814364 1.740243 1.667643 1.591318 1.518915 1.444333 1.365551 1.290767
4.439424 4.422803 4.395882 4.361796 4.332737 4.269654 4.240380 4.205862 4.169661 4.148912 4.121808 4.090686 4.031022 3.992697 3.919651 3.865072 3.804251 3.765347 3.733137 3.662540 3.606687 3.560802 3.510686 3.456840 3.413088 3.363323 3.312630 3.274035 3.226752 3.185570 3.144735 3.102559 3.066532 3.027690 2.993961 2.957355 2.922791 2.891518 2.854673 2.814455 2.775563 2.734330 2.698988 2.655354 2.607141 2.556566 2.504333 2.451956 2.393154 2.336713 2.274372 2.215459 2.153751 2.061301 1.989230 1.916871 1.842597 1.771818 1.698009 1.616972 1.549251 1.469869 1.392418 1.317409
4.464661 4.448191 4.422325 4.386515 4.357699 4.294312 4.263543 4.229953 4.192474 4.172753 4.146254 4.116077 4.054872 4.017703 3.944298 3.890015 3.830396 3.791063 3.761101 3.688903 3.636289 3.590649 3.539986 3.486156 3.441512 3.394801 3.345558 3.308850 3.259555 3.221130 3.181063 3.138518 3.103975 3.066291 3.033185 2.997075 2.962751 2.928140 2.890481 2.846255 2.809043 2.764259 2.734900 2.689916 2.640741 2.589688 2.534152 2.481616 2.423402 2.365605 2.305213 2.247142 2.184357 2.083642 2.013318 1.941603 1.862869 1.788545 1.723148 1.640055 1.570496 1.490157 1.414416 1.338258
4.408193 4.385901 4.353897 4.312928 4.276305 4.205504 4.173810 4.137649 4.093988 4.065366 4.034467 3.995334 3.931674 3.884875 3.809050 3.749191 3.681277 3.639832 3.598832 3.524561 3.459532 3.407041 3.354227 3.294845 3.232625 3.187769 3.129317 3.085657 3.023091 2.982281 2.933744 2.890803 2.843337 2.799302 2.758278 2.719440 2.678090 2.638515 2.599072 2.560390 2.519761 2.478193 2.430173 2.387121 2.338021 2.292454 2.239741 2.183821 2.130304 2.069946 2.006552 1.945789 1.876263 1.825995 1.753749 1.684661 1.614757 1.538825 1.460450 1.384213 1.306834 1.220843 1.137955 1.056677
4.393876 4.372803 4.340753 4.303381 4.267282 4.198134 4.167228 4.129701 4.088594 4.060916 4.031127 3.993466 3.930465 3.884036 3.810306 3.750929 3.684331 3.643399 3.603156 3.530297 3.464881 3.414317 3.361422 3.303632 3.242307 3.197209 3.139892 3.095805 3.033686 2.993581 2.946741 2.903878 2.857112 2.813559 2.773320 2.734199 2.694348 2.653561 2.614770 2.576333 2.537198 2.495690 2.447670 2.405654 2.359293 2.311852 2.260307 2.204270 2.151387 2.092599 2.029255 1.966073 1.897583 1.849855 1.779139 1.707377 1.636428 1.566207 1.484881 1.409528 1.336096 1.254519 1.166571 1.090427
4.379993 4.359392 4.328754 4.292360 4.257132 4.190218 4.160804 4.122692 4.083656 4.057611 4.028641 3.991725 3.929981 3.885243 3.811940 3.753349 3.687098 3.647240 3.607406 3.535813 3.471368 3.421343 3.369180 3.311780 3.251053 3.206883 3.149867 3.107399 3.044964 3.004580 2.957524 2.916912 2.870151 2.828806 2.787861 2.750154 2.710617 2.667684 2.630234 2.590694 2.551763 2.511727 2.467207 2.426041 2.378051 2.332962 2.280770 2.225765 2.171940 2.113523 2.051608 1.987476 1.920071 1.871059 1.800403 1.731701 1.661333 1.590431 1.511923 1.436152 1.360915 1.283106 1.196041 1.118273
4.365600 4.345927 4.316361 4.281799 4.247135 4.182462 4.152735 4.117327 4.078071 4.053185 4.025509 3.990105 3.929538 3.885921 3.812980 3.754915 3.689774 3.650598 3.612398 3.541195 3.476489 3.429188 3.376785 3.319889 3.260554 3.216377 3.161181 3.117540 3.056917 3.013581 2.967566 2.929622 2.881568 2.842706 2.799860 2.764431 2.726249 2.681871 2.644050 2.605137 2.566674 2.527503 2.486862 2.445208 2.398196 2.350787 2.304176 2.249250 2.193723 2.133721 2.072996 2.008583 1.941067 1.891927 1.823649 1.753857 1.684507 1.616281 1.534591 1.460943 1.387139 1.310799 1.228919 1.154433
4.351198 4.332638 4.304087 4.270542 4.238300 4.174716 4.145770 4.110785 4.072544 4.049367 4.022042 3.988019 3.929010 3.885528 3.814482 3.757273 3.692580 3.654256 3.617008 3.547797 3.483319 3.434945 3.384042 3.327599 3.270575 3.226520 3.171015 3.128529 3.069876 3.026441 2.979413 2.941534 2.894102 2.857420 2.814663 2.780375 2.741967 2.697056 2.659249 2.623020 2.583644 2.544732 2.506379 2.464863 2.420262 2.373704 2.324697 2.270988 2.217358 2.156791 2.094185 2.035014 1.967768 1.915795 1.848180 1.776067 1.707488 1.639956 1.559751 1.483776 1.414455 1.338665 1.257117 1.180728
4.336976 4.320121 4.292005 4.260392 4.228235 4.166036 4.138609 4.103371 4.066806 4.045293 4.019286 3.985805 3.928188 3.885869 3.815325 3.759743 3.695823 3.658101 3.621438 3.552949 3.489097 3.442548 3.391486 3.335418 3.279098 3.236462 3.181314 3.139334 3.081451 3.040167 2.995477 2.955110 2.911919 2.871283 2.832093 2.795442 2.758130 2.714339 2.677269 2.640363 2.602016 2.563855 2.527130 2.485416 2.440525 2.397554 2.345625 2.292477 2.238548 2.180907 2.121938 2.059943 1.994781 1.938011 1.869735 1.798276 1.731416 1.660201 1.582502 1.507899 1.438989 1.361702 1.283778 1.208371
4.322804 4.306697 4.279612 4.249596 4.217439 4.158341 4.130687 4.096938 4.061853 4.041274 4.016517 3.983925 3.928182 3.886928 3.816346 3.761518 3.699052 3.661511 3.625987 3.558396 3.495666 3.449376 3.398877 3.343625 3.289069 3.245681 3.191267 3.149595 3.094113 3.053767 3.009943 2.968387 2.927047 2.885779 2.849024 2.810254 2.773307 2.734675 2.697237 2.660909 2.622929 2.584367 2.545686 2.505983 2.463147 2.416453 2.368011 2.315932 2.261110 2.203669 2.144492 2.084415 2.019661 1.957827 1.890728 1.820738 1.752605 1.684834 1.605657 1.531889 1.465493 1.386955 1.312487 1.238089
4.309170 4.293266 4.267086 4.239107 4.209364 4.151680 4.124418 4.091063 4.056562 4.037459 4.012590 3.981645 3.927219 3.885667 3.817841 3.763427 3.701763 3.665189 3.630662 3.564470 3.501881 3.457097 3.405793 3.351817 3.299194 3.255399 3.201268 3.159946 3.107284 3.066898 3.023436 2.980846 2.941378 2.900038 2.863752 2.825728 2.790083 2.754522 2.718073 2.682330 2.645212 2.608014 2.565868 2.527172 2.484338 2.438459 2.389825 2.340940 2.284374 2.227189 2.169110 2.110442 2.048640 1.979358 1.912745 1.842796 1.776377 1.708503 1.629920 1.554018 1.485313 1.412717 1.335503 1.261082
4.294701 4.280114 4.256311 4.228540 4.198914 4.143035 4.117007 4.084815 4.051846 4.033428 4.009495 3.979946 3.926999 3.886227 3.819294 3.765667 3.703929 3.668709 3.634879 3.569456 3.507388 3.464041 3.413630 3.360187 3.309160 3.265039 3.211375 3.171019 3.119571 3.078408 3.036496 2.994079 2.955758 2.914564 2.878263 2.840208 2.805421 2.774906 2.738006 2.705037 2.667972 2.629442 2.587759 2.549008 2.507261 2.459164 2.414022 2.363233 2.307701 2.252008 2.194221 2.137521 2.079730 2.002350 1.936939 1.865765 1.795436 1.727812 1.652397 1.574255 1.511986 1.434805 1.361921 1.290645
4.280458 4.267050 4.245064 4.217390 4.189385 4.134960 4.109811 4.078142 4.046263 4.029516 4.006622 3.978395 3.926858 3.885827 3.820460 3.767983 3.707105 3.672132 3.639747 3.575468 3.513415 3.470686 3.420909 3.367643 3.320219 3.274738 3.221066 3.181081 3.133435 3.090715 3.050013 3.006992 2.969646 2.929400 2.893493 2.855631 2.821424 2.793453 2.757920 2.726098 2.688017 2.651068 2.608818 2.569023 2.529143 2.480874 2.435340 2.387317 2.333208 2.277632 2.220425 2.164381 2.110780 2.024859 1.955872 1.886270 1.816172 1.747976 1.675321 1.597136 1.532144 1.457877 1.382803 1.315739
4.370283 4.353235 4.324847 4.291730 4.259325 4.199159 4.169647 4.135668 4.101039 4.078792 4.052839 4.020029 3.960049 3.917855 3.847527 3.791362 3.727438 3.690767 3.655599 3.586385 3.522412 3.476739 3.428290 3.372394 3.318696 3.273468 3.218556 3.178075 3.126815 3.084153 3.040776 2.998020 2.958711 2.916394 2.879766 2.841200 2.803404 2.768965 2.730478 2.691883 2.651779 2.611681 2.566018 2.522505 2.475614 2.423189 2.373902 2.316753 2.257576 2.197591 2.134336 2.068330 2.005317 1.944494 1.873059 1.802744 1.727925 1.654882 1.586511 1.507430 1.436713 1.361947 1.289373 1.211440
4.348126 4.330665 4.303014 4.270455 4.239278 4.179185 4.149514 4.115624 4.078963 4.057400 4.031430 3.998279 3.940976 3.898053 3.828007 3.772293 3.709127 3.671151 3.635175 3.566436 3.503661 3.456536 3.406307 3.350969 3.296324 3.251460 3.196985 3.155861 3.099831 3.060080 3.015931 2.973968 2.932267 2.889899 2.852680 2.815085 2.778757 2.738411 2.700502 2.663887 2.624622 2.585742 2.546074 2.503651 2.458574 2.413069 2.362739 2.309608 2.252832 2.195580 2.133501 2.068982 2.006736 1.947260 1.877924 1.807172 1.737931 1.666741 1.586672 1.513125 1.443163 1.366816 1.293158 1.216204
4.314567 4.297074 4.270674 4.238320 4.206109 4.144159 4.117382 4.082740 4.047058 4.024570 3.998870 3.965297 3.908866 3.865225 3.795742 3.739723 3.674603 3.637564 3.601284 3.532881 3.468989 3.421326 3.371365 3.313860 3.256974 3.214100 3.158775 3.117207 3.058390 3.014896 2.969034 2.931847 2.884323 2.846180 2.805024 2.769349 2.732752 2.689042 2.652368 2.614966 2.577059 2.539666 2.501691 2.462215 2.418852 2.374978 2.325908 2.274226 2.223506 2.167304 2.105830 2.044940 1.984530 1.927327 1.861909 1.795177 1.724093 1.657912 1.577600 1.504798 1.437030 1.358476 1.282450 1.207281
4.265938 4.248294 4.220073 4.189197 4.157136 4.096704 4.069720 4.034192 3.999390 3.976311 3.950434 3.916340 3.861645 3.816603 3.746871 3.690692 3.624823 3.589263 3.551296 3.484030 3.418182 3.368499 3.318361 3.261282 3.203618 3.158678 3.100994 3.055863 2.999629 2.956889 2.910666 2.867494 2.821996 2.778929 2.739199 2.700290 2.662546 2.626956 2.588479 2.552844 2.514890 2.477370 2.433770 2.395954 2.353056 2.312449 2.266910 2.217247 2.168565 2.114841 2.059835 2.003183 1.941860 1.890060 1.826842 1.758613 1.691522 1.621351 1.548743 1.475722 1.400529 1.325444 1.242601 1.183070
4.191376 4.172934 4.145311 4.113964 4.081617 4.023692 3.994389 3.960878 3.923478 3.902337 3.876261 3.842865 3.790180 3.740902 3.673667 3.615002 3.549096 3.515494 3.475744 3.407616 3.340987 3.288149 3.236532 3.178673 3.122919 3.073010 3.012102 2.963390 2.909420 2.858033 2.810139 2.764445 2.716890 2.673542 2.627042 2.588744 2.548832 2.512155 2.473691 2.436702 2.400663 2.365101 2.322658 2.282890 2.245565 2.203809 2.165435 2.118429 2.075186 2.027613 1.976481 1.923692 1.866329 1.810485 1.749546 1.682824 1.606027 1.538980 1.484349 1.411477 1.322302 1.247823 1.170655 1.125551
4.059050 4.040038 4.012532 3.980598 3.946103 3.893216 3.861340 3.827170 3.791000 3.769371 3.743370 3.710445 3.660162 3.607732 3.539074 3.478575 3.414060 3.381668 3.341698 3.270599 3.203992 3.145036 3.092767 3.031626 2.971628 2.920080 2.853995 2.800177 2.742151 2.686534 2.633247 2.583909 2.531064 2.484518 2.430169 2.386833 2.342364 2.296271 2.253021 2.211948 2.170750 2.131414 2.088612 2.049552 2.009545 1.975951 1.938954 1.896327 1.857327 1.814332 1.770514 1.724000 1.672168 1.622604 1.565373 1.508064 1.422648 1.360383 1.329231 1.256223 1.169412 1.095142 1.030253 0.987144
3.790344 3.770848 3.742556 3.705254 3.673139 3.623519 3.586889 3.554125 3.521053 3.497338 3.470999 3.439048 3.383709 3.335441 3.261172 3.197852 3.136515 3.097877 3.066430 2.988141 2.917353 2.857416 2.805617 2.736823 2.669692 2.613943 2.544708 2.480261 2.422260 2.358967 2.298692 2.237458 2.177760 2.116371 2.058134 1.998955 1.945114 1.895570 1.842321 1.794984 1.744186 1.697671 1.648972 1.598677 1.555051 1.511510 1.475820 1.430759 1.391568 1.349717 1.309540 1.265846 1.221981 1.168585 1.123239 1.084298 1.052137 1.000273 0.916409 0.893330 0.840104 0.793034 0.723522 0.633685
3.236634 3.214903 3.182272 3.134909 3.115493 3.066537 3.015853 2.985854 2.968708 2.935617 2.905951 2.869264 2.787228 2.776795 2.670909 2.606701 2.573514 2.489304 2.495594 2.400101 2.331108 2.278674 2.226484 2.144528 2.091535 1.982004 1.931272 1.848583 1.815062 1.740374 1.676211 1.568143 1.523839 1.393571 1.375680 1.268643 1.204288 1.162413 1.090777 1.028830 0.958488 0.894174 0.829333 0.754912 0.690713 0.628021 0.592995 0.522830 0.475383 0.419819 0.369519 0.315814 0.271466 0.151272 0.088469 0.067947 0.355872 0.349471 -0.135772 0.043341 0.153146 0.128031 0.032697 -0.247687
2.173729 2.153049 2.105561 2.038710 2.057970 2.006112 1.924824 1.876472 1.930272 1.863366 1.823444 1.772218 1.574795 1.713403 1.478288 1.429437 1.517518 1.257213 1.398466 1.244619 1.331808 1.202157 1.144027 1.028516 1.037350 0.723719 0.772499 0.652995 0.732354 0.650321 0.599376 0.339613 0.385022 0.193708 0.209654 -0.024838 -0.099922 -0.062184 -0.166567 -0.240940 -0.345720 -0.438595 -0.526033 -0.643945 -0.743403 -0.849182 -0.881783 -1.015172 -1.082910 -1.187301 -1.259291 -1.344610 -1.400744 -1.803525 -1.868683 -1.817314 -0.743151 -0.661062 -2.024927 -1.532190 -1.130707 -1.110647 -1.313048 -1.765131
0.337049 0.330098 0.231027 0.221990 0.257272 0.171784 0.136445 -0.119520 0.186729 0.026336 -0.036758 -0.127347 -0.569375 -0.113473 -0.703881 -0.719008 -0.267566 -1.030718 -0.507256 -0.832486 -0.342504 -0.610314 -0.679881 -0.812988 -0.714299 -1.604429 -1.288941 -1.474844 -1.040604 -1.118031 -1.119549 -1.783762 -1.436938 -1.698351 -1.622936 -2.152407 -2.219366 -1.955045 -2.102328 -2.183095 -2.337918 -2.462415 -2.577490 -2.765482 -2.909126 -3.098544 -3.110291 -3.361978 -3.457461 -3.655724 -3.765051 -3.918708 -4.008962 -4.421210 -4.052006 -3.547763 -2.257426 -2.039968 -3.315444 -3.074528 -2.855007 -2.691483 -2.903031 -3.205767
4.408692 4.391320 4.365198 4.332086 4.299503 4.229024 4.205733 4.170404 4.137725 4.116272 4.090839 4.058144 3.997004 3.956428 3.881901 3.825315 3.762377 3.727497 3.694312 3.625852 3.559446 3.515290 3.476688 3.410979 3.362887 3.314906 3.260384 3.221110 3.173652 3.130212 3.086389 3.043066 3.004859 2.961378 2.929427 2.890766 2.853828 2.822058 2.782523 2.748670 2.705723 2.667383 2.621176 2.574906 2.526687 2.474283 2.420406 2.367752 2.299596 2.240182 2.173429 2.109950 2.047943 1.971497 1.894171 1.818995 1.753266 1.675731 1.595717 1.517746 1.444003 1.365965 1.286540 1.205762
4.401567 4.384570 4.358489 4.325351 4.293627 4.233204 4.203618 4.169151 4.133401 4.111394 4.084895 4.052151 3.992867 3.953594 3.883347 3.828439 3.764282 3.725850 3.690658 3.625206 3.564940 3.517534 3.469749 3.416150 3.367289 3.317985 3.265277 3.226406 3.179652 3.137956 3.096523 3.050676 3.015764 2.972538 2.938717 2.899015 2.861314 2.832434 2.794292 2.758247 2.718112 2.676798 2.632215 2.584725 2.538630 2.487449 2.432322 2.380854 2.316091 2.256633 2.193296 2.123330 2.059417 1.979680 1.907923 1.829749 1.762450 1.691417 1.608649 1.532265 1.456950 1.380740 1.305889 1.223438
4.400342 4.383320 4.356738 4.323644 4.292257 4.233471 4.201763 4.168633 4.132443 4.109900 4.083546 4.050851 3.991277 3.953446 3.882901 3.828362 3.765357 3.726177 3.690492 3.624926 3.562538 3.518070 3.468992 3.415699 3.367205 3.318656 3.263444 3.223996 3.178590 3.135567 3.092738 3.049209 3.012288 2.969734 2.935575 2.895049 2.858486 2.828600 2.790519 2.752748 2.713820 2.672195 2.625220 2.579110 2.530819 2.478800 2.423772 2.372690 2.312480 2.250078 2.185176 2.120577 2.052789 1.980735 1.912375 1.836055 1.768103 1.699202 1.617257 1.544064 1.461313 1.384607 1.312005 1.230364
4.394763 4.377525 4.350737 4.315699 4.284540 4.223066 4.193157 4.158656 4.123272 4.102711 4.076598 4.044985 3.983637 3.945016 3.872231 3.816760 3.753737 3.718474 3.683467 3.614957 3.550057 3.506207 3.459138 3.401978 3.352678 3.304705 3.249481 3.210648 3.161545 3.117927 3.075358 3.031510 2.992708 2.950938 2.916571 2.877151 2.838895 2.808822 2.770668 2.734201 2.693855 2.655235 2.605749 2.559253 2.514280 2.462632 2.407058 2.353744 2.293925 2.229996 2.167732 2.100511 2.039786 1.974325 1.907719 1.832549 1.772042 1.699567 1.613783 1.547129 1.467182 1.391285 1.316600 1.230648
4.383432 4.366114 4.338753 4.305208 4.272305 4.212432 4.181705 4.148002 4.110960 4.090625 4.064433 4.032574 3.973609 3.933338 3.861900 3.804422 3.742922 3.705840 3.671009 3.602168 3.539399 3.493165 3.444465 3.388290 3.338673 3.291053 3.236778 3.197553 3.146936 3.102949 3.060031 3.016953 2.977853 2.936643 2.901002 2.861345 2.824838 2.793031 2.755079 2.719833 2.679935 2.641021 2.591827 2.549324 2.502832 2.453034 2.398423 2.349246 2.282527 2.221296 2.162075 2.096466 2.032449 1.972917 1.905218 1.831693 1.773300 1.698380 1.614661 1.545430 1.471829 1.399806 1.326548 1.242083
4.374958 4.357600 4.331481 4.297585 4.265616 4.207447 4.174976 4.141129 4.104292 4.081806 4.055333 4.023941 3.967732 3.924725 3.855146 3.798841 3.736181 3.697497 3.661871 3.594223 3.534070 3.486551 3.434621 3.381266 3.330456 3.283291 3.230749 3.190378 3.137821 3.095863 3.052691 3.010377 2.971135 2.928207 2.892505 2.854697 2.817576 2.786311 2.749307 2.714287 2.673931 2.635577 2.588580 2.547866 2.501386 2.451521 2.396650 2.347136 2.284868 2.224714 2.161360 2.101794 2.039878 1.976087 1.906785 1.834481 1.772393 1.702107 1.619141 1.548576 1.480796 1.408201 1.333973 1.249970
4.370757 4.353588 4.325194 4.292765 4.260561 4.200959 4.169547 4.135383 4.099289 4.077980 4.051755 4.019761 3.962275 3.920166 3.848917 3.792890 3.730872 3.692651 3.657261 3.587798 3.525788 3.479663 3.428634 3.373091 3.322305 3.275822 3.223090 3.182203 3.129206 3.087400 3.044016 3.001926 2.961548 2.919375 2.882862 2.846272 2.809319 2.776476 2.737930 2.701817 2.662694 2.625951 2.579333 2.538099 2.491600 2.443246 2.390236 2.341237 2.279477 2.220441 2.158163 2.098004 2.035155 1.971051 1.901909 1.831248 1.766784 1.699375 1.615586 1.543476 1.479613 1.406771 1.328842 1.243641
4.358722 4.341871 4.312983 4.281916 4.250240 4.188076 4.159888 4.124659 4.088192 4.067847 4.041355 4.009033 3.950743 3.908481 3.837222 3.781063 3.718710 3.682095 3.646207 3.574803 3.512676 3.467044 3.417085 3.360063 3.307720 3.262447 3.207174 3.166361 3.111721 3.071312 3.027063 2.984558 2.943729 2.902138 2.865438 2.827362 2.789256 2.752692 2.715350 2.677338 2.639319 2.600564 2.557490 2.516633 2.470560 2.423865 2.373137 2.321122 2.264218 2.202152 2.143190 2.080646 2.015686 1.956658 1.889355 1.815421 1.755251 1.683234 1.602602 1.534393 1.464635 1.390289 1.312806 1.230968
4.336755 4.318931 4.290939 4.260367 4.228488 4.167394 4.139635 4.104701 4.067615 4.046384 4.020416 3.987412 3.929672 3.887610 3.817246 3.761816 3.697870 3.660907 3.623834 3.555281 3.492091 3.445388 3.394773 3.339081 3.283503 3.239795 3.185461 3.142423 3.085600 3.045404 3.000812 2.960009 2.916395 2.876390 2.838261 2.800326 2.762426 2.719851 2.683141 2.646579 2.608400 2.569630 2.530278 2.489957 2.446569 2.400912 2.352816 2.299000 2.242787 2.185491 2.125529 2.064939 1.998255 1.940740 1.874573 1.804188 1.735401 1.668144 1.585304 1.514087 1.446600 1.370981 1.289282 1.215106
4.306864 4.288833 4.261461 4.229426 4.197256 4.135306 4.108620 4.074848 4.038035 4.016168 3.990622 3.956394 3.899835 3.853701 3.784952 3.728799 3.661687 3.627254 3.591938 3.522686 3.455833 3.408165 3.360258 3.302936 3.243413 3.200520 3.145595 3.102245 3.043436 3.002491 2.958151 2.916744 2.872147 2.830672 2.792595 2.754610 2.718676 2.677256 2.639223 2.605891 2.566463 2.531481 2.493520 2.453958 2.410223 2.367411 2.319341 2.265818 2.214681 2.159286 2.097231 2.035426 1.973473 1.919270 1.852881 1.782074 1.707389 1.635666 1.567733 1.485467 1.416260 1.336965 1.259744 1.195420
4.347368 4.330896 4.303375 4.272910 4.242725 4.181273 4.153631 4.118746 4.084229 4.061898 4.035782 4.003760 3.946323 3.904801 3.834854 3.779102 3.716184 3.678421 3.642655 3.574891 3.511587 3.465920 3.415557 3.359526 3.307254 3.261128 3.207573 3.165154 3.112041 3.070548 3.026594 2.985484 2.943489 2.902083 2.864810 2.827096 2.790883 2.754223 2.717013 2.681321 2.642628 2.604846 2.559618 2.520428 2.475147 2.429725 2.381253 2.326906 2.270955 2.212188 2.151290 2.090652 2.026648 1.964907 1.897058 1.825725 1.756853 1.687151 1.606095 1.533141 1.459841 1.387245 1.309350 1.230345
4.336275 4.319223 4.293287 4.260445 4.228523 4.167886 4.139603 4.105042 4.070619 4.047320 4.021379 3.987828 3.931511 3.889388 3.818505 3.762797 3.699104 3.661284 3.624763 3.556458 3.493145 3.446621 3.395577 3.339530 3.284679 3.241353 3.186320 3.144449 3.087629 3.047170 3.002467 2.961906 2.918447 2.878220 2.840219 2.801542 2.765712 2.722577 2.685743 2.649186 2.610384 2.572274 2.533813 2.493147 2.448314 2.403982 2.352567 2.302589 2.247337 2.187643 2.128621 2.066135 2.001426 1.942750 1.877832 1.805814 1.737465 1.666164 1.592584 1.517558 1.445107 1.368385 1.292658 1.215565
4.326274 4.308763 4.280421 4.249002 4.216357 4.153670 4.126354 4.091463 4.054662 4.033070 4.006218 3.973006 3.916074 3.872899 3.801553 3.746347 3.681793 3.644029 3.607899 3.538968 3.475130 3.427032 3.376591 3.320616 3.263504 3.221235 3.165801 3.123400 3.064066 3.020849 2.974303 2.937751 2.890651 2.852732 2.810709 2.776264 2.739385 2.695635 2.657983 2.620735 2.581965 2.543694 2.507249 2.466919 2.422799 2.377620 2.327503 2.275421 2.221037 2.166801 2.104616 2.043476 1.977913 1.921336 1.855115 1.784474 1.718190 1.647565 1.572159 1.497785 1.427939 1.352870 1.276444 1.198186
4.316327 4.298233 4.270271 4.236788 4.203752 4.141287 4.113208 4.078527 4.040791 4.018567 3.991727 3.958061 3.900909 3.856270 3.786311 3.729885 3.665007 3.627152 3.590415 3.521181 3.457027 3.408355 3.357630 3.301589 3.243388 3.200793 3.144104 3.101046 3.041791 3.001495 2.956890 2.915153 2.870872 2.828932 2.788429 2.751561 2.712766 2.672089 2.634617 2.598231 2.558139 2.521298 2.482032 2.440164 2.398363 2.352686 2.302483 2.250426 2.199284 2.141547 2.082098 2.022236 1.956007 1.902343 1.834333 1.765163 1.699213 1.630957 1.551008 1.482010 1.412427 1.336777 1.256602 1.181820
4.308125 4.289031 4.260329 4.226443 4.191535 4.129398 4.100918 4.065386 4.027700 4.005139 3.978212 3.943481 3.886085 3.840088 3.770151 3.713458 3.647855 3.610659 3.573593 3.503790 3.438401 3.389613 3.338488 3.282543 3.225110 3.180130 3.124249 3.080113 3.020843 2.979619 2.934772 2.891016 2.846883 2.803939 2.764219 2.726217 2.686665 2.650510 2.612897 2.574950 2.537149 2.498157 2.456009 2.415655 2.370321 2.325883 2.278250 2.227391 2.177120 2.121358 2.060821 2.000310 1.938205 1.878756 1.811915 1.743883 1.678414 1.610979 1.531647 1.462384 1.393652 1.320161 1.240556 1.161692
4.299275 4.279814 4.248709 4.215451 4.180350 4.116590 4.088740 4.053017 4.014763 3.992309 3.964132 3.929385 3.871999 3.824108 3.754946 3.696801 3.630877 3.594296 3.555879 3.485412 3.421166 3.370220 3.319334 3.262148 3.205816 3.159346 3.101508 3.058899 2.998863 2.957848 2.912231 2.867830 2.823248 2.780064 2.738258 2.700163 2.661193 2.625497 2.587126 2.549663 2.510545 2.471124 2.431666 2.390411 2.343652 2.301079 2.253624 2.202259 2.151753 2.096741 2.039946 1.981902 1.919414 1.855543 1.791295 1.723478 1.655687 1.588384 1.511455 1.443473 1.374285 1.300567 1.225456 1.143989
4.291519 4.271137 4.240318 4.205467 4.169962 4.105508 4.076110 4.040463 4.002137 3.978257 3.950643 3.915348 3.856747 3.809994 3.738736 3.680327 3.614467 3.577978 3.539179 3.468681 3.403066 3.352302 3.300492 3.243001 3.186661 3.139448 3.081724 3.036414 2.978350 2.932952 2.884931 2.844231 2.796734 2.754863 2.711944 2.673226 2.635072 2.595091 2.557570 2.518090 2.478979 2.441247 2.408117 2.364336 2.319927 2.273725 2.230747 2.177636 2.128499 2.074619 2.018949 1.961977 1.900402 1.834600 1.767254 1.702700 1.637203 1.568057 1.491477 1.424278 1.355746 1.279939 1.202592 1.124666
4.284702 4.263841 4.232252 4.196807 4.159710 4.095020 4.065557 4.028476 3.991669 3.965693 3.936924 3.902009 3.843441 3.794936 3.722818 3.663614 3.598794 3.561235 3.522052 3.451332 3.385787 3.333631 3.281276 3.223139 3.167768 3.119648 3.060727 3.015498 2.957472 2.910286 2.863026 2.820711 2.772533 2.730261 2.685823 2.648127 2.608701 2.566204 2.528276 2.486721 2.450554 2.410388 2.383074 2.340762 2.296278 2.249611 2.205055 2.156352 2.108039 2.054308 1.997641 1.942638 1.882094 1.811307 1.746993 1.681517 1.615951 1.548164 1.471161 1.407289 1.336040 1.263104 1.184545 1.102105
4.278117 4.256214 4.222979 4.187639 4.149468 4.085206 4.054070 4.016514 3.978189 3.952835 3.924927 3.888514 3.828847 3.779321 3.708268 3.648214 3.581776 3.545063 3.504888 3.434430 3.367644 3.314507 3.261663 3.204572 3.148646 3.099335 3.038774 2.993408 2.936707 2.888861 2.841017 2.796785 2.749272 2.705779 2.660084 2.622026 2.581736 2.541546 2.503889 2.463748 2.427038 2.389318 2.358060 2.314991 2.270069 2.224852 2.182501 2.133125 2.084849 2.031943 1.977232 1.923907 1.861066 1.789993 1.721933 1.657468 1.593507 1.525813 1.453927 1.384597 1.315843 1.244024 1.167179 1.085529
4.272664 4.249908 4.216407 4.180081 4.140751 4.075588 4.043721 4.006003 3.966367 3.940944 3.912174 3.875020 3.815392 3.764523 3.692359 3.631927 3.565824 3.528728 3.488371 3.416726 3.349498 3.296870 3.243043 3.184859 3.128653 3.078168 3.018472 2.970863 2.914997 2.865951 2.818364 2.773037 2.725651 2.680689 2.634827 2.596438 2.555321 2.520064 2.481982 2.443303 2.405963 2.368348 2.331943 2.289475 2.245693 2.198230 2.155649 2.109529 2.061752 2.010003 1.956127 1.902128 1.843767 1.764910 1.702412 1.636680 1.571627 1.504255 1.428226 1.365073 1.295981 1.221958 1.147717 1.062084
4.360909 4.345264 4.317588 4.288436 4.257835 4.199087 4.173174 4.140611 4.108269 4.087576 4.061288 4.028489 3.967934 3.924915 3.854040 3.803004 3.744697 3.708186 3.671876 3.598982 3.537192 3.496499 3.446692 3.389865 3.340641 3.293120 3.240332 3.200906 3.151057 3.108404 3.066925 3.022452 2.985119 2.943492 2.908971 2.871004 2.835177 2.808614 2.773237 2.739238 2.699766 2.662755 2.617327 2.577935 2.534815 2.487994 2.437722 2.386336 2.331781 2.269820 2.214290 2.153793 2.091662 2.005992 1.937829 1.866628 1.796396 1.728599 1.646080 1.570299 1.507220 1.428151 1.353346 1.275773
4.353105 4.337054 4.308869 4.279148 4.249465 4.188797 4.162646 4.129794 4.093685 4.074223 4.048863 4.016070 3.955903 3.912511 3.842659 3.789678 3.729923 3.693106 3.657366 3.585582 3.522054 3.480862 3.431220 3.373060 3.323431 3.277421 3.222815 3.181481 3.131009 3.089143 3.046900 3.002848 2.964692 2.922605 2.887093 2.848318 2.813206 2.783351 2.745420 2.712408 2.673131 2.635796 2.590911 2.551834 2.507197 2.460789 2.411067 2.359703 2.303718 2.243608 2.185034 2.126710 2.060967 1.987312 1.919349 1.847205 1.779903 1.708209 1.631439 1.553481 1.487838 1.411771 1.333954 1.258429
4.345202 4.328470 4.301812 4.270287 4.239756 4.178377 4.150981 4.117287 4.082699 4.061675 4.035764 4.002725 3.944495 3.901681 3.831097 3.776791 3.716092 3.678537 3.641795 3.571775 3.508870 3.464587 3.414963 3.358354 3.304662 3.259894 3.204681 3.163989 3.110055 3.069579 3.026493 2.984147 2.943207 2.901819 2.865244 2.827724 2.789897 2.754303 2.717637 2.682285 2.643710 2.605922 2.563560 2.523617 2.479151 2.433075 2.385419 2.334194 2.278596 2.220074 2.158564 2.095982 2.033752 1.965552 1.898941 1.829498 1.758679 1.688486 1.609832 1.538822 1.470170 1.394847 1.315398 1.239049
4.337269 4.320105 4.292528 4.260807 4.229930 4.169087 4.140815 4.106907 4.070353 4.048880 4.022527 3.990005 3.933054 3.888860 3.819469 3.764082 3.700898 3.663503 3.626722 3.558390 3.494101 3.448941 3.398194 3.342348 3.287309 3.243035 3.188095 3.146319 3.089903 3.049796 3.005936 2.963773 2.921228 2.880725 2.843111 2.805281 2.767863 2.726274 2.689351 2.652166 2.613309 2.576400 2.536486 2.498011 2.452646 2.407761 2.357167 2.307774 2.250558 2.191538 2.131733 2.074309 2.006810 1.947421 1.877753 1.810357 1.741873 1.669507 1.593007 1.517629 1.448300 1.374057 1.295984 1.220118
4.329278 4.311952 4.283988 4.252374 4.220828 4.158294 4.130020 4.095960 4.059012 4.035816 4.009443 3.976968 3.919905 3.877889 3.807455 3.751046 3.686614 3.647906 3.612055 3.544707 3.480366 3.432414 3.381774 3.326373 3.269652 3.226142 3.170949 3.129210 3.070961 3.026979 2.981410 2.944089 2.897116 2.859215 2.818229 2.782828 2.745630 2.700937 2.664399 2.627973 2.587694 2.548968 2.509697 2.471979 2.427138 2.381103 2.333856 2.279580 2.225054 2.167514 2.107552 2.045764 1.979611 1.927985 1.858267 1.789250 1.721043 1.651804 1.573995 1.501127 1.431042 1.353413 1.276580 1.198378
4.322285 4.303786 4.275680 4.243206 4.210249 4.147836 4.120004 4.083792 4.045182 4.023406 3.997137 3.964042 3.908038 3.866552 3.795922 3.738334 3.671462 3.633313 3.596877 3.530943 3.466731 3.416989 3.365461 3.310260 3.253176 3.208736 3.153382 3.111651 3.051802 3.009132 2.962883 2.924104 2.878075 2.838636 2.797687 2.760958 2.723026 2.678569 2.641395 2.604010 2.566021 2.528425 2.485859 2.445665 2.401847 2.357152 2.304845 2.254110 2.201446 2.143204 2.079969 2.019774 1.958247 1.905409 1.839920 1.770751 1.700798 1.631887 1.555268 1.479972 1.411790 1.335148 1.257372 1.182859
4.313273 4.295502 4.267539 4.234585 4.200542 4.138094 4.109036 4.073258 4.033743 4.010194 3.983858 3.950732 3.896615 3.853841 3.783897 3.725352 3.657260 3.618401 3.582551 3.517573 3.452581 3.400633 3.349128 3.294218 3.236919 3.192620 3.136585 3.094035 3.033354 2.992647 2.948023 2.904553 2.860001 2.817717 2.776930 2.739364 2.700880 2.660020 2.622409 2.585160 2.545768 2.507341 2.461390 2.421872 2.375844 2.329904 2.280637 2.228382 2.174318 2.118491 2.057838 1.997038 1.933780 1.884839 1.821186 1.751276 1.681452 1.613317 1.534324 1.463043 1.390208 1.315244 1.233824 1.160407
4.305824 4.286703 4.259654 4.225955 4.191056 4.128635 4.098989 4.061162 4.021676 3.997293 3.970879 3.938127 3.884038 3.841797 3.771939 3.712622 3.642755 3.603576 3.567542 3.503720 3.438613 3.384702 3.332811 3.279731 3.222198 3.174952 3.119213 3.075096 3.015486 2.973921 2.927088 2.885290 2.838553 2.797187 2.755272 2.716884 2.677916 2.640477 2.601751 2.564247 2.525580 2.486199 2.437748 2.397404 2.352142 2.305533 2.256638 2.204037 2.153103 2.095157 2.036718 1.977310 1.913104 1.865137 1.801736 1.733420 1.661668 1.591231 1.517937 1.442370 1.368135 1.293207 1.214970 1.141936
4.298005 4.278672 4.251214 4.216587 4.182089 4.117696 4.087756 4.049435 4.009513 3.984712 3.957507 3.925004 3.872928 3.829993 3.760106 3.699175 3.628068 3.587966 3.552071 3.489890 3.424438 3.368592 3.315908 3.263605 3.205974 3.158242 3.101768 3.057779 2.997791 2.955108 2.907332 2.864711 2.818293 2.776130 2.734652 2.694199 2.656328 2.617351 2.578045 2.538743 2.500873 2.461856 2.413701 2.372843 2.328364 2.281186 2.231078 2.179308 2.128202 2.072049 2.014153 1.955821 1.892696 1.843921 1.776943 1.709258 1.641277 1.571410 1.494611 1.423868 1.347039 1.270498 1.197018 1.120608
4.290173 4.270255 4.241928 4.207255 4.172517 4.108159 4.076859 4.038656 3.997530 3.971614 3.944869 3.912479 3.861341 3.818174 3.749279 3.686143 3.613563 3.573021 3.537479 3.475925 3.411168 3.352944 3.300033 3.247698 3.190901 3.141669 3.085135 3.040216 2.980395 2.935418 2.886275 2.845048 2.796540 2.754378 2.712213 2.672363 2.632151 2.590153 2.552203 2.510234 2.473684 2.434376 2.389821 2.349453 2.304613 2.255776 2.206745 2.156577 2.104556 2.050083 1.991057 1.932000 1.868333 1.824058 1.759630 1.689545 1.621646 1.550781 1.478196 1.401165 1.327821 1.250913 1.173019 1.098672
4.322782 4.306744 4.281427 4.251041 4.220717 4.161550 4.133949 4.100017 4.064936 4.043457 4.016986 3.985198 3.928576 3.885305 3.815217 3.758640 3.695678 3.657601 3.618891 3.550369 3.488387 3.438969 3.386787 3.330884 3.273548 3.230301 3.173370 3.130713 3.072256 3.029026 2.982647 2.943654 2.896330 2.858194 2.815489 2.779659 2.741745 2.696405 2.660284 2.621220 2.581523 2.543868 2.504361 2.461857 2.415932 2.368772 2.319440 2.264799 2.214137 2.153357 2.093828 2.031605 1.963322 1.906079 1.838180 1.767990 1.700027 1.631458 1.546702 1.476936 1.403547 1.326150 1.249494 1.163846
4.325743 4.309267 4.283821 4.253663 4.221834 4.162459 4.134610 4.100828 4.066279 4.043464 4.017360 3.985255 3.928199 3.884796 3.815369 3.758545 3.695592 3.657545 3.619986 3.550941 3.488686 3.440390 3.388137 3.332264 3.275706 3.232316 3.175552 3.133894 3.074118 3.031941 2.984913 2.946965 2.900302 2.860760 2.819366 2.783688 2.746395 2.701627 2.663457 2.625556 2.587772 2.548312 2.509383 2.467037 2.422492 2.374173 2.326804 2.272084 2.218684 2.158885 2.099690 2.035355 1.971904 1.912987 1.845434 1.774628 1.708197 1.637049 1.553996 1.484830 1.416141 1.335686 1.257836 1.175720
4.328116 4.312018 4.286551 4.254108 4.223841 4.163135 4.135257 4.100200 4.065467 4.043454 4.017741 3.985187 3.928720 3.885658 3.815659 3.759583 3.695477 3.658505 3.620190 3.551802 3.489496 3.441107 3.389277 3.332846 3.277192 3.233592 3.178423 3.135341 3.077347 3.034778 2.988242 2.949802 2.903536 2.864500 2.824307 2.788092 2.750512 2.706376 2.669144 2.630694 2.592122 2.553299 2.515577 2.473781 2.428303 2.382928 2.333430 2.279974 2.225066 2.168330 2.107428 2.045469 1.981468 1.921220 1.852179 1.782605 1.714790 1.647928 1.564046 1.490554 1.421832 1.345400 1.268674 1.188470
4.330725 4.313828 4.286611 4.256010 4.224386 4.163891 4.137020 4.102052 4.064840 4.044143 4.018177 3.985569 3.928910 3.884671 3.815875 3.759860 3.695442 3.658098 3.621343 3.552626 3.489729 3.441835 3.390149 3.334985 3.278867 3.235206 3.179732 3.137366 3.079578 3.038727 2.992700 2.953156 2.908343 2.867783 2.828831 2.791251 2.754646 2.710773 2.672419 2.636520 2.597235 2.559391 2.519849 2.478697 2.436145 2.388908 2.339081 2.285803 2.230971 2.175337 2.113337 2.053864 1.984954 1.929483 1.861117 1.790302 1.721906 1.651893 1.571594 1.498319 1.432424 1.355430 1.279126 1.195904
4.333220 4.316714 4.288316 4.257013 4.226185 4.165028 4.136752 4.102735 4.066502 4.044660 4.018430 3.985328 3.928631 3.885717 3.815440 3.759380 3.695792 3.658976 3.622220 3.553204 3.489724 3.443732 3.392291 3.335956 3.280689 3.236818 3.181841 3.138746 3.082654 3.041729 2.996884 2.955816 2.911961 2.871562 2.832952 2.795550 2.758993 2.715310 2.678232 2.640591 2.602633 2.564617 2.526380 2.485938 2.441502 2.395071 2.346373 2.294718 2.239925 2.180288 2.119684 2.060011 1.995870 1.936306 1.869719 1.799817 1.733404 1.659338 1.579762 1.507491 1.439811 1.361871 1.283449 1.206093
4.336109 4.318762 4.291889 4.259839 4.227306 4.166374 4.138067 4.103162 4.066965 4.045023 4.018250 3.985522 3.928096 3.885863 3.815737 3.760208 3.696559 3.659308 3.623169 3.554147 3.490976 3.444188 3.393217 3.337383 3.281010 3.237752 3.183922 3.142271 3.085057 3.045064 2.999964 2.959106 2.916220 2.874944 2.836676 2.799434 2.763170 2.721196 2.683600 2.647607 2.608434 2.570898 2.531802 2.491975 2.448356 2.401964 2.353072 2.301736 2.245121 2.188253 2.127623 2.065871 2.002836 1.943234 1.876543 1.806331 1.737728 1.667672 1.589992 1.516569 1.446597 1.372096 1.295413 1.219534
4.338533 4.321056 4.293600 4.260656 4.228170 4.166318 4.139181 4.104124 4.067179 4.045623 4.018223 3.985592 3.928787 3.885871 3.815468 3.760549 3.696376 3.658661 3.623071 3.554958 3.491171 3.444877 3.394279 3.339263 3.283448 3.239792 3.185645 3.143595 3.086752 3.047897 3.003049 2.962468 2.920254 2.878818 2.841238 2.803090 2.767399 2.724668 2.689212 2.652461 2.614210 2.577666 2.538402 2.497682 2.454515 2.410463 2.360624 2.307800 2.250751 2.191947 2.134797 2.078294 2.008882 1.952569 1.883696 1.811436 1.744046 1.676170 1.599351 1.523345 1.457501 1.379855 1.298770 1.230024
4.341582 4.323521 4.293908 4.262210 4.230201 4.167280 4.139650 4.104653 4.069129 4.045595 4.019197 3.985819 3.928097 3.886002 3.815784 3.760235 3.696418 3.659396 3.624239 3.555400 3.491551 3.445913 3.395772 3.339753 3.284517 3.241797 3.188064 3.146151 3.089541 3.050632 3.006499 2.964489 2.924036 2.882236 2.845086 2.807932 2.770956 2.730634 2.694064 2.657337 2.620205 2.582815 2.543619 2.504838 2.460578 2.415504 2.367768 2.317642 2.258176 2.200571 2.143461 2.081408 2.017657 1.958517 1.891255 1.819568 1.752180 1.685644 1.607205 1.532424 1.464136 1.389722 1.306020 1.241278
4.344112 4.325443 4.296587 4.263121 4.231244 4.167610 4.140526 4.105444 4.068418 4.045557 4.019360 3.986223 3.928940 3.885264 3.816212 3.760855 3.695872 3.659126 3.624351 3.556301 3.492078 3.446707 3.397936 3.342410 3.287397 3.243057 3.189258 3.149027 3.093488 3.053213 3.009169 2.968432 2.927796 2.886505 2.849602 2.811586 2.775493 2.736658 2.698940 2.663749 2.626305 2.588366 2.548547 2.509595 2.468947 2.423165 2.372096 2.322121 2.265963 2.208931 2.149815 2.092980 2.026078 1.965873 1.899647 1.828761 1.758365 1.690998 1.616595 1.539659 1.473670 1.397280 1.317809 1.249043
4.346779 4.328079 4.298521 4.265282 4.232535 4.168414 4.141339 4.105534 4.068282 4.046345 4.019797 3.985745 3.928316 3.886368 3.815041 3.760600 3.696354 3.660148 3.625291 3.556510 3.493489 3.447746 3.397808 3.343243 3.287969 3.245500 3.190606 3.150841 3.095470 3.055848 3.012831 2.970572 2.931647 2.889391 2.852443 2.815567 2.779302 2.740864 2.705831 2.668635 2.633226 2.594948 2.554460 2.516054 2.476127 2.429874 2.378586 2.329589 2.271203 2.214882 2.156161 2.098042 2.034624 1.973750 1.909353 1.838506 1.765599 1.699551 1.627236 1.547675 1.481222 1.405763 1.327657 1.262705
