# mean(lg_P) also median/mode
3.587003 3.567328 3.538576 3.508516 3.473790 3.427139 3.392072 3.357284 3.322795 3.297595 3.271083 3.237586 3.188150 3.138230 3.068626 3.002708 2.939584 2.898346 2.857363 2.791791 2.715388 2.651215 2.595038 2.531892 2.458599 2.394182 2.328124 2.254736 2.192043 2.123179 2.054946 1.988462 1.922355 1.852744 1.787291 1.722218 1.658814 1.595441 1.535589 1.471309 1.411663 1.355380 1.297429 1.241502 1.188441 1.136173 1.084348 1.032242 0.985751 0.935695 0.886656 0.839036 0.791011 0.741359 0.690056 0.635899 0.588037 0.533976 0.472896 0.409470 0.351992 0.282537 0.217009 0.158243
3.623731 3.585869 3.537034 3.483329 3.430774 3.367926 3.324873 3.288064 3.254340 3.231044 3.201746 3.157454 3.088272 3.009664 2.913965 2.847429 2.798326 2.771683 2.711180 2.607682 2.519802 2.477421 2.414568 2.321208 2.250904 2.189489 2.103555 2.030328 1.957643 1.882574 1.805862 1.731347 1.656857 1.578067 1.504732 1.429155 1.356422 1.284399 1.213227 1.136675 1.066262 0.999441 0.930555 0.863168 0.797264 0.730205 0.669471 0.607012 0.544322 0.486333 0.426768 0.369224 0.314876 0.271188 0.220659 0.168697 0.112579 0.037749 -0.003125 -0.084704 -0.132889 -0.204229 -0.271011 -0.325821
3.618393 3.585631 3.542865 3.494303 3.446755 3.387324 3.346314 3.309067 3.275759 3.250779 3.222606 3.180903 3.116991 3.046884 2.958224 2.889970 2.836216 2.806660 2.751313 2.658323 2.573122 2.522203 2.462933 2.378550 2.305009 2.243661 2.164791 2.089652 2.020515 1.945744 1.871585 1.799735 1.727021 1.649217 1.579558 1.504532 1.436578 1.366011 1.297481 1.224048 1.156945 1.093745 1.027530 0.963857 0.901887 0.842114 0.779647 0.720803 0.662506 0.606837 0.550211 0.496171 0.443899 0.399859 0.351244 0.299918 0.244407 0.174308 0.128066 0.046338 -0.004303 -0.077962 -0.141345 -0.188967
3.611641 3.583371 3.545221 3.502251 3.458984 3.403028 3.364551 3.327402 3.292483 3.267532 3.240389 3.200584 3.142370 3.077989 2.996780 2.928293 2.869834 2.836395 2.786743 2.703484 2.620196 2.564386 2.506577 2.429742 2.355130 2.293668 2.218652 2.143723 2.076100 2.003566 1.931051 1.861258 1.790374 1.715656 1.645902 1.574446 1.508515 1.440257 1.373813 1.303684 1.239736 1.178597 1.115984 1.055524 0.997704 0.937578 0.879793 0.824480 0.768330 0.714153 0.661468 0.609216 0.559978 0.514740 0.463858 0.413847 0.359812 0.295442 0.243772 0.170367 0.115662 0.044059 -0.017745 -0.080174
3.603105 3.579309 3.543776 3.506783 3.467937 3.415162 3.378172 3.340887 3.307698 3.282201 3.254292 3.217658 3.163883 3.105694 3.029082 2.962030 2.899553 2.863838 2.818195 2.742596 2.661808 2.601966 2.545466 2.475045 2.400088 2.337586 2.266617 2.191817 2.127116 2.054937 1.984484 1.916673 1.847459 1.775484 1.707581 1.638300 1.574046 1.507655 1.445249 1.376697 1.314106 1.254746 1.194103 1.137046 1.079949 1.023597 0.969639 0.914632 0.863060 0.810335 0.760272 0.710205 0.660548 0.614155 0.562917 0.511886 0.460550 0.400793 0.343159 0.274284 0.218802 0.147932 0.083627 0.024921
3.592464 3.572039 3.541643 3.508252 3.473281 3.423520 3.388330 3.353107 3.317808 3.293210 3.265947 3.231275 3.180919 3.127949 3.056442 2.991081 2.927402 2.887867 2.845902 2.776893 2.698801 2.635096 2.579525 2.514655 2.441240 2.377170 2.308859 2.235172 2.171819 2.101915 2.033051 1.966377 1.899868 1.828832 1.761827 1.695865 1.631990 1.567401 1.507918 1.441936 1.381487 1.323217 1.264646 1.209239 1.154939 1.101950 1.048235 0.996509 0.946368 0.897088 0.848085 0.798148 0.749434 0.702450 0.649411 0.599313 0.549309 0.494314 0.433259 0.371347 0.310925 0.239998 0.174656 0.116551
3.580177 3.562724 3.536575 3.506951 3.475304 3.429165 3.395358 3.360775 3.326899 3.301942 3.274761 3.242024 3.195351 3.145695 3.078874 3.015599 2.950397 2.907909 2.868848 2.805261 2.731051 2.665546 2.609430 2.548319 2.475802 2.410921 2.346150 2.273029 2.210972 2.142983 2.075004 2.010797 1.944378 1.875900 1.810880 1.746842 1.684169 1.621386 1.562704 1.499345 1.440492 1.384186 1.327223 1.272718 1.219793 1.167643 1.117159 1.069042 1.020959 0.971619 0.926303 0.877257 0.828216 0.779066 0.727234 0.673072 0.625202 0.571836 0.507192 0.447856 0.392349 0.322318 0.250249 0.193664
3.565828 3.552036 3.527915 3.502347 3.473282 3.429361 3.398536 3.364780 3.332257 3.307213 3.281079 3.249879 3.205563 3.160355 3.095990 3.035273 2.970513 2.925469 2.886717 2.827860 2.758153 2.691360 2.634545 2.576491 2.507063 2.441113 2.377651 2.306284 2.245493 2.178861 2.112365 2.048664 1.985036 1.917605 1.852756 1.792256 1.729403 1.668464 1.611922 1.551441 1.492988 1.437527 1.382226 1.329430 1.276023 1.227116 1.179926 1.132519 1.084407 1.036903 0.992221 0.944710 0.896826 0.842731 0.792098 0.737542 0.691142 0.638687 0.573304 0.516304 0.454492 0.384332 0.322429 0.259016
3.550168 3.538216 3.517546 3.494744 3.467908 3.427325 3.397525 3.365987 3.335028 3.309663 3.284251 3.253843 3.211898 3.169471 3.110090 3.051195 2.986170 2.939603 2.901978 2.845814 2.781188 2.714260 2.655673 2.600203 2.533222 2.465903 2.404302 2.334359 2.273766 2.209201 2.143509 2.080543 2.019416 1.953545 1.889976 1.830438 1.767634 1.708669 1.653669 1.595954 1.539296 1.484512 1.430426 1.379495 1.326700 1.278162 1.232539 1.186067 1.140559 1.094438 1.049820 1.002717 0.954656 0.902066 0.850479 0.794681 0.747351 0.695472 0.628516 0.575315 0.510326 0.438437 0.371663 0.310190
3.533307 3.522550 3.503888 3.483532 3.459641 3.421913 3.394513 3.363957 3.334205 3.309430 3.284466 3.255500 3.215086 3.174208 3.118576 3.061763 2.999648 2.950619 2.912772 2.860074 2.799663 2.732331 2.671661 2.617828 2.555618 2.486546 2.425806 2.357705 2.298094 2.234537 2.169861 2.107961 2.047119 1.983047 1.920809 1.863922 1.801456 1.743455 1.689793 1.633665 1.579435 1.523724 1.471366 1.421576 1.370804 1.324723 1.277899 1.232178 1.187651 1.143003 1.098370 1.051543 1.004570 0.949328 0.897075 0.843471 0.795380 0.739249 0.674243 0.620360 0.555236 0.484644 0.412260 0.346074
3.513240 3.505069 3.487599 3.469717 3.446852 3.411825 3.387885 3.357711 3.330448 3.306382 3.281736 3.253350 3.214021 3.176057 3.123014 3.069319 3.008755 2.958527 2.918675 2.867340 2.813366 2.747108 2.684583 2.630586 2.572692 2.502246 2.442318 2.376576 2.316593 2.255261 2.190448 2.130177 2.070643 2.007835 1.945686 1.890667 1.827719 1.771434 1.721124 1.665583 1.613724 1.558567 1.506424 1.458682 1.407750 1.365190 1.317038 1.271195 1.226628 1.182961 1.137873 1.092044 1.044449 0.989439 0.939493 0.884916 0.836309 0.777608 0.711082 0.653249 0.585207 0.515403 0.442178 0.371074
3.596596 3.579864 3.553455 3.526214 3.495978 3.452065 3.422074 3.390421 3.356512 3.331318 3.303213 3.267339 3.215994 3.164798 3.099532 3.041970 2.983148 2.941011 2.894050 2.826668 2.754189 2.696010 2.638973 2.573483 2.502712 2.440789 2.374760 2.302600 2.240990 2.172951 2.107080 2.040854 1.976785 1.908694 1.843725 1.782144 1.719492 1.657769 1.600566 1.538873 1.481523 1.425177 1.368881 1.317065 1.265498 1.212999 1.166489 1.117364 1.069741 1.021002 0.976110 0.928725 0.880889 0.827110 0.773372 0.719826 0.669125 0.625835 0.560630 0.513912 0.449893 0.380743 0.316646 0.254603
3.594597 3.577064 3.551060 3.521812 3.491014 3.446632 3.415291 3.383275 3.350223 3.324647 3.296918 3.260774 3.209952 3.159088 3.093047 3.033598 2.973970 2.932059 2.886944 2.818896 2.746583 2.686096 2.629629 2.564806 2.494549 2.431533 2.364891 2.293044 2.231385 2.162236 2.095612 2.030238 1.966111 1.897192 1.832452 1.768954 1.706825 1.645274 1.588232 1.525090 1.467220 1.411457 1.353933 1.301970 1.250104 1.198914 1.149337 1.099536 1.052850 1.003902 0.957721 0.910502 0.861841 0.808770 0.757008 0.702237 0.653191 0.606297 0.542439 0.489107 0.425810 0.361478 0.295941 0.234188
3.591988 3.574340 3.547829 3.518451 3.486391 3.441970 3.409135 3.376136 3.342941 3.316905 3.289868 3.254894 3.204801 3.153370 3.086720 3.026177 2.964573 2.923021 2.878944 2.812000 2.738764 2.677190 2.621148 2.556087 2.485205 2.421688 2.355982 2.282723 2.221084 2.152368 2.085075 2.019958 1.954531 1.885444 1.820754 1.756974 1.693884 1.631546 1.575222 1.511204 1.452238 1.396927 1.339312 1.285623 1.232472 1.183225 1.131786 1.083004 1.034015 0.986124 0.939250 0.893234 0.843890 0.791923 0.738176 0.687415 0.636212 0.586772 0.522428 0.468475 0.406997 0.341412 0.272001 0.213980
3.589980 3.572403 3.544540 3.514526 3.482306 3.436647 3.403696 3.369546 3.336099 3.310398 3.283640 3.248765 3.198838 3.147705 3.080410 3.018956 2.955860 2.914193 2.871457 2.805205 2.729805 2.668272 2.611765 2.547680 2.475134 2.412345 2.345678 2.273193 2.211175 2.141767 2.074517 2.009587 1.943363 1.873883 1.809359 1.744678 1.681678 1.619429 1.561013 1.497547 1.438013 1.381778 1.324793 1.270303 1.218178 1.167985 1.115078 1.065442 1.016669 0.968187 0.921213 0.872818 0.826747 0.774145 0.722143 0.668789 0.618480 0.568071 0.505449 0.448300 0.386216 0.319577 0.252446 0.190434
3.588580 3.569680 3.542020 3.511556 3.477840 3.430763 3.397340 3.362506 3.329196 3.303755 3.276777 3.241928 3.193034 3.142293 3.073002 3.010610 2.946696 2.905119 2.864390 2.797193 2.723638 2.659071 2.603100 2.539546 2.466573 2.402740 2.337207 2.262608 2.200941 2.131344 2.063671 1.998340 1.932363 1.862311 1.797148 1.732712 1.669094 1.605827 1.547703 1.483577 1.424933 1.367588 1.309546 1.255546 1.201533 1.151301 1.098864 1.048855 0.999104 0.950397 0.903153 0.855779 0.806247 0.756548 0.703425 0.651145 0.601338 0.550025 0.486324 0.425978 0.369361 0.299025 0.236926 0.167714
3.586705 3.566996 3.538787 3.507581 3.473514 3.426375 3.390677 3.356586 3.322558 3.296513 3.270007 3.235808 3.187624 3.136095 3.066424 3.002027 2.937452 2.896820 2.855951 2.790415 2.714478 2.649469 2.593586 2.530342 2.457622 2.392584 2.326889 2.252785 2.190879 2.121572 2.052697 1.986368 1.921583 1.851468 1.785592 1.719953 1.656324 1.593391 1.534418 1.468522 1.409746 1.352604 1.294555 1.239366 1.185915 1.134251 1.080662 1.030999 0.981269 0.933173 0.884585 0.836957 0.787949 0.738552 0.686573 0.633085 0.585887 0.530202 0.470364 0.406131 0.348947 0.279700 0.215237 0.149299
3.584127 3.564640 3.535832 3.503624 3.468872 3.420199 3.385541 3.349048 3.315466 3.289397 3.263487 3.229497 3.181940 3.131339 3.060638 2.994449 2.928150 2.887712 2.848427 2.783122 2.706375 2.639898 2.584279 2.522183 2.448179 2.383490 2.317282 2.243297 2.180165 2.111261 2.042850 1.976623 1.909820 1.840085 1.773284 1.707218 1.644559 1.580295 1.520338 1.454908 1.394951 1.338574 1.279676 1.224738 1.169150 1.117229 1.064661 1.013812 0.964510 0.914863 0.866112 0.818007 0.767788 0.721034 0.669059 0.618503 0.569773 0.509619 0.449553 0.386332 0.332671 0.258183 0.193326 0.132874
3.582988 3.562474 3.532411 3.500260 3.464534 3.416096 3.379798 3.342296 3.308178 3.282681 3.256345 3.223696 3.176028 3.125499 3.054027 2.986710 2.919403 2.879185 2.841109 2.775853 2.698471 2.631698 2.574620 2.513963 2.438728 2.374119 2.307262 2.233119 2.170460 2.100609 2.032017 1.965127 1.898478 1.828398 1.762010 1.695304 1.631277 1.566995 1.507191 1.440683 1.380813 1.324135 1.264560 1.208503 1.154064 1.101824 1.047039 0.996529 0.946603 0.896047 0.849171 0.799379 0.749427 0.702206 0.652216 0.598122 0.551377 0.491167 0.430506 0.370090 0.309729 0.238672 0.176389 0.105345
3.581010 3.559393 3.529768 3.495900 3.460117 3.410597 3.372930 3.335469 3.301268 3.276034 3.250024 3.217805 3.170532 3.119537 3.047650 2.978425 2.910216 2.870806 2.833485 2.768789 2.689533 2.621103 2.565312 2.505000 2.429931 2.363701 2.297932 2.223072 2.160333 2.090222 2.021159 1.954166 1.887084 1.817027 1.750252 1.682818 1.619223 1.554191 1.493619 1.427060 1.366867 1.308989 1.249697 1.193183 1.137617 1.084896 1.030295 0.978164 0.929262 0.877789 0.830374 0.780072 0.731074 0.684011 0.632180 0.580155 0.533060 0.470363 0.411380 0.347673 0.288389 0.217436 0.155208 0.089195
3.578652 3.557289 3.526888 3.492715 3.455718 3.405025 3.366871 3.329775 3.294533 3.268737 3.243636 3.210690 3.165097 3.114134 3.040460 2.971008 2.901412 2.861184 2.826324 2.761272 2.681260 2.611502 2.556353 2.496666 2.420128 2.354722 2.288984 2.212898 2.149886 2.079446 2.010627 1.943856 1.875454 1.804872 1.738093 1.670169 1.606654 1.541250 1.479750 1.413543 1.351934 1.294545 1.233242 1.177836 1.121785 1.067520 1.013077 0.962512 0.911268 0.861548 0.810919 0.762892 0.713793 0.665481 0.613579 0.565006 0.515890 0.451348 0.394771 0.330731 0.268702 0.199656 0.132885 0.072120
3.526996 3.503921 3.472437 3.437868 3.398556 3.347029 3.308143 3.267373 3.229404 3.200560 3.172837 3.140086 3.093075 3.042436 2.969213 2.895602 2.823198 2.781084 2.744492 2.679802 2.600046 2.526215 2.466743 2.408096 2.330585 2.261172 2.193513 2.116297 2.050648 1.978513 1.906339 1.835654 1.765987 1.692122 1.620822 1.549554 1.483553 1.413930 1.345970 1.276510 1.211327 1.150646 1.086603 1.024170 0.964372 0.904939 0.847918 0.789848 0.733983 0.678508 0.626398 0.576161 0.523896 0.479061 0.428398 0.378012 0.327440 0.262559 0.213803 0.138237 0.086292 0.018419 -0.043802 -0.095523
3.540805 3.519700 3.488608 3.453310 3.416107 3.365982 3.328074 3.288163 3.251199 3.223688 3.196685 3.162957 3.114760 3.065264 2.992610 2.921381 2.851258 2.808320 2.771363 2.706415 2.628245 2.555421 2.497334 2.436582 2.360701 2.292680 2.225604 2.149030 2.083984 2.011918 1.940891 1.872326 1.801877 1.729374 1.659843 1.589491 1.524143 1.456304 1.391413 1.322107 1.257765 1.198249 1.135907 1.075049 1.016582 0.957902 0.902104 0.846530 0.791836 0.740187 0.687734 0.636181 0.587068 0.542207 0.490088 0.440416 0.391734 0.325131 0.274276 0.200694 0.152002 0.077281 0.019175 -0.034888
3.554509 3.533385 3.503625 3.470583 3.433443 3.384148 3.346873 3.308964 3.272756 3.246038 3.218361 3.185066 3.137339 3.087022 3.016277 2.946326 2.877020 2.835646 2.797115 2.732328 2.653142 2.584327 2.526314 2.465470 2.389355 2.322816 2.256427 2.180270 2.116414 2.044718 1.975171 1.906365 1.838525 1.766426 1.697824 1.628157 1.564295 1.496988 1.432970 1.366221 1.302871 1.243605 1.183117 1.125700 1.066263 1.012624 0.956294 0.901795 0.849058 0.797641 0.746381 0.697851 0.648071 0.601223 0.551558 0.500203 0.451274 0.387385 0.336758 0.262591 0.210680 0.138991 0.077046 0.020735
3.567722 3.547485 3.518519 3.485186 3.449908 3.401786 3.365900 3.328708 3.293945 3.267114 3.239404 3.206474 3.158158 3.107750 3.036804 2.969839 2.902384 2.861009 2.821977 2.757038 2.679502 2.611351 2.554425 2.492680 2.417179 2.352984 2.285895 2.210461 2.147413 2.077041 2.007909 1.939738 1.873147 1.801734 1.734566 1.667092 1.602883 1.537191 1.475489 1.408940 1.346974 1.290365 1.228780 1.172147 1.117768 1.063257 1.008616 0.956783 0.904425 0.854336 0.805004 0.753726 0.706411 0.658757 0.608541 0.556877 0.508498 0.451681 0.391741 0.324081 0.269497 0.198060 0.136434 0.075090
3.580862 3.560943 3.532392 3.501185 3.466452 3.418686 3.384012 3.347940 3.314165 3.288036 3.260915 3.227002 3.178715 3.128010 3.058603 2.992216 2.926854 2.886135 2.845937 2.780077 2.703382 2.637839 2.581842 2.519227 2.446051 2.380542 2.314475 2.240231 2.177590 2.108462 2.039890 1.972903 1.906378 1.836852 1.769810 1.703557 1.639914 1.576228 1.515747 1.450730 1.390243 1.333606 1.274406 1.218632 1.164494 1.111073 1.058520 1.008330 0.958514 0.908691 0.860353 0.811701 0.762378 0.715649 0.663732 0.611751 0.561691 0.501765 0.445520 0.385835 0.326362 0.251336 0.192656 0.127494
3.593280 3.574358 3.546073 3.514797 3.482761 3.434232 3.400965 3.366222 3.331999 3.307655 3.280291 3.247140 3.198111 3.147417 3.078200 3.014866 2.951102 2.909547 2.868796 2.802330 2.727695 2.663353 2.608140 2.544238 2.471971 2.407957 2.342168 2.268510 2.206776 2.137883 2.070404 2.004414 1.938763 1.870040 1.804572 1.739623 1.676946 1.613596 1.556092 1.491599 1.432118 1.376913 1.318929 1.264297 1.211342 1.160834 1.107853 1.059757 1.010186 0.961295 0.914451 0.865814 0.818009 0.767233 0.715255 0.664227 0.612338 0.562064 0.497474 0.438517 0.375833 0.307596 0.241391 0.178047
3.604122 3.586722 3.558627 3.529459 3.496135 3.450831 3.418006 3.384173 3.350845 3.326471 3.300043 3.266129 3.216850 3.165368 3.098037 3.035833 2.973673 2.932851 2.890394 2.824390 2.749889 2.688269 2.633564 2.568937 2.497507 2.434592 2.368903 2.295806 2.235139 2.167065 2.099937 2.033912 1.969762 1.902392 1.837980 1.774502 1.711998 1.650113 1.594059 1.530616 1.473107 1.416844 1.361703 1.308513 1.256598 1.206803 1.156233 1.108051 1.060422 1.013219 0.967458 0.918519 0.871596 0.817527 0.765844 0.714399 0.663992 0.612995 0.544291 0.492197 0.430146 0.359394 0.296246 0.228326
3.615572 3.598425 3.571389 3.542698 3.510125 3.465473 3.433292 3.401015 3.368435 3.344427 3.318037 3.284220 3.235490 3.183312 3.116264 3.055555 2.995565 2.954548 2.911429 2.845911 2.772589 2.711725 2.658278 2.592521 2.521459 2.459317 2.394664 2.322698 2.261551 2.194211 2.128588 2.063263 2.000780 1.932533 1.870159 1.808936 1.745576 1.685250 1.629630 1.570150 1.513202 1.457382 1.402869 1.351151 1.299506 1.251491 1.202739 1.156581 1.109269 1.061558 1.016906 0.968873 0.919331 0.865746 0.813118 0.760586 0.709249 0.664454 0.593298 0.544096 0.476072 0.410583 0.344980 0.271814
3.626386 3.609633 3.583058 3.555866 3.524694 3.479490 3.449285 3.417753 3.384351 3.361967 3.335645 3.301112 3.252414 3.200901 3.134090 3.074927 3.017318 2.974791 2.931086 2.865929 2.794310 2.733638 2.681421 2.615374 2.545464 2.483674 2.418544 2.347467 2.287927 2.221804 2.156401 2.092319 2.029270 1.963920 1.900866 1.842191 1.779164 1.720156 1.665957 1.608021 1.552139 1.496051 1.443683 1.392047 1.342289 1.296553 1.246147 1.200393 1.155263 1.110204 1.065420 1.017295 0.969793 0.912062 0.859795 0.807802 0.753304 0.708912 0.637823 0.591277 0.520863 0.456663 0.386875 0.319366
3.636530 3.620570 3.595015 3.568525 3.538347 3.493733 3.463746 3.432297 3.400289 3.378115 3.351320 3.318010 3.268675 3.216837 3.151274 3.094085 3.037095 2.994687 2.949824 2.885199 2.813783 2.755938 2.703624 2.636876 2.567621 2.506784 2.442778 2.371590 2.312816 2.247136 2.182897 2.119538 2.058515 1.991919 1.930479 1.873601 1.810720 1.753071 1.700699 1.643815 1.589445 1.533304 1.481800 1.431191 1.383791 1.337350 1.289671 1.244837 1.201390 1.156827 1.111772 1.065391 1.015832 0.955933 0.903335 0.850421 0.794525 0.751090 0.681373 0.634302 0.566785 0.498623 0.428559 0.356665
3.310802 3.289628 3.261276 3.229759 3.195041 3.149423 3.114468 3.079421 3.045969 3.019251 2.993384 2.959964 2.913164 2.860150 2.790762 2.723945 2.659212 2.617808 2.579186 2.512857 2.434681 2.366021 2.309644 2.248364 2.170782 2.102287 2.035124 1.956129 1.890875 1.815404 1.743849 1.670509 1.598727 1.523459 1.448601 1.375783 1.304680 1.232289 1.159865 1.087434 1.016057 0.948455 0.879849 0.811164 0.742780 0.677305 0.617173 0.553649 0.492090 0.432931 0.375182 0.319003 0.263102 0.218609 0.165221 0.119988 0.074803 -0.006940 -0.051636 -0.127189 -0.172004 -0.247906 -0.306955 -0.348644
3.375859 3.354922 3.327196 3.295139 3.261432 3.215916 3.180083 3.145068 3.111747 3.085820 3.059786 3.025192 2.978268 2.927056 2.857969 2.790892 2.725492 2.685046 2.645885 2.579491 2.502421 2.433841 2.376842 2.315458 2.237679 2.172841 2.104274 2.027327 1.961391 1.887799 1.817536 1.744988 1.674314 1.601202 1.527914 1.455744 1.388358 1.316260 1.246966 1.175459 1.107079 1.044164 0.976155 0.911420 0.845947 0.784233 0.726016 0.665115 0.607677 0.551126 0.494940 0.441418 0.387822 0.343778 0.295634 0.249260 0.201545 0.123184 0.079601 0.002666 -0.042080 -0.120598 -0.179201 -0.226454
3.436026 3.416410 3.387682 3.356374 3.322040 3.276652 3.241215 3.205626 3.172445 3.146056 3.119371 3.085938 3.038002 2.986457 2.918336 2.852227 2.786472 2.747070 2.707386 2.640416 2.563274 2.496716 2.439019 2.376966 2.300885 2.236404 2.168052 2.092448 2.027801 1.954651 1.885345 1.815081 1.744970 1.672260 1.601896 1.530183 1.464290 1.395414 1.328783 1.258162 1.191685 1.131129 1.065633 1.004264 0.943255 0.882889 0.826529 0.769435 0.714347 0.659531 0.606739 0.555069 0.504283 0.459731 0.409488 0.364049 0.315504 0.243637 0.195291 0.124109 0.071546 0.001000 -0.061058 -0.114403
3.491786 3.471401 3.443059 3.411684 3.376393 3.331528 3.296858 3.260721 3.228267 3.201883 3.175592 3.140888 3.092937 3.042758 2.974092 2.908565 2.842033 2.802034 2.763146 2.696151 2.619603 2.552818 2.496098 2.434237 2.359850 2.293989 2.226884 2.151883 2.088100 2.016533 1.946814 1.878975 1.809978 1.738690 1.669108 1.599913 1.534504 1.467374 1.402959 1.334768 1.271181 1.211974 1.149215 1.090408 1.031644 0.975848 0.919306 0.864933 0.811826 0.761007 0.709299 0.659563 0.608821 0.564887 0.513553 0.465821 0.417632 0.352230 0.298017 0.229557 0.177604 0.108804 0.044797 -0.013574
3.541489 3.522123 3.493585 3.462739 3.428796 3.381288 3.347223 3.311826 3.277960 3.252112 3.225364 3.191561 3.143467 3.092616 3.023915 2.958588 2.892859 2.853112 2.813014 2.746327 2.670869 2.604456 2.548019 2.485509 2.411810 2.347227 2.280088 2.205950 2.142849 2.072048 2.004211 1.936696 1.868676 1.798687 1.731102 1.663317 1.599388 1.534325 1.471703 1.405046 1.344661 1.286310 1.225756 1.169369 1.113682 1.058503 1.006103 0.952180 0.901693 0.852449 0.803196 0.754738 0.703986 0.657401 0.605656 0.556033 0.507673 0.450176 0.391850 0.328414 0.271236 0.201483 0.139432 0.076516
3.587082 3.567633 3.539338 3.508025 3.473371 3.426150 3.392114 3.357568 3.323044 3.297850 3.270775 3.236834 3.188319 3.137943 3.068135 3.004118 2.938838 2.898199 2.857815 2.791309 2.716695 2.651086 2.595426 2.532169 2.458316 2.394641 2.328609 2.254635 2.192240 2.122900 2.054873 1.989006 1.922593 1.853216 1.787424 1.721633 1.658960 1.594969 1.535589 1.471665 1.412127 1.355208 1.297290 1.242383 1.187419 1.134062 1.084360 1.034945 0.985730 0.936844 0.887048 0.839088 0.790545 0.740295 0.689312 0.636685 0.585402 0.532357 0.472372 0.408987 0.352394 0.280155 0.217828 0.151617
3.627353 3.607892 3.580261 3.548232 3.515360 3.466389 3.432512 3.397770 3.362904 3.338484 3.311556 3.277827 3.229028 3.177341 3.108113 3.043019 2.979815 2.938042 2.897178 2.831669 2.756378 2.691919 2.637368 2.573773 2.500728 2.436474 2.371747 2.297710 2.236441 2.168753 2.101284 2.035696 1.970316 1.902215 1.838402 1.775558 1.712511 1.650448 1.594453 1.531331 1.473128 1.416941 1.361721 1.308409 1.257199 1.206655 1.155206 1.106317 1.058653 1.011611 0.963758 0.917550 0.866493 0.815348 0.763339 0.709227 0.658291 0.604898 0.539858 0.488834 0.420231 0.348969 0.284345 0.218062
3.662458 3.643616 3.615547 3.583849 3.550585 3.501287 3.467385 3.433349 3.397666 3.373408 3.346957 3.313320 3.264313 3.211321 3.141689 3.077524 3.015447 2.973752 2.932487 2.866985 2.792069 2.727795 2.674648 2.609566 2.538479 2.474173 2.409134 2.336761 2.276004 2.208877 2.142090 2.077475 2.014358 1.946037 1.883711 1.823425 1.760942 1.699566 1.646071 1.585119 1.529343 1.473028 1.419301 1.367709 1.316797 1.269326 1.219967 1.171594 1.124606 1.079083 1.032556 0.984185 0.936372 0.880635 0.826461 0.773685 0.722598 0.668317 0.599770 0.543926 0.481857 0.407775 0.339812 0.273062
3.692781 3.673438 3.646265 3.614043 3.580887 3.532064 3.497388 3.463570 3.427398 3.403787 3.376974 3.344400 3.295413 3.241660 3.171692 3.106442 3.046812 3.002995 2.961828 2.896989 2.822069 2.759059 2.707319 2.642270 2.569810 2.505387 2.442592 2.370041 2.309886 2.244343 2.178235 2.114117 2.051970 1.985544 1.924677 1.866799 1.802831 1.743769 1.692243 1.632733 1.578532 1.523583 1.471176 1.420764 1.371288 1.324050 1.277258 1.229462 1.184280 1.137559 1.091839 1.041675 0.995322 0.939600 0.885041 0.828340 0.773535 0.719819 0.651166 0.598609 0.525089 0.451179 0.382782 0.309131
3.718483 3.699301 3.671620 3.639495 3.606578 3.556385 3.521788 3.488759 3.452234 3.428874 3.402217 3.370025 3.321148 3.266198 3.196671 3.131548 3.071282 3.027812 2.988073 2.922508 2.848065 2.785148 2.734326 2.668488 2.597438 2.533485 2.470888 2.398422 2.339910 2.274428 2.209570 2.145942 2.084234 2.019324 1.959309 1.905029 1.841452 1.782291 1.732795 1.676094 1.623537 1.567922 1.516460 1.467578 1.418918 1.373359 1.325856 1.281592 1.234151 1.190432 1.143540 1.095186 1.045289 0.989517 0.934169 0.877923 0.816028 0.758737 0.693231 0.638925 0.558539 0.488852 0.413597 0.341210
3.660156 3.635197 3.601197 3.563004 3.523641 3.467811 3.428265 3.388464 3.347515 3.316458 3.284554 3.243320 3.186933 3.131145 3.055216 2.984578 2.916535 2.869693 2.822999 2.750033 2.669061 2.599628 2.537515 2.468679 2.390120 2.321243 2.248839 2.170604 2.101922 2.027832 1.953656 1.881331 1.810156 1.733703 1.662363 1.589188 1.519462 1.449964 1.383294 1.309683 1.243260 1.182225 1.116186 1.053269 0.992816 0.933574 0.874064 0.816772 0.760946 0.705882 0.651155 0.599142 0.544681 0.495826 0.443509 0.390207 0.333827 0.273164 0.218215 0.149363 0.091577 0.030815 -0.039274 -0.106793
3.646210 3.622216 3.589693 3.552736 3.513319 3.460193 3.422054 3.383004 3.343429 3.312782 3.282049 3.241935 3.187064 3.132522 3.057897 2.988489 2.920787 2.875350 2.830017 2.758072 2.678051 2.609543 2.549093 2.481297 2.403966 2.336214 2.264282 2.187271 2.119746 2.046392 1.972987 1.902353 1.832518 1.757044 1.686729 1.614859 1.546226 1.478622 1.413079 1.341042 1.276483 1.214677 1.151318 1.091254 1.030902 0.972297 0.915096 0.858842 0.804272 0.749825 0.698198 0.646205 0.593766 0.544713 0.494039 0.440491 0.386209 0.326885 0.268965 0.202690 0.144504 0.081083 0.015222 -0.059986
3.632252 3.609536 3.577232 3.542386 3.504245 3.452095 3.414561 3.376795 3.337929 3.309234 3.279190 3.241060 3.187776 3.133712 3.060465 2.992042 2.924950 2.881560 2.837109 2.766212 2.687391 2.618807 2.560543 2.493341 2.417311 2.350988 2.280111 2.202916 2.137594 2.064888 1.992697 1.922957 1.854090 1.779546 1.710962 1.640668 1.573994 1.506451 1.442153 1.371878 1.309155 1.249412 1.185678 1.127488 1.068199 1.012473 0.956524 0.900880 0.848320 0.796419 0.743301 0.692635 0.641701 0.593882 0.541504 0.488786 0.437436 0.376445 0.319279 0.253934 0.195404 0.125664 0.065209 -0.004671
3.617325 3.596089 3.564692 3.531324 3.495235 3.444863 3.407395 3.369361 3.333983 3.305363 3.276619 3.240113 3.187799 3.135461 3.063116 2.995721 2.929160 2.886231 2.842931 2.773712 2.696817 2.629595 2.571614 2.505640 2.429822 2.364848 2.294972 2.219266 2.154377 2.084096 2.012477 1.943675 1.875566 1.802486 1.735103 1.666665 1.600355 1.534806 1.472615 1.403834 1.341773 1.283199 1.220810 1.163202 1.106488 1.052966 0.997138 0.944357 0.891817 0.840384 0.789034 0.739802 0.689645 0.641699 0.589943 0.535197 0.486440 0.425258 0.368871 0.306409 0.244818 0.179021 0.115220 0.045243
3.603707 3.583352 3.552996 3.520411 3.485219 3.435746 3.401014 3.365218 3.328577 3.301698 3.273867 3.237895 3.188053 3.135873 3.065253 2.999298 2.933721 2.892297 2.849017 2.782548 2.705129 2.639026 2.581673 2.518003 2.443303 2.378497 2.310443 2.235355 2.172042 2.101325 2.032117 1.964331 1.897220 1.826506 1.759311 1.692289 1.627342 1.563039 1.500366 1.435063 1.373939 1.316563 1.255695 1.200026 1.144638 1.090396 1.038032 0.984683 0.934647 0.884976 0.835070 0.785733 0.736811 0.687813 0.635261 0.583983 0.533987 0.477304 0.416081 0.355576 0.290727 0.227894 0.158743 0.097679
3.588985 3.570330 3.541580 3.510648 3.475554 3.427866 3.392931 3.357749 3.324401 3.298548 3.271886 3.237143 3.188200 3.137598 3.068057 3.003187 2.938818 2.897165 2.855892 2.790254 2.714053 2.649206 2.593343 2.529935 2.456424 2.392352 2.325996 2.251889 2.189987 2.120503 2.052121 1.985418 1.919098 1.849371 1.783853 1.717867 1.653881 1.590432 1.531441 1.465906 1.406500 1.349104 1.291771 1.236872 1.181183 1.129068 1.077689 1.026985 0.977049 0.929127 0.880359 0.832399 0.782757 0.732917 0.682998 0.630196 0.580524 0.524696 0.464110 0.401683 0.343726 0.271095 0.209498 0.147989
3.575080 3.557134 3.528719 3.499158 3.466635 3.420211 3.385802 3.352582 3.319178 3.294629 3.269115 3.236004 3.188479 3.138332 3.070618 3.006643 2.942752 2.902810 2.863291 2.798676 2.722997 2.658869 2.604276 2.541873 2.470293 2.406094 2.340542 2.268015 2.206948 2.138516 2.070963 2.006039 1.940288 1.872359 1.807326 1.742716 1.681533 1.618629 1.560421 1.497383 1.439141 1.382185 1.325424 1.272423 1.219124 1.167280 1.117374 1.067655 1.019323 0.972532 0.925515 0.877955 0.830710 0.779206 0.726431 0.676100 0.625633 0.571388 0.509669 0.451268 0.392703 0.321560 0.255903 0.195854
3.560520 3.543507 3.517550 3.489048 3.456491 3.411679 3.378768 3.346267 3.315320 3.291337 3.266194 3.234784 3.189030 3.140000 3.073068 3.010421 2.947136 2.907898 2.870133 2.806615 2.731792 2.669324 2.615866 2.554736 2.483375 2.420265 2.356234 2.284420 2.223851 2.156814 2.090781 2.027532 1.961650 1.895739 1.831588 1.768991 1.707857 1.646220 1.589879 1.528206 1.471630 1.414384 1.360764 1.308297 1.257478 1.207475 1.158465 1.109134 1.063071 1.015343 0.969986 0.921212 0.875878 0.823038 0.771292 0.719169 0.670046 0.620322 0.554621 0.497296 0.439873 0.364817 0.300737 0.245516
3.546764 3.529965 3.505846 3.477405 3.447402 3.403633 3.372292 3.339935 3.309523 3.287650 3.263812 3.234063 3.189213 3.141387 3.075466 3.013692 2.951324 2.913176 2.876448 2.814096 2.741744 2.678808 2.626786 2.566209 2.495765 2.434329 2.371806 2.300799 2.241601 2.174875 2.109906 2.047300 1.983487 1.917998 1.854485 1.794817 1.733894 1.674371 1.619267 1.560429 1.503579 1.447935 1.395015 1.342642 1.293744 1.245994 1.196688 1.151060 1.104188 1.058346 1.013348 0.967486 0.922230 0.868179 0.814651 0.764687 0.716472 0.661823 0.599295 0.544446 0.484977 0.411720 0.342789 0.289847
3.533018 3.517042 3.494079 3.466442 3.436688 3.395008 3.365379 3.333384 3.304920 3.283948 3.261278 3.232765 3.189565 3.141995 3.077794 3.017326 2.956296 2.919209 2.882607 2.821879 2.750454 2.688942 2.638119 2.578793 2.509412 2.447934 2.386067 2.316466 2.258503 2.192868 2.129443 2.067179 2.005570 1.941356 1.878913 1.820622 1.760816 1.701486 1.649397 1.591357 1.535821 1.479915 1.429595 1.379721 1.331592 1.284126 1.237108 1.191346 1.145355 1.100727 1.058092 1.012663 0.965520 0.910585 0.857107 0.805706 0.757466 0.709476 0.644348 0.591461 0.531555 0.455446 0.391526 0.337173
3.590902 3.571056 3.542207 3.510499 3.475805 3.429090 3.394364 3.360072 3.326122 3.300965 3.274975 3.239895 3.191899 3.139532 3.069373 3.003749 2.940441 2.901162 2.860434 2.792226 2.714958 2.651545 2.598562 2.531969 2.458794 2.397417 2.328425 2.256825 2.193589 2.123976 2.056378 1.989478 1.922915 1.853728 1.788606 1.723191 1.660690 1.596965 1.538077 1.472928 1.414592 1.357843 1.298906 1.244587 1.190407 1.138834 1.084804 1.034744 0.983522 0.935079 0.885172 0.835791 0.789331 0.739317 0.689594 0.637474 0.585939 0.520663 0.463068 0.391775 0.332188 0.262336 0.193089 0.128848
3.589640 3.569866 3.541440 3.510393 3.476479 3.428870 3.393982 3.359370 3.325954 3.300179 3.273359 3.239709 3.191255 3.139792 3.070112 3.004564 2.941308 2.900736 2.859988 2.792833 2.717174 2.652957 2.597121 2.534513 2.460870 2.396778 2.330214 2.256394 2.194256 2.124974 2.057403 1.990571 1.924005 1.855103 1.789222 1.723932 1.661959 1.598073 1.538634 1.474076 1.415113 1.358178 1.299792 1.245309 1.191236 1.139927 1.087102 1.037919 0.988059 0.938872 0.890915 0.842313 0.793618 0.743292 0.692164 0.640045 0.590667 0.534746 0.471279 0.411415 0.352142 0.278001 0.217553 0.152509
3.581239 3.561580 3.534540 3.502887 3.468936 3.421161 3.387418 3.352571 3.318640 3.292346 3.266160 3.231721 3.182354 3.132382 3.062966 2.998812 2.933109 2.892524 2.851406 2.786608 2.709993 2.645170 2.589990 2.526943 2.453462 2.389962 2.323423 2.249812 2.187226 2.117368 2.049698 1.983451 1.916292 1.847535 1.782064 1.715841 1.652886 1.588691 1.529668 1.464161 1.403682 1.347890 1.289721 1.233732 1.180160 1.126545 1.076167 1.024512 0.976646 0.926496 0.880099 0.830332 0.781890 0.732897 0.681474 0.628376 0.578243 0.524884 0.465341 0.405020 0.345014 0.274547 0.213189 0.147740
3.564182 3.544709 3.516556 3.484810 3.451072 3.404149 3.369493 3.334726 3.300999 3.275150 3.248508 3.214095 3.164354 3.114713 3.045079 2.981469 2.916370 2.875279 2.834171 2.768566 2.692103 2.627031 2.571413 2.508337 2.434116 2.371497 2.303972 2.230214 2.168135 2.097587 2.029076 1.962247 1.895190 1.825704 1.759876 1.692413 1.628678 1.563372 1.504069 1.437962 1.377001 1.320177 1.261352 1.205602 1.149413 1.097172 1.042994 0.994195 0.943729 0.894084 0.846622 0.798459 0.749973 0.702855 0.651712 0.597584 0.545590 0.494884 0.434852 0.374348 0.317845 0.246835 0.189104 0.127258
3.527071 3.507375 3.479225 3.447253 3.413550 3.366500 3.331431 3.296843 3.263936 3.238042 3.211437 3.177698 3.128746 3.078164 3.007328 2.942894 2.878317 2.839927 2.798964 2.731328 2.653115 2.589046 2.534040 2.470455 2.393787 2.332065 2.263552 2.188485 2.126002 2.054523 1.986056 1.917540 1.849647 1.776937 1.710148 1.641330 1.577133 1.510909 1.449002 1.380579 1.318671 1.260541 1.197811 1.141281 1.085629 1.029459 0.972716 0.920542 0.868794 0.817923 0.767836 0.718484 0.671997 0.627886 0.577623 0.521894 0.470150 0.418720 0.369754 0.301848 0.249718 0.189395 0.122168 0.063166
3.440445 3.418294 3.390576 3.358183 3.322777 3.277521 3.242357 3.206667 3.174605 3.149156 3.122373 3.089999 3.042961 2.990255 2.917682 2.852429 2.788159 2.751362 2.714030 2.641470 2.561374 2.498201 2.442690 2.377285 2.299103 2.239327 2.167814 2.092247 2.027790 1.953958 1.883791 1.813205 1.743966 1.667813 1.598146 1.525742 1.460862 1.389663 1.322843 1.251626 1.186082 1.124174 1.058017 0.996774 0.935333 0.872441 0.813903 0.757335 0.700208 0.645920 0.592281 0.540201 0.489284 0.452177 0.401615 0.346823 0.301741 0.236504 0.195166 0.119149 0.074479 0.010456 -0.057801 -0.102043
3.221325 3.200616 3.172415 3.137699 3.102302 3.056291 3.020708 2.985993 2.952203 2.927813 2.900425 2.868777 2.822876 2.764438 2.691965 2.624106 2.564189 2.523533 2.487192 2.414625 2.332563 2.267140 2.218913 2.147407 2.065949 2.006724 1.932123 1.856188 1.789586 1.711871 1.639524 1.564924 1.493009 1.413165 1.339944 1.265396 1.191500 1.114340 1.040885 0.967300 0.894815 0.821817 0.750017 0.680357 0.608891 0.543074 0.474718 0.410522 0.342086 0.278463 0.217774 0.157464 0.101237 0.054506 -0.007000 -0.060821 -0.095864 -0.189921 -0.237020 -0.315304 -0.361195 -0.427412 -0.485753 -0.531407
2.721111 2.707862 2.672823 2.639217 2.602982 2.549261 2.510516 2.489309 2.442457 2.422144 2.394195 2.356484 2.307297 2.217146 2.159361 2.087109 2.063848 1.975564 1.921244 1.875722 1.809361 1.726694 1.705900 1.613971 1.533726 1.459898 1.391799 1.313197 1.243161 1.164062 1.086614 1.014887 0.935231 0.853975 0.777126 0.725096 0.615240 0.533138 0.460212 0.395538 0.312467 0.205132 0.131843 0.045459 -0.032851 -0.095432 -0.193443 -0.268250 -0.347953 -0.431221 -0.508825 -0.586355 -0.670333 -0.796590 -0.897923 -0.966629 -0.996924 -1.073477 -1.201261 -1.186733 -1.282027 -1.348823 -1.383507 -1.454296
1.707230 1.717269 1.670119 1.640381 1.605754 1.532802 1.493468 1.506321 1.412874 1.410756 1.373225 1.319518 1.237695 1.014555 1.015007 0.981709 1.083248 0.827643 0.675699 0.716912 0.744038 0.567212 0.676047 0.486348 0.438688 0.351478 0.262839 0.173212 0.106044 0.030028 -0.053726 -0.061362 -0.196270 -0.230544 -0.337525 -0.280850 -0.512386 -0.589742 -0.618984 -0.633179 -0.739732 -0.951933 -0.998332 -1.123141 -1.167996 -1.248047 -1.398012 -1.468463 -1.561340 -1.688730 -1.795028 -1.902666 -2.034498 -2.297801 -2.387307 -2.383531 -2.331447 -2.616648 -2.767221 -2.715554 -2.858994 -2.972920 -2.964832 -3.103315
-0.098354 -0.035745 -0.100217 -0.114876 -0.149712 -0.149785 -0.147278 -0.200410 -0.302589 -0.358006 -0.423856 -0.515799 -0.738176 -1.244738 -1.147508 -0.786454 -0.607039 -0.989395 -1.424319 -1.448378 -1.066844 -1.649915 -1.135596 -1.640398 -1.486247 -1.315728 -1.794013 -1.952696 -1.993319 -2.074548 -2.146745 -1.745301 -2.245460 -1.983874 -2.326187 -1.955802 -2.487896 -2.544952 -2.433538 -2.293198 -2.458554 -2.924088 -2.873085 -3.076279 -2.869458 -3.143802 -3.377007 -3.396357 -3.489084 -3.678926 -3.799568 -3.934057 -4.069399 -4.243554 -4.319913 -4.146770 -4.012236 -4.858083 -5.256794 -5.098997 -5.333105 -5.489431 -5.441450 -5.687361
3.596851 3.578292 3.550080 3.518854 3.482813 3.435053 3.399137 3.365290 3.331018 3.307493 3.281768 3.247593 3.195745 3.145737 3.073992 3.008488 2.943825 2.904043 2.864706 2.801457 2.712992 2.649426 2.606290 2.538446 2.456307 2.405080 2.334869 2.260751 2.202001 2.127325 2.061906 1.995371 1.928557 1.858783 1.792768 1.725663 1.662874 1.599694 1.538731 1.477727 1.417413 1.360991 1.303298 1.250143 1.197851 1.145538 1.094566 1.044607 0.994824 0.945665 0.898209 0.850295 0.804595 0.750313 0.702987 0.656696 0.596918 0.540593 0.477051 0.421273 0.357964 0.292694 0.229829 0.172572
3.594174 3.575993 3.547352 3.516160 3.481753 3.434113 3.400511 3.365313 3.331883 3.305272 3.279128 3.243684 3.195679 3.146056 3.077450 3.012602 2.947453 2.905981 2.865575 2.802108 2.724253 2.658321 2.605260 2.543784 2.467762 2.405149 2.340340 2.264705 2.203546 2.134345 2.066757 2.000696 1.935862 1.865557 1.801755 1.737213 1.674246 1.611679 1.552328 1.490084 1.431509 1.374850 1.317609 1.262548 1.210002 1.155633 1.105335 1.054685 1.004396 0.955687 0.905225 0.856766 0.807962 0.762238 0.713160 0.657520 0.606301 0.549465 0.487699 0.428045 0.359686 0.291008 0.221708 0.156862
3.598377 3.578645 3.550066 3.519252 3.486044 3.437371 3.404004 3.368268 3.335769 3.309100 3.281717 3.247661 3.199504 3.150160 3.081326 3.017376 2.952372 2.910523 2.870029 2.804376 2.729274 2.664869 2.608113 2.546933 2.473429 2.407865 2.343430 2.269892 2.207163 2.139809 2.070580 2.005047 1.939358 1.871204 1.805526 1.740455 1.677030 1.615003 1.553882 1.491536 1.431314 1.375195 1.317588 1.261134 1.207332 1.153749 1.101293 1.049216 0.999431 0.950436 0.899203 0.851061 0.802408 0.755343 0.701147 0.648787 0.599139 0.538278 0.482603 0.413304 0.349136 0.279313 0.208712 0.142351
3.598411 3.578710 3.550341 3.517876 3.482673 3.435545 3.401161 3.366418 3.333491 3.308913 3.281590 3.247623 3.199953 3.148304 3.076855 3.010746 2.947935 2.907732 2.868850 2.800923 2.722347 2.659005 2.607837 2.541472 2.466565 2.406387 2.338533 2.264797 2.203867 2.133095 2.065221 1.998327 1.932955 1.862324 1.797429 1.731802 1.667610 1.605373 1.545813 1.480426 1.421458 1.364961 1.306822 1.251273 1.198043 1.145807 1.092435 1.041832 0.992085 0.943502 0.894332 0.845032 0.797168 0.744941 0.691423 0.644425 0.592564 0.530917 0.473021 0.409312 0.349274 0.277656 0.207353 0.152163
3.593775 3.574248 3.545898 3.514298 3.478563 3.430563 3.396793 3.362013 3.327981 3.303792 3.276793 3.243181 3.195177 3.144039 3.072461 3.006460 2.942422 2.902969 2.863767 2.795530 2.718376 2.653857 2.601652 2.536287 2.461983 2.399625 2.333230 2.257947 2.197741 2.126874 2.059615 1.992253 1.926108 1.858088 1.791229 1.725412 1.662018 1.598773 1.541032 1.475070 1.416780 1.360074 1.301939 1.247279 1.194245 1.143238 1.090396 1.041219 0.991371 0.942248 0.894669 0.846112 0.797564 0.743107 0.691734 0.642188 0.592259 0.533660 0.475600 0.411421 0.353735 0.286397 0.223713 0.163873
3.593152 3.574817 3.545087 3.513938 3.479222 3.431181 3.396736 3.361842 3.327808 3.302523 3.274480 3.242247 3.195227 3.143231 3.073464 3.008045 2.943532 2.902783 2.862607 2.796365 2.720757 2.656124 2.599651 2.537348 2.464544 2.398480 2.333736 2.258181 2.196098 2.127633 2.059105 1.992854 1.926596 1.857621 1.792163 1.728153 1.665264 1.601785 1.542226 1.477693 1.419435 1.363120 1.304558 1.251217 1.197608 1.144459 1.093113 1.043052 0.992812 0.945321 0.897632 0.849146 0.801229 0.748373 0.696950 0.645151 0.597166 0.536430 0.481967 0.421245 0.361319 0.289358 0.228641 0.167531
3.597928 3.578409 3.548764 3.517442 3.483620 3.434913 3.400328 3.365428 3.330835 3.306568 3.279511 3.247021 3.199179 3.147618 3.076738 3.012117 2.946569 2.907305 2.868062 2.799417 2.723940 2.659058 2.604568 2.540120 2.467703 2.402649 2.336483 2.262584 2.200356 2.131179 2.062621 1.997400 1.929606 1.861496 1.795359 1.731984 1.668028 1.605106 1.546760 1.481529 1.422906 1.367113 1.307394 1.254312 1.199966 1.145964 1.095312 1.043490 0.995456 0.945231 0.896700 0.849633 0.800103 0.749732 0.699861 0.646859 0.598896 0.541136 0.483158 0.420684 0.357705 0.287281 0.225124 0.163711
3.596608 3.576847 3.547977 3.517670 3.482804 3.434778 3.400808 3.366043 3.330630 3.306559 3.280133 3.246580 3.197996 3.146367 3.075759 3.012101 2.947402 2.906690 2.867386 2.798742 2.722723 2.658879 2.604921 2.539855 2.466938 2.403145 2.336084 2.262757 2.200834 2.131375 2.063011 1.997100 1.931064 1.861978 1.795893 1.730464 1.666378 1.603529 1.544916 1.479870 1.420430 1.365021 1.305538 1.251305 1.196644 1.145120 1.093021 1.042071 0.992389 0.943178 0.895969 0.846768 0.799100 0.749325 0.699115 0.647086 0.598378 0.537589 0.479574 0.415163 0.355676 0.287893 0.219888 0.161838
3.587759 3.568698 3.539649 3.508511 3.474454 3.427120 3.393139 3.358103 3.323690 3.298688 3.271961 3.238216 3.189602 3.138535 3.069038 3.004427 2.940461 2.899106 2.858906 2.791548 2.717312 2.651754 2.596005 2.532734 2.459580 2.395043 2.329413 2.255700 2.193417 2.124249 2.056293 1.990445 1.923217 1.853668 1.788354 1.723257 1.659577 1.596199 1.536146 1.472893 1.412612 1.356054 1.298429 1.243250 1.190394 1.137859 1.084971 1.034057 0.985701 0.936807 0.888943 0.839630 0.791573 0.742508 0.690459 0.637988 0.590130 0.535489 0.470776 0.411801 0.350656 0.283102 0.217157 0.159331
3.572672 3.553986 3.525457 3.493671 3.459353 3.411725 3.377365 3.342247 3.308611 3.283481 3.257070 3.221171 3.172028 3.120566 3.051936 2.986193 2.920382 2.881108 2.841486 2.775987 2.695880 2.630376 2.579870 2.515375 2.437455 2.377478 2.310948 2.234821 2.173897 2.102763 2.036245 1.968078 1.902466 1.831794 1.766113 1.699636 1.636306 1.573172 1.513338 1.447878 1.387982 1.331547 1.272724 1.217846 1.164682 1.110944 1.058647 1.007218 0.958979 0.909034 0.861622 0.814414 0.764860 0.714316 0.661822 0.608870 0.558904 0.511926 0.448059 0.392731 0.333692 0.267778 0.200313 0.142547
3.598807 3.579920 3.552139 3.521359 3.488596 3.441208 3.407367 3.372976 3.338449 3.313987 3.287440 3.254232 3.205500 3.155104 3.086209 3.021539 2.957319 2.916349 2.875977 2.810797 2.735930 2.670459 2.615061 2.552297 2.479590 2.414872 2.349024 2.275663 2.213852 2.144969 2.077382 2.011745 1.945385 1.877247 1.811027 1.747140 1.684523 1.621286 1.561880 1.499148 1.440519 1.383387 1.326837 1.272279 1.218973 1.168168 1.117506 1.066832 1.018218 0.969228 0.921010 0.874874 0.825947 0.775206 0.724204 0.670767 0.620815 0.565720 0.504842 0.448544 0.383786 0.315944 0.250422 0.185363
3.588569 3.568977 3.541378 3.510055 3.475796 3.428618 3.394453 3.359159 3.325375 3.299914 3.273933 3.239570 3.190639 3.140339 3.070889 3.006305 2.942219 2.900655 2.859767 2.794450 2.718963 2.654071 2.597613 2.534838 2.461612 2.398194 2.331868 2.257397 2.195103 2.126314 2.058830 1.992146 1.925968 1.857114 1.791009 1.725198 1.662497 1.599396 1.540700 1.475265 1.416672 1.358804 1.302122 1.246246 1.192727 1.140225 1.089454 1.038777 0.989984 0.940056 0.892974 0.843798 0.795565 0.745242 0.693968 0.643104 0.593421 0.539108 0.476063 0.415967 0.354167 0.284877 0.221088 0.160599
3.578927 3.559343 3.530872 3.499103 3.463835 3.416043 3.381716 3.346451 3.311774 3.286633 3.259261 3.225010 3.176464 3.125556 3.055643 2.990943 2.925659 2.885481 2.844291 2.778157 2.701608 2.636556 2.580770 2.517665 2.443556 2.380487 2.313101 2.239351 2.176985 2.107292 2.038867 1.972898 1.905855 1.836040 1.769477 1.703743 1.640913 1.576187 1.516791 1.452016 1.391723 1.335205 1.276116 1.220569 1.165824 1.112414 1.060317 1.009370 0.961717 0.911632 0.862986 0.815336 0.766183 0.716236 0.664564 0.613845 0.565985 0.508202 0.446853 0.387107 0.329875 0.260225 0.194523 0.130108
3.569118 3.549361 3.519798 3.487208 3.451963 3.404376 3.369105 3.333417 3.299332 3.273227 3.246708 3.211242 3.161754 3.110877 3.040183 2.975556 2.910129 2.869798 2.828677 2.761285 2.685313 2.619771 2.563566 2.500466 2.426549 2.362734 2.294991 2.221388 2.158332 2.087721 2.019723 1.953100 1.886146 1.815735 1.748496 1.682360 1.617974 1.553777 1.494622 1.428346 1.366486 1.310561 1.250652 1.194180 1.140374 1.086970 1.033271 0.981636 0.931490 0.882226 0.832840 0.784828 0.735761 0.686170 0.634804 0.582764 0.536290 0.479049 0.419520 0.358038 0.301458 0.232677 0.169931 0.102526
3.560227 3.540010 3.509940 3.476218 3.440715 3.392834 3.356827 3.321491 3.286610 3.259935 3.232549 3.197428 3.147499 3.095496 3.024911 2.960023 2.894174 2.854760 2.813086 2.745301 2.668275 2.603180 2.546072 2.482629 2.408188 2.344519 2.276489 2.202343 2.139738 2.069243 1.999696 1.932305 1.865474 1.794481 1.727481 1.660449 1.595810 1.531602 1.470361 1.403670 1.342412 1.284768 1.224884 1.167788 1.112686 1.059697 1.005357 0.952350 0.902011 0.851725 0.802681 0.753646 0.705256 0.655872 0.603503 0.553538 0.504072 0.447888 0.388899 0.329862 0.269213 0.203198 0.143657 0.075624
3.552153 3.530687 3.500854 3.466992 3.430286 3.381288 3.345215 3.308699 3.273646 3.246665 3.218606 3.183283 3.133193 3.081524 3.009529 2.943467 2.878514 2.838377 2.797416 2.729280 2.650085 2.585738 2.529034 2.465465 2.390410 2.326758 2.258082 2.183959 2.120212 2.049244 1.980235 1.912974 1.845249 1.774708 1.706212 1.638634 1.574520 1.507812 1.446726 1.379461 1.317465 1.259537 1.199040 1.141559 1.086036 1.031422 0.976553 0.925037 0.872505 0.822206 0.772973 0.722305 0.674458 0.625667 0.571703 0.522728 0.472032 0.417955 0.357461 0.299702 0.242279 0.176980 0.116445 0.045521
3.544831 3.522596 3.490330 3.456249 3.418925 3.370310 3.333051 3.296686 3.261285 3.234134 3.206624 3.170000 3.118714 3.066167 2.993923 2.928348 2.862853 2.823138 2.781110 2.712202 2.633289 2.568320 2.511992 2.447329 2.372405 2.308809 2.239600 2.165221 2.101496 2.030320 1.961023 1.892837 1.824558 1.752438 1.684433 1.616286 1.551406 1.484898 1.421376 1.354668 1.293386 1.233495 1.173030 1.115868 1.059238 1.003418 0.948184 0.894706 0.843981 0.791856 0.742103 0.692112 0.643037 0.593065 0.542138 0.492005 0.440658 0.388845 0.326538 0.270607 0.213326 0.152132 0.090827 0.020457
3.537271 3.514684 3.482555 3.447624 3.409601 3.359008 3.322200 3.283786 3.249116 3.221457 3.193299 3.156473 3.105377 3.051964 2.978841 2.912276 2.846283 2.807164 2.765400 2.695204 2.615504 2.551277 2.494634 2.430356 2.354396 2.291099 2.220621 2.145910 2.082249 2.009954 1.940916 1.872233 1.803224 1.730757 1.662868 1.592737 1.528793 1.462778 1.398526 1.330228 1.268162 1.208179 1.146810 1.088870 1.031820 0.975384 0.920553 0.866378 0.812130 0.760755 0.711205 0.659306 0.610762 0.561185 0.509286 0.458197 0.408345 0.358882 0.296208 0.243252 0.182459 0.128119 0.064508 -0.007470
3.531146 3.506433 3.473425 3.438141 3.398744 3.347484 3.310570 3.271805 3.237460 3.208979 3.179374 3.143259 3.091508 3.037331 2.963565 2.896781 2.831007 2.791587 2.749806 2.679411 2.598111 2.534055 2.477075 2.411633 2.335206 2.272588 2.201021 2.127500 2.063155 1.990075 1.920219 1.850468 1.782086 1.709175 1.640963 1.570753 1.505871 1.438364 1.375390 1.305521 1.242416 1.182823 1.120426 1.060364 1.004812 0.947771 0.889688 0.835554 0.783755 0.730023 0.679657 0.628515 0.578710 0.528114 0.475743 0.426696 0.371349 0.323522 0.266083 0.215100 0.149267 0.096671 0.035628 -0.039239
3.524973 3.499324 3.466425 3.428904 3.389383 3.337242 3.299631 3.260570 3.225732 3.196824 3.167238 3.130229 3.077450 3.022891 2.948954 2.880842 2.814817 2.776072 2.733706 2.662505 2.580092 2.516522 2.459946 2.394167 2.315911 2.254075 2.183524 2.107560 2.043739 1.970787 1.899828 1.830137 1.761433 1.688204 1.618270 1.548348 1.482782 1.414757 1.349532 1.280993 1.217166 1.156698 1.094405 1.034401 0.976043 0.917951 0.860059 0.806642 0.752044 0.699538 0.648091 0.596855 0.547317 0.495932 0.442328 0.392636 0.339405 0.291207 0.233022 0.182381 0.120008 0.066645 0.010801 -0.065597
3.613573 3.594851 3.567828 3.538222 3.505768 3.460175 3.428933 3.396749 3.364704 3.341678 3.315710 3.280810 3.229634 3.176534 3.107302 3.047530 2.989743 2.951024 2.906510 2.835620 2.761523 2.703970 2.651043 2.581326 2.510300 2.449530 2.381941 2.310754 2.250028 2.181785 2.115103 2.050123 1.985241 1.917581 1.853732 1.790983 1.728317 1.667753 1.612715 1.549808 1.492092 1.435383 1.381640 1.327712 1.276183 1.228041 1.177412 1.130472 1.082078 1.036243 0.990315 0.942587 0.895052 0.839705 0.789193 0.735195 0.686325 0.635637 0.571585 0.515309 0.450779 0.378881 0.315021 0.247205
3.605420 3.586770 3.559304 3.528398 3.496400 3.450296 3.417728 3.384406 3.352497 3.328306 3.302491 3.267811 3.217406 3.165103 3.095722 3.034263 2.974739 2.935105 2.891757 2.822702 2.748056 2.687819 2.634353 2.566856 2.495762 2.433485 2.366483 2.293947 2.232459 2.163901 2.096763 2.030972 1.966611 1.899081 1.833990 1.771134 1.707489 1.645686 1.588071 1.525741 1.467701 1.411757 1.355493 1.302347 1.250617 1.198375 1.149997 1.101328 1.053235 1.005536 0.960980 0.911481 0.864359 0.812013 0.759210 0.706470 0.655902 0.607328 0.539714 0.483938 0.421079 0.347537 0.282100 0.224397
3.597135 3.578626 3.550640 3.519835 3.487061 3.439654 3.406902 3.373096 3.339341 3.315101 3.288610 3.254745 3.205449 3.152967 3.084292 3.021258 2.959417 2.918990 2.877757 2.808731 2.733919 2.671896 2.617237 2.551906 2.479691 2.416636 2.349650 2.277115 2.215308 2.146207 2.078559 2.013825 1.947498 1.878564 1.813572 1.749996 1.686586 1.624373 1.567136 1.501739 1.444235 1.387203 1.330637 1.276248 1.224451 1.174316 1.122129 1.072203 1.023267 0.975314 0.928248 0.881983 0.832623 0.780614 0.728737 0.677525 0.628617 0.574775 0.509830 0.452719 0.391088 0.319067 0.252489 0.192145
3.589840 3.570582 3.541874 3.511129 3.476597 3.429527 3.395415 3.360191 3.326983 3.301937 3.275644 3.241134 3.192398 3.141529 3.072352 3.008353 2.943821 2.903235 2.862270 2.795844 2.719746 2.656213 2.600842 2.537571 2.464428 2.401131 2.333725 2.260608 2.197870 2.129049 2.060688 1.994454 1.928597 1.859935 1.793528 1.729083 1.665805 1.602556 1.542824 1.478712 1.420015 1.362681 1.305742 1.251429 1.196491 1.145228 1.094000 1.043409 0.995256 0.945814 0.896803 0.851209 0.801436 0.752302 0.698659 0.647288 0.598255 0.542387 0.480275 0.420936 0.362354 0.289725 0.223149 0.164409
3.581462 3.561753 3.533462 3.501972 3.468015 3.419769 3.385613 3.349351 3.314716 3.289227 3.261855 3.228464 3.179641 3.129503 3.060262 2.994542 2.928988 2.887630 2.847686 2.782873 2.706249 2.640375 2.583537 2.521973 2.448510 2.383879 2.317585 2.243096 2.180907 2.111259 2.042639 1.975943 1.910047 1.840248 1.773923 1.708023 1.644300 1.580823 1.520586 1.455901 1.395621 1.338816 1.280134 1.224288 1.169643 1.118771 1.065841 1.014449 0.964089 0.915546 0.867226 0.818595 0.769094 0.720533 0.668841 0.616822 0.566358 0.511825 0.451114 0.391211 0.334444 0.262386 0.200427 0.136602
3.573450 3.553969 3.524543 3.492754 3.457560 3.409231 3.373672 3.337077 3.302054 3.275870 3.248841 3.214821 3.167879 3.118210 3.048285 2.981170 2.913990 2.871497 2.832710 2.768861 2.692909 2.624044 2.567411 2.506532 2.432420 2.366465 2.300656 2.226058 2.163644 2.093743 2.024672 1.957940 1.891587 1.821341 1.753624 1.687446 1.623459 1.558761 1.499048 1.432453 1.371807 1.314113 1.254403 1.198732 1.143944 1.089695 1.036901 0.986173 0.934452 0.884909 0.836692 0.787220 0.738088 0.690719 0.638769 0.587880 0.535787 0.482423 0.420773 0.360311 0.299804 0.236464 0.172963 0.109278
3.565341 3.545912 3.516037 3.483851 3.448246 3.399122 3.363940 3.325149 3.290445 3.262619 3.235746 3.202369 3.155149 3.106067 3.036438 2.967906 2.898643 2.856204 2.817755 2.755642 2.678317 2.607966 2.549848 2.491713 2.416872 2.349106 2.283916 2.209078 2.145647 2.075851 2.006485 1.939936 1.872416 1.801332 1.733812 1.666070 1.603062 1.536667 1.474506 1.409121 1.347303 1.289542 1.229116 1.172048 1.118594 1.063554 1.009443 0.954503 0.904453 0.854830 0.805053 0.755194 0.706720 0.658729 0.608056 0.557401 0.507932 0.448676 0.391303 0.329999 0.273118 0.208799 0.144917 0.079026
3.557835 3.537433 3.507328 3.474294 3.439588 3.389268 3.351809 3.313850 3.277484 3.249396 3.222197 3.188722 3.142743 3.093932 3.024793 2.954695 2.883847 2.839834 2.803100 2.742155 2.665180 2.591525 2.533103 2.476532 2.400858 2.332676 2.268207 2.192446 2.128103 2.058405 1.987715 1.921636 1.852653 1.781774 1.713697 1.645370 1.581031 1.514790 1.453571 1.385225 1.323635 1.264318 1.203853 1.147393 1.090263 1.035009 0.979872 0.927571 0.875569 0.823567 0.773884 0.724742 0.676013 0.628959 0.576384 0.526927 0.476962 0.420494 0.363561 0.298907 0.243280 0.182722 0.121228 0.053524
3.549116 3.528759 3.498968 3.465590 3.429131 3.379467 3.340361 3.302244 3.264937 3.236457 3.208704 3.176009 3.130252 3.082454 3.012588 2.941809 2.867798 2.823786 2.787543 2.728717 2.650167 2.575238 2.516663 2.462387 2.385030 2.315672 2.251122 2.174817 2.110382 2.040511 1.969080 1.902000 1.834671 1.761899 1.694216 1.624565 1.560426 1.492877 1.429689 1.362255 1.298133 1.240850 1.178824 1.120145 1.063344 1.006808 0.951980 0.897327 0.846271 0.792600 0.742949 0.693260 0.643536 0.597261 0.545833 0.496005 0.445661 0.386823 0.333261 0.269731 0.210440 0.151272 0.093106 0.025992
3.541451 3.520842 3.490263 3.456252 3.419181 3.368978 3.330452 3.290371 3.252418 3.223446 3.195857 3.162774 3.117319 3.070756 3.000759 2.928321 2.853229 2.808130 2.773019 2.715174 2.636265 2.559624 2.500045 2.445844 2.369573 2.298714 2.234634 2.157568 2.092064 2.022687 1.951211 1.883053 1.815151 1.741439 1.673888 1.603959 1.538490 1.470988 1.407842 1.338593 1.274345 1.215416 1.152990 1.095072 1.036148 0.980854 0.923689 0.868332 0.815358 0.763136 0.711679 0.660606 0.612475 0.566846 0.515711 0.465275 0.415694 0.357509 0.301508 0.238734 0.185840 0.125574 0.068070 -0.000195
3.574579 3.557133 3.530655 3.500967 3.467577 3.421769 3.389508 3.354280 3.321329 3.296116 3.269976 3.236905 3.188907 3.137041 3.068358 3.002416 2.937766 2.896437 2.855078 2.787157 2.711341 2.645683 2.586732 2.523018 2.448902 2.382123 2.313944 2.238748 2.173401 2.102780 2.032617 1.964687 1.895404 1.823993 1.755439 1.686768 1.621319 1.555194 1.492051 1.423307 1.361117 1.302623 1.241214 1.182731 1.126344 1.070959 1.015021 0.962313 0.909871 0.859352 0.808180 0.755657 0.704553 0.656320 0.607403 0.554268 0.505237 0.437027 0.380854 0.308050 0.251570 0.177317 0.111069 0.042135
3.577259 3.559992 3.532538 3.502567 3.469199 3.423038 3.389365 3.354607 3.321824 3.296361 3.269964 3.236824 3.188559 3.137294 3.068226 3.003297 2.937754 2.896684 2.855519 2.787736 2.712424 2.646471 2.588663 2.524771 2.450916 2.385016 2.317443 2.242036 2.177939 2.107401 2.037333 1.969570 1.901099 1.830369 1.762210 1.694591 1.629199 1.563828 1.501408 1.435357 1.372681 1.313748 1.253755 1.196183 1.140143 1.084003 1.031818 0.977766 0.926716 0.875842 0.824985 0.775619 0.724319 0.675239 0.624814 0.571925 0.522268 0.462000 0.399207 0.332882 0.274883 0.204391 0.137348 0.068120
3.580131 3.561597 3.534963 3.503655 3.471282 3.424630 3.389912 3.355470 3.322621 3.296859 3.270346 3.236490 3.187910 3.137290 3.067686 3.002709 2.938060 2.897601 2.856117 2.789356 2.714044 2.647752 2.589740 2.527175 2.453744 2.387420 2.320325 2.245487 2.181996 2.111554 2.042271 1.975127 1.907507 1.835713 1.769940 1.702646 1.637282 1.573073 1.512318 1.445997 1.383631 1.325800 1.265576 1.209324 1.153567 1.099506 1.045666 0.994214 0.942777 0.891908 0.843381 0.793189 0.742932 0.694469 0.643235 0.591343 0.542203 0.481795 0.420010 0.356060 0.293710 0.222623 0.158926 0.092783
3.582962 3.564099 3.536026 3.506383 3.472298 3.425592 3.391766 3.356418 3.322555 3.297030 3.270291 3.236942 3.188919 3.137277 3.068680 3.003705 2.939143 2.897934 2.856585 2.789927 2.714399 2.649353 2.591952 2.528507 2.455278 2.390120 2.323460 2.249331 2.186301 2.116419 2.047503 1.980348 1.913498 1.842852 1.776586 1.711077 1.646406 1.582202 1.520889 1.455977 1.395116 1.337839 1.278218 1.222372 1.168622 1.112117 1.061585 1.009681 0.960321 0.909551 0.860860 0.810608 0.763229 0.713494 0.662137 0.610120 0.561336 0.500641 0.438063 0.377513 0.318581 0.248746 0.179667 0.117373
3.585510 3.566123 3.538386 3.507480 3.473315 3.425981 3.391741 3.356823 3.323074 3.297916 3.271150 3.236920 3.188951 3.137500 3.067932 3.004047 2.938811 2.898312 2.857301 2.790765 2.714983 2.650366 2.594380 2.530752 2.457895 2.393202 2.326391 2.252962 2.190122 2.120680 2.052523 1.985380 1.919416 1.850148 1.783788 1.717772 1.654325 1.591320 1.531393 1.466103 1.406555 1.348680 1.290863 1.235652 1.181128 1.129084 1.076646 1.024858 0.977195 0.927872 0.879223 0.830135 0.782783 0.731304 0.680533 0.628773 0.579279 0.522322 0.461566 0.402347 0.336821 0.273165 0.204840 0.143558
3.588288 3.569148 3.540331 3.509391 3.474435 3.426932 3.392164 3.357725 3.323188 3.297589 3.271438 3.236944 3.188758 3.137051 3.068415 3.003731 2.939902 2.898478 2.857815 2.792170 2.716199 2.651313 2.595832 2.532561 2.460269 2.395191 2.329567 2.256110 2.194156 2.125221 2.058059 1.991042 1.925367 1.856479 1.790653 1.726809 1.662980 1.600680 1.542337 1.476487 1.418020 1.360931 1.302967 1.249005 1.195534 1.143274 1.091184 1.041527 0.993132 0.943177 0.895785 0.849967 0.800678 0.750218 0.698638 0.646833 0.597720 0.544336 0.479259 0.419515 0.362078 0.289744 0.227924 0.167321
3.590729 3.571257 3.542566 3.511043 3.476836 3.427384 3.393811 3.358432 3.324095 3.298304 3.271277 3.237237 3.189049 3.138448 3.068604 3.004642 2.939732 2.898334 2.858487 2.793420 2.717035 2.652251 2.597780 2.535631 2.462426 2.398787 2.333202 2.260485 2.198668 2.129861 2.062672 1.996225 1.931113 1.863260 1.797616 1.733622 1.671080 1.608603 1.552180 1.487352 1.428616 1.372188 1.314406 1.261372 1.210175 1.158611 1.105833 1.056894 1.009055 0.960711 0.914421 0.867170 0.818651 0.768415 0.716172 0.666124 0.614919 0.564509 0.502585 0.447231 0.385095 0.317439 0.250954 0.193259
3.593335 3.573237 3.544234 3.512082 3.477699 3.429110 3.394136 3.358974 3.324635 3.298611 3.272671 3.237584 3.188496 3.137425 3.068710 3.004126 2.940283 2.899406 2.858872 2.793737 2.717196 2.653656 2.599429 2.536632 2.464210 2.400891 2.336511 2.263839 2.202256 2.134665 2.067642 2.002687 1.937468 1.869223 1.804740 1.741236 1.679020 1.617934 1.560790 1.497797 1.440058 1.384700 1.327428 1.274594 1.224414 1.172317 1.122401 1.072339 1.026259 0.978420 0.932497 0.885752 0.836706 0.786584 0.735077 0.682934 0.633003 0.586507 0.520894 0.469096 0.410143 0.342694 0.277456 0.217125
3.596276 3.575695 3.546056 3.513174 3.479133 3.430206 3.395562 3.359294 3.324999 3.298785 3.271911 3.237807 3.188285 3.137977 3.068788 3.004580 2.940685 2.899311 2.859756 2.795131 2.718895 2.654939 2.602104 2.539298 2.466494 2.404333 2.339470 2.266788 2.206200 2.138751 2.072590 2.007701 1.943892 1.875965 1.812135 1.750283 1.687736 1.626190 1.571025 1.507949 1.450754 1.395526 1.339837 1.288253 1.236815 1.186506 1.138574 1.090380 1.043302 0.996966 0.950501 0.904103 0.857680 0.804996 0.753280 0.700713 0.652754 0.606227 0.541119 0.493612 0.433952 0.362985 0.301128 0.247670
3.598702 3.578266 3.547706 3.515073 3.480082 3.430468 3.395917 3.360373 3.325266 3.299575 3.272350 3.237721 3.188197 3.137398 3.068725 3.004991 2.940105 2.900414 2.860824 2.795741 2.720164 2.656785 2.603807 2.541324 2.468739 2.406861 2.342788 2.270286 2.210595 2.142954 2.077069 2.013521 1.949806 1.882271 1.819017 1.757335 1.696564 1.636245 1.580693 1.518226 1.462118 1.407469 1.352893 1.301279 1.250105 1.200757 1.152941 1.105226 1.057811 1.012843 0.967934 0.921980 0.876209 0.823280 0.770384 0.717263 0.671105 0.627239 0.561199 0.518726 0.457003 0.388421 0.323925 0.269698
