# var(lg_P)
0.037342 0.028925 0.025547 0.029664 0.031382 0.026281 0.025275 0.025179 0.025593 0.030087 0.026524 0.025686 0.026387 0.026876 0.032830 0.025855 0.026656 0.027681 0.026634 0.027739 0.030129 0.026933 0.028755 0.047674 0.041688 0.047168 0.045458 0.060660 0.077081 0.062291 0.081263 0.088066 0.108335 0.096091 0.117823 0.133807 0.146046 0.171520 0.191049 0.199957 0.213916 0.251681 0.272790 0.292745 0.314777 0.327401 0.340667 0.359256 0.401159 0.401469 0.415134 0.435600 0.444037 0.450721 0.470957 0.473200 0.476819 0.489149 0.484735 0.497619 0.498907 0.503836 0.503518 0.507836
0.034699 0.026872 0.023524 0.027511 0.029505 0.024859 0.023589 0.023594 0.023960 0.028433 0.024890 0.023751 0.024600 0.025130 0.031189 0.024326 0.024947 0.026221 0.025113 0.025719 0.028030 0.025086 0.026893 0.043591 0.037919 0.042707 0.040953 0.054439 0.069084 0.055703 0.072284 0.077954 0.095211 0.083696 0.102508 0.115990 0.126773 0.149128 0.166163 0.172839 0.184834 0.217879 0.236697 0.254429 0.274461 0.285345 0.297148 0.314404 0.352530 0.352985 0.366108 0.384593 0.392277 0.399049 0.417585 0.420203 0.424205 0.435423 0.431981 0.443902 0.445165 0.449734 0.449391 0.453498
0.037152 0.029159 0.026012 0.029904 0.031282 0.026300 0.025638 0.025539 0.025903 0.029532 0.026569 0.026371 0.026974 0.027362 0.031633 0.026159 0.027221 0.027694 0.026587 0.028317 0.030837 0.027418 0.029383 0.047979 0.041911 0.047583 0.045713 0.061789 0.078137 0.063732 0.082226 0.088688 0.108092 0.095668 0.116951 0.132601 0.144934 0.170598 0.189078 0.196709 0.208944 0.246574 0.267621 0.286670 0.307376 0.319633 0.331642 0.349827 0.390940 0.390744 0.403964 0.423379 0.431402 0.438222 0.457658 0.460186 0.464352 0.476281 0.471784 0.484690 0.486184 0.491095 0.491259 0.495883
0.039722 0.031351 0.028255 0.032189 0.033607 0.028408 0.027837 0.027740 0.028114 0.031837 0.028831 0.028773 0.029450 0.029827 0.034126 0.028537 0.029781 0.030133 0.029009 0.031062 0.033772 0.030083 0.032160 0.052391 0.045905 0.052043 0.050073 0.067200 0.084687 0.069210 0.089027 0.095948 0.116788 0.103567 0.126347 0.142957 0.156081 0.183454 0.203095 0.211217 0.224282 0.264377 0.286815 0.307044 0.329217 0.342280 0.355143 0.374401 0.418168 0.417890 0.431863 0.452568 0.461090 0.468303 0.488944 0.491636 0.496021 0.508665 0.503856 0.517541 0.519112 0.524292 0.524456 0.529336
0.037657 0.029312 0.026089 0.030014 0.031721 0.026710 0.025851 0.025742 0.026115 0.030445 0.027037 0.026298 0.027114 0.027697 0.033191 0.026563 0.027481 0.028281 0.027324 0.028637 0.031237 0.027880 0.029876 0.048965 0.042955 0.048647 0.047010 0.062699 0.079324 0.064446 0.083589 0.090448 0.111079 0.098678 0.120649 0.136942 0.149396 0.175420 0.194885 0.203737 0.217549 0.255911 0.277355 0.297353 0.319447 0.332277 0.345594 0.364175 0.406377 0.406514 0.420083 0.440595 0.449096 0.455842 0.476103 0.478433 0.482115 0.494485 0.489913 0.502907 0.504241 0.509204 0.508997 0.513381
0.036626 0.028546 0.025331 0.029249 0.030899 0.026027 0.025141 0.025075 0.025498 0.029711 0.026438 0.025755 0.026400 0.026988 0.032446 0.026018 0.026871 0.027744 0.026807 0.028042 0.030524 0.027385 0.029296 0.047509 0.041710 0.047215 0.045577 0.060713 0.076716 0.062431 0.080793 0.087357 0.107113 0.095177 0.116278 0.131896 0.143898 0.168936 0.187563 0.195993 0.209165 0.246067 0.266690 0.285881 0.307052 0.319379 0.332151 0.349991 0.390534 0.390623 0.403627 0.423305 0.431472 0.437964 0.457415 0.459680 0.463240 0.475128 0.470695 0.483207 0.484492 0.489268 0.489113 0.493351
0.035701 0.027805 0.024777 0.028438 0.030010 0.025251 0.024501 0.024379 0.024717 0.028703 0.025542 0.024933 0.025710 0.026253 0.031198 0.025118 0.026032 0.026668 0.025755 0.027125 0.029624 0.026379 0.028302 0.046488 0.040753 0.046214 0.044655 0.059766 0.075647 0.061479 0.079731 0.086243 0.105922 0.094041 0.114996 0.130601 0.142545 0.167514 0.185922 0.194269 0.207246 0.243989 0.264515 0.283517 0.304455 0.316738 0.329355 0.347011 0.387210 0.387249 0.400101 0.419559 0.427660 0.434133 0.453376 0.455662 0.459239 0.471018 0.466589 0.479018 0.480321 0.485066 0.484958 0.489191
0.034456 0.027003 0.024112 0.027646 0.028988 0.024377 0.023770 0.023665 0.023982 0.027405 0.024633 0.024410 0.025059 0.025454 0.029439 0.024284 0.025293 0.025721 0.024729 0.026296 0.028716 0.025514 0.027368 0.044656 0.039060 0.044345 0.042743 0.057664 0.072892 0.059452 0.076748 0.082794 0.101098 0.089482 0.109348 0.124087 0.135603 0.159643 0.176841 0.184056 0.195577 0.230825 0.250536 0.268362 0.287801 0.299351 0.310681 0.327591 0.365967 0.365755 0.378070 0.396252 0.403776 0.410145 0.428283 0.430655 0.434522 0.445655 0.441434 0.453465 0.454844 0.459418 0.459551 0.463838
0.037133 0.029094 0.025593 0.029811 0.031352 0.026283 0.025294 0.025269 0.025677 0.029531 0.026383 0.026007 0.026530 0.026817 0.031598 0.025776 0.026700 0.027552 0.026310 0.027564 0.029896 0.026745 0.028529 0.046026 0.040142 0.045434 0.043424 0.058345 0.074071 0.060312 0.077901 0.084041 0.102049 0.089910 0.110200 0.124739 0.136622 0.160700 0.178515 0.185907 0.197791 0.233380 0.253108 0.271585 0.291358 0.302901 0.314208 0.332210 0.371791 0.371936 0.385273 0.403991 0.411584 0.418252 0.437233 0.439638 0.443916 0.455618 0.451534 0.464303 0.465856 0.470761 0.471020 0.475676
0.046019 0.036190 0.032583 0.037027 0.038891 0.032868 0.032095 0.031941 0.032243 0.036669 0.033005 0.032686 0.033884 0.034312 0.039121 0.032550 0.034060 0.034354 0.033029 0.035309 0.038611 0.034090 0.036687 0.060281 0.052526 0.059584 0.057068 0.076747 0.097361 0.079247 0.102371 0.110397 0.134129 0.118303 0.144763 0.163746 0.179158 0.210546 0.233554 0.243010 0.258430 0.304515 0.330125 0.353964 0.379646 0.394518 0.409288 0.432374 0.483477 0.483535 0.500601 0.524822 0.534624 0.543161 0.567558 0.570653 0.576066 0.591052 0.585734 0.602068 0.604016 0.610288 0.610533 0.616427
