# mode(P)
296.352650 265.825266 256.210429 245.648197 205.031236 189.964156 159.576194 129.656899 126.178994 113.621932 98.475011 83.899328 86.007998 77.699599 60.174240 56.036596 50.817999 44.228478 38.751947 33.271916 32.743566 25.472445 25.063849 22.882803 20.590409 17.089506 16.792512 13.424654 12.629926 10.652454 9.707329 9.108122 7.219460 6.619765 5.548567 4.433260 4.139101 3.314421 2.917427 2.560185 2.176930 1.781975 1.350385 1.270891 1.007560 0.726223 0.564953 0.464641 0.368729 0.358913 0.290410 0.229196 0.176277 0.148651 0.122951 0.112901 0.098101 0.080133 0.066946 0.052768 0.037075 0.027622 0.024188 0.020106
205.522814 185.314907 180.749582 169.411409 137.572729 126.827804 107.345676 85.960320 83.188960 74.299907 64.588676 55.304983 54.942056 49.057586 38.255011 35.341206 31.562579 27.746569 24.185424 20.788463 19.410488 15.535336 14.879827 13.163703 11.795695 9.737362 9.371915 7.450360 6.925514 5.864535 5.277050 4.922161 3.840139 3.524339 2.979651 2.344795 2.182104 1.736432 1.518136 1.329030 1.132610 0.919657 0.694784 0.656192 0.520649 0.375351 0.293958 0.242571 0.192412 0.189379 0.153499 0.121825 0.094730 0.080572 0.067413 0.062708 0.055108 0.045772 0.038555 0.030806 0.021869 0.016542 0.014701 0.012395
512.189950 449.106698 431.689021 425.458448 367.636769 344.696596 285.904852 236.867279 230.778230 213.192828 182.942807 153.246928 165.867921 151.406411 117.496745 109.584141 101.040820 87.611561 76.453260 64.283498 68.666847 50.781182 52.079622 48.301810 44.427972 37.789922 37.931157 30.437808 29.106472 24.723638 22.872827 21.814740 17.402695 16.327938 13.589231 10.855049 10.260422 8.173030 7.256597 6.366108 5.349645 4.393640 3.327888 3.095665 2.452890 1.743037 1.343023 1.092236 0.865573 0.829857 0.666911 0.527011 0.398849 0.331796 0.271759 0.246409 0.212837 0.171062 0.141400 0.110337 0.077215 0.056960 0.049389 0.040683
477.900971 421.573821 404.918012 397.080181 341.446068 320.215663 265.533905 219.159595 213.641227 197.573467 167.925063 139.699799 151.337903 137.711732 106.922387 98.674054 90.038794 78.412377 68.052890 56.330873 60.269295 43.869891 45.175065 40.984477 37.350253 31.231648 31.795216 24.803497 23.397553 19.596973 17.906563 16.808853 13.096970 12.145578 9.827545 7.689495 7.267440 5.647744 4.889873 4.267696 3.544663 2.846898 2.060082 1.929081 1.479629 1.009458 0.750033 0.596362 0.453852 0.442431 0.347039 0.263196 0.192146 0.157617 0.126553 0.114729 0.097212 0.076357 0.061800 0.046866 0.030758 0.021757 0.018666 0.015040
324.403868 290.462498 286.476192 272.062950 225.895438 211.330179 178.977178 145.814064 141.356507 127.371766 110.807316 94.741306 98.002726 88.201727 67.978648 63.947846 58.177289 50.427184 44.070405 37.938024 37.744252 29.107732 28.801613 26.585442 23.984476 20.036472 19.627214 15.747669 14.879019 12.554824 11.489205 10.816626 8.556773 7.871244 6.609298 5.247184 4.918533 3.932249 3.474764 3.040704 2.580170 2.109420 1.596267 1.499500 1.191733 0.851673 0.656157 0.536987 0.424288 0.413395 0.334146 0.262597 0.200523 0.168445 0.138828 0.127239 0.109959 0.089458 0.074291 0.058325 0.040526 0.030016 0.026153 0.021628
354.530521 318.079438 312.251266 297.302134 249.467395 233.904907 198.015595 162.258803 157.261919 142.055629 123.922578 105.593148 109.870443 99.288077 76.751057 72.133910 65.698237 56.936351 49.713163 42.488577 42.955726 32.783298 32.663905 30.134551 27.307796 22.886807 22.568720 18.028072 17.055470 14.438852 13.203014 12.474763 9.835417 9.096998 7.590499 5.982209 5.616253 4.461247 3.934547 3.441791 2.901585 2.358066 1.768079 1.661363 1.307528 0.923587 0.704649 0.573767 0.450767 0.440287 0.352877 0.276057 0.208417 0.174354 0.142933 0.131262 0.113614 0.091864 0.076072 0.059258 0.040715 0.029789 0.026029 0.021463
344.373323 307.227793 302.523193 287.415917 240.211614 224.938178 190.448610 155.824223 150.664865 135.923558 118.512528 101.348685 105.437909 94.847057 73.012586 68.963352 62.939272 54.390562 47.465720 40.844757 41.039129 31.503950 31.267903 29.035465 26.342669 22.151008 21.678366 17.456045 16.564526 14.039946 12.878996 12.169032 9.661619 8.915634 7.521900 5.955737 5.580810 4.473028 3.972352 3.472427 2.944094 2.407492 1.831993 1.716524 1.366871 0.980294 0.755294 0.618539 0.491131 0.476714 0.385561 0.304121 0.232604 0.195188 0.161025 0.147525 0.127606 0.103973 0.086479 0.067967 0.047528 0.035270 0.030809 0.025536
486.750412 431.501055 427.078889 407.862322 348.204012 329.578457 278.794004 231.510354 224.260095 204.730740 179.591280 153.000064 162.282804 147.946264 114.402208 108.519845 100.289593 86.785422 76.161737 65.132585 68.356379 51.553324 52.445072 48.899010 44.814155 38.398805 38.213048 31.065939 29.759121 25.104579 23.417229 22.122477 17.844906 16.510700 13.933901 11.177392 10.590045 8.563642 7.551831 6.675536 5.691791 4.692030 3.577236 3.341569 2.685748 1.936938 1.502191 1.230137 0.978538 0.940848 0.763366 0.601286 0.459927 0.384982 0.318606 0.289371 0.248899 0.201912 0.166774 0.131296 0.091797 0.068259 0.059312 0.048906
631.385788 561.367646 540.285443 519.978316 460.108635 438.506801 365.715743 306.831720 298.774989 277.354131 244.293058 204.227117 217.612605 202.681673 161.490913 148.773091 137.971344 121.188897 106.288264 87.614357 95.559440 70.422304 72.762815 64.846049 60.340624 52.407867 53.409838 42.483312 40.106918 34.265659 31.559882 29.467534 23.575004 21.994269 18.441435 14.582907 13.795321 10.993284 9.459239 8.350403 6.982372 5.669135 4.177107 3.885465 2.990073 2.098894 1.581959 1.265184 0.972980 0.935320 0.738476 0.566996 0.421589 0.346526 0.280423 0.254100 0.215947 0.171423 0.139818 0.107694 0.072775 0.052531 0.045418 0.037017
586.727596 518.036774 508.334321 489.541286 425.990374 404.308473 336.982699 280.628165 272.678649 254.000856 218.037055 181.271584 198.609018 181.102783 140.450870 129.891288 118.780670 103.973760 89.354878 72.796508 80.256424 56.659333 59.364465 53.056907 48.743439 41.705540 42.700315 32.736733 31.101595 26.009503 23.813669 22.339013 17.013988 15.981753 12.920187 9.678088 9.208555 7.023655 5.934288 5.131162 4.196199 3.266328 2.276991 2.123983 1.584893 1.019186 0.732527 0.566404 0.420844 0.409891 0.313971 0.231571 0.163650 0.131246 0.103867 0.094782 0.080133 0.061749 0.049123 0.036394 0.022835 0.015556 0.013408 0.010689
