# var(lg_P)
0.006804 0.006584 0.006237 0.006705 0.007146 0.007224 0.007000 0.007258 0.007349 0.007754 0.007735 0.007447 0.007715 0.008062 0.008648 0.008340 0.008471 0.008692 0.008684 0.008216 0.009168 0.008748 0.009269 0.008801 0.009299 0.009717 0.010085 0.010137 0.010143 0.010597 0.010525 0.010618 0.010680 0.011230 0.011094 0.010889 0.011046 0.010907 0.010715 0.010954 0.010728 0.010613 0.010361 0.010045 0.009986 0.009666 0.009573 0.009248 0.009092 0.008892 0.008553 0.008443 0.008235 0.008048 0.007962 0.007817 0.007694 0.007611 0.007398 0.007330 0.007254 0.007263 0.007279 0.007306
0.006547 0.006337 0.006134 0.006525 0.006917 0.007025 0.006887 0.007093 0.007106 0.007400 0.007286 0.007027 0.007655 0.007881 0.007987 0.007929 0.008145 0.008104 0.008066 0.007767 0.008880 0.008165 0.008770 0.008844 0.009449 0.009793 0.010386 0.010399 0.010497 0.010928 0.010956 0.011253 0.011586 0.012343 0.012184 0.012176 0.012430 0.012415 0.012532 0.012978 0.012806 0.012796 0.012571 0.012224 0.012248 0.011981 0.011954 0.011567 0.011399 0.011197 0.010690 0.010526 0.010235 0.009991 0.009908 0.009695 0.009475 0.009315 0.008987 0.008831 0.008670 0.008590 0.008552 0.008498
0.006564 0.006377 0.006079 0.006453 0.006686 0.006643 0.006416 0.006609 0.006793 0.007135 0.007175 0.007096 0.006825 0.007087 0.007832 0.007464 0.007469 0.007840 0.007949 0.007653 0.007892 0.008113 0.008222 0.007647 0.007641 0.007901 0.007810 0.007870 0.007894 0.008030 0.008077 0.007974 0.007824 0.007751 0.007806 0.007627 0.007597 0.007525 0.007294 0.007330 0.007249 0.007135 0.007022 0.006973 0.006900 0.006871 0.006843 0.006784 0.006774 0.006666 0.006623 0.006629 0.006596 0.006577 0.006534 0.006523 0.006536 0.006580 0.006529 0.006554 0.006583 0.006656 0.006730 0.006813
0.007151 0.006915 0.006559 0.007059 0.007375 0.007332 0.007059 0.007325 0.007561 0.007995 0.008058 0.007979 0.007684 0.007990 0.008938 0.008547 0.008543 0.008979 0.009080 0.008767 0.009126 0.009354 0.009520 0.008963 0.009002 0.009337 0.009195 0.009297 0.009407 0.009628 0.009713 0.009653 0.009390 0.009379 0.009427 0.009100 0.009117 0.008952 0.008753 0.008801 0.008648 0.008422 0.008282 0.008205 0.008111 0.008035 0.007973 0.007872 0.007803 0.007645 0.007519 0.007518 0.007458 0.007410 0.007372 0.007319 0.007305 0.007325 0.007227 0.007224 0.007224 0.007292 0.007347 0.007432
0.006921 0.006704 0.006374 0.006749 0.007260 0.007352 0.007127 0.007397 0.007457 0.007877 0.007883 0.007617 0.007947 0.008252 0.008807 0.008497 0.008657 0.008889 0.008869 0.008352 0.009344 0.008919 0.009388 0.008837 0.009352 0.009816 0.010219 0.010202 0.010191 0.010672 0.010631 0.010701 0.010727 0.011207 0.011126 0.010819 0.010964 0.010825 0.010624 0.010812 0.010557 0.010395 0.010138 0.009851 0.009746 0.009521 0.009463 0.009172 0.009023 0.008822 0.008465 0.008409 0.008226 0.008063 0.007996 0.007892 0.007803 0.007742 0.007554 0.007489 0.007430 0.007448 0.007476 0.007512
0.006960 0.006799 0.006547 0.006815 0.007227 0.007322 0.007148 0.007366 0.007416 0.007751 0.007802 0.007584 0.007811 0.008091 0.008579 0.008312 0.008449 0.008652 0.008640 0.008213 0.009019 0.008690 0.009084 0.008556 0.009013 0.009424 0.009764 0.009792 0.009799 0.010210 0.010163 0.010216 0.010245 0.010694 0.010691 0.010425 0.010548 0.010447 0.010289 0.010459 0.010242 0.010106 0.009842 0.009549 0.009498 0.009288 0.009282 0.008968 0.008884 0.008665 0.008342 0.008270 0.008112 0.007976 0.007913 0.007827 0.007754 0.007731 0.007550 0.007515 0.007489 0.007551 0.007625 0.007697
0.006308 0.006127 0.005860 0.006145 0.006486 0.006513 0.006330 0.006515 0.006572 0.006883 0.006866 0.006692 0.006858 0.007071 0.007495 0.007235 0.007332 0.007530 0.007532 0.007154 0.007780 0.007555 0.007838 0.007373 0.007668 0.007984 0.008244 0.008236 0.008215 0.008517 0.008485 0.008499 0.008504 0.008790 0.008784 0.008572 0.008657 0.008589 0.008434 0.008532 0.008368 0.008280 0.008100 0.007896 0.007847 0.007711 0.007700 0.007488 0.007426 0.007279 0.007058 0.007025 0.006919 0.006824 0.006782 0.006732 0.006687 0.006671 0.006554 0.006532 0.006517 0.006564 0.006620 0.006671
0.006059 0.005888 0.005647 0.005925 0.006200 0.006181 0.005989 0.006176 0.006303 0.006619 0.006666 0.006601 0.006479 0.006687 0.007280 0.006981 0.007032 0.007337 0.007406 0.007114 0.007437 0.007539 0.007652 0.007134 0.007206 0.007494 0.007487 0.007508 0.007561 0.007720 0.007800 0.007743 0.007582 0.007586 0.007722 0.007467 0.007494 0.007408 0.007261 0.007290 0.007184 0.007051 0.006931 0.006864 0.006793 0.006788 0.006770 0.006672 0.006643 0.006526 0.006423 0.006430 0.006411 0.006387 0.006367 0.006353 0.006359 0.006395 0.006340 0.006341 0.006359 0.006437 0.006506 0.006582
0.006362 0.006236 0.006037 0.006268 0.006430 0.006369 0.006175 0.006347 0.006564 0.006810 0.006930 0.007029 0.006564 0.006743 0.007410 0.007162 0.007158 0.007485 0.007639 0.007567 0.007503 0.007978 0.007889 0.007531 0.007293 0.007490 0.007175 0.007282 0.007460 0.007430 0.007617 0.007517 0.007256 0.006983 0.007173 0.006937 0.006882 0.006821 0.006725 0.006656 0.006610 0.006462 0.006425 0.006451 0.006411 0.006474 0.006469 0.006469 0.006537 0.006421 0.006443 0.006490 0.006520 0.006570 0.006553 0.006566 0.006613 0.006706 0.006694 0.006734 0.006796 0.006916 0.007008 0.007122
0.008341 0.008150 0.007868 0.008172 0.008452 0.008376 0.008095 0.008352 0.008638 0.009008 0.009179 0.009303 0.008720 0.008956 0.009886 0.009526 0.009538 0.010004 0.010190 0.010019 0.010026 0.010604 0.010487 0.009938 0.009661 0.009991 0.009591 0.009668 0.009894 0.009890 0.010148 0.009997 0.009609 0.009245 0.009525 0.009119 0.009065 0.008954 0.008791 0.008725 0.008626 0.008404 0.008314 0.008336 0.008256 0.008377 0.008371 0.008356 0.008407 0.008240 0.008235 0.008308 0.008335 0.008385 0.008373 0.008399 0.008461 0.008577 0.008555 0.008609 0.008687 0.008834 0.008960 0.009105
