# mode(P)
146.723936 137.512137 137.595634 122.708092 98.157089 91.907144 82.091587 66.387153 63.764691 54.822156 53.589506 48.715230 42.117457 39.008269 32.572846 31.288275 28.451630 25.340217 23.202710 21.765756 18.080326 17.354533 15.467070 13.953215 12.906447 11.139948 10.093127 9.327192 8.675872 7.760785 7.145899 6.582906 5.863724 5.275252 4.945410 4.456426 4.153015 3.792225 3.496409 3.219015 2.962662 2.720603 2.503009 2.320431 2.147860 1.971553 1.827679 1.698249 1.563578 1.446541 1.335420 1.237605 1.141463 1.050771 0.969969 0.891784 0.819285 0.749720 0.683395 0.622425 0.565544 0.516178 0.470036 0.428500
118.881743 111.491510 111.742050 98.299271 78.001880 73.099413 65.268957 52.447106 50.129904 43.030284 42.010105 38.054647 32.601959 29.888831 25.197210 24.069576 21.626216 19.320521 17.524286 16.299666 13.369650 12.881166 11.366596 10.065652 9.319488 7.994630 7.210650 6.626210 6.111351 5.462938 4.973900 4.539723 3.998399 3.585204 3.329164 2.969321 2.761577 2.495124 2.285512 2.091466 1.906973 1.744166 1.598622 1.473406 1.358383 1.238085 1.149773 1.064233 0.975630 0.900750 0.831358 0.770737 0.711301 0.654191 0.604652 0.556272 0.511957 0.469211 0.428243 0.391889 0.358253 0.329483 0.301727 0.276934
249.285765 233.513517 240.157638 214.941210 173.159026 164.877816 147.778401 121.008048 117.494184 101.026338 99.047903 90.586497 80.473580 76.373103 61.938695 60.575081 56.854501 49.779839 46.629868 44.594278 38.899418 36.479549 33.676490 32.046886 29.296957 25.717027 23.635677 22.134011 20.944593 18.549625 17.545891 16.352539 15.153215 13.569673 12.985898 12.199878 11.260459 10.620012 9.885444 9.215012 8.588038 7.993247 7.452070 6.888046 6.387390 5.914613 5.511218 5.114251 4.712915 4.345446 4.012605 3.674840 3.356285 3.076504 2.801980 2.551977 2.299528 2.076940 1.875590 1.685446 1.506869 1.350975 1.213494 1.087785
233.765829 219.146679 224.358757 199.664035 161.017291 153.308473 137.194873 112.093787 108.545062 93.227030 91.430997 83.329209 73.913189 69.733936 56.844551 55.493385 51.734301 45.384468 42.278604 40.199929 34.812519 32.677698 29.975369 28.231388 25.968524 22.704943 20.766091 19.404972 18.346427 16.309929 15.353308 14.297673 13.061057 11.729177 11.101030 10.247048 9.547123 8.893209 8.282797 7.699844 7.156337 6.612396 6.142871 5.710068 5.290870 4.858324 4.514502 4.211709 3.885510 3.584516 3.303774 3.039630 2.791158 2.557041 2.343920 2.139577 1.938323 1.761402 1.590980 1.432530 1.280645 1.153056 1.036048 0.931055
163.805817 154.584927 157.937262 138.992177 110.574639 105.223938 94.718723 76.726317 73.790841 63.300010 62.493575 56.983665 49.212671 45.908335 38.455098 37.155135 34.023970 30.208763 27.834149 26.239180 21.973926 21.131702 18.917555 17.211874 15.964320 13.849483 12.552341 11.703346 10.905832 9.779475 9.053392 8.341384 7.513398 6.755159 6.348757 5.799145 5.401493 4.963264 4.595107 4.240533 3.907110 3.610950 3.338643 3.088102 2.861029 2.637531 2.461828 2.284022 2.105636 1.939401 1.796983 1.663271 1.532376 1.406950 1.295824 1.191049 1.092240 0.994343 0.905328 0.823770 0.747540 0.681624 0.618756 0.561653
192.670314 181.177321 185.676131 164.711793 131.514596 125.023435 112.628555 91.714335 88.321897 75.771565 74.784019 68.243685 59.410950 55.808828 46.239538 44.896509 41.450645 36.611381 33.956634 32.172034 27.285735 26.052772 23.531441 21.757580 20.095886 17.522179 15.913872 14.893800 13.948291 12.478830 11.647729 10.805719 9.820957 8.843242 8.366127 7.701244 7.160403 6.630800 6.166104 5.716220 5.299244 4.906938 4.548231 4.219644 3.921695 3.630018 3.380104 3.141446 2.901671 2.679061 2.478147 2.289638 2.106934 1.936357 1.779642 1.632299 1.489986 1.355512 1.231843 1.117929 1.010147 0.914830 0.828952 0.749703
171.834259 162.524901 166.573198 146.554251 116.761908 111.513410 100.727862 81.901550 78.723966 67.463265 66.913642 61.092607 52.790445 49.433260 41.433576 40.131952 36.915891 32.702402 30.249561 28.583931 24.068990 23.173843 20.776057 19.030982 17.655271 15.366074 13.933444 13.060864 12.177012 10.917340 10.158022 9.389485 8.513954 7.665102 7.234364 6.663722 6.190419 5.709932 5.301056 4.903704 4.534313 4.203039 3.887274 3.603419 3.343021 3.100273 2.889706 2.678728 2.473832 2.277357 2.109237 1.950082 1.795496 1.647689 1.513868 1.390166 1.274106 1.156962 1.053421 0.957773 0.868554 0.788966 0.715240 0.647346
241.983867 228.289444 237.559581 209.670867 168.316561 162.284147 146.599001 120.188066 116.330490 99.786431 98.990800 90.589561 79.974186 75.935024 62.431458 61.202190 57.376872 50.322334 47.130927 45.022325 39.136472 37.037101 33.978003 32.169476 29.738044 26.169149 23.915093 22.597402 21.365060 19.104353 18.076373 16.908944 15.598024 14.071973 13.393669 12.493246 11.629642 10.879099 10.188005 9.520229 8.879958 8.239758 7.691436 7.166231 6.661251 6.164338 5.743289 5.362971 4.965650 4.581037 4.224397 3.888290 3.581583 3.291914 3.010764 2.749278 2.497431 2.273683 2.054030 1.853529 1.663257 1.501772 1.349554 1.211090
303.566728 287.107520 295.107612 262.470862 215.612418 208.147174 187.659368 155.783813 151.043290 129.328999 129.119140 118.246511 105.606995 100.997182 82.515208 81.644110 77.232709 67.111375 63.160964 60.459951 54.111269 50.517085 46.957119 45.510382 42.047572 37.150286 34.300951 32.698039 31.009300 27.549944 26.303241 24.627960 23.047695 20.728365 19.690570 18.629538 17.316736 16.280880 15.275660 14.280845 13.352350 12.422934 11.567877 10.758980 9.955440 9.214550 8.476822 7.882598 7.284895 6.668368 6.100679 5.551750 5.058849 4.604377 4.171122 3.758066 3.366480 3.037399 2.718854 2.425865 2.148906 1.909096 1.701073 1.515599
305.072047 289.536361 302.300381 267.201518 217.772873 212.144548 192.443228 159.630153 155.008901 132.753206 133.172544 122.331164 108.926865 104.694846 85.815935 85.109207 80.839128 70.293759 66.436350 63.884443 57.248181 53.685575 50.049666 48.661641 44.977131 39.853165 36.796644 35.268514 33.435063 29.812209 28.475287 26.656722 25.164952 22.626547 21.617305 20.664267 19.187825 18.153858 17.089511 16.031956 14.981751 14.002514 13.129107 12.177572 11.264983 10.449443 9.676936 9.025011 8.320643 7.644827 7.018067 6.389960 5.827791 5.317215 4.810944 4.343793 3.888116 3.513603 3.148987 2.812700 2.494682 2.222521 1.981083 1.764247
