# var(lg_P)
0.022413 0.028650 0.034468 0.026077 0.026466 0.031631 0.039718 0.043553 0.043951 0.037264 0.056945 0.067365 0.049449 0.058788 0.065822 0.075114 0.083736 0.082474 0.094824 0.112661 0.101372 0.128980 0.121801 0.134234 0.138381 0.148822 0.140601 0.169908 0.173194 0.180366 0.190272 0.190782 0.220945 0.217020 0.238398 0.271052 0.270099 0.299440 0.311199 0.322581 0.339446 0.364789 0.402892 0.399977 0.429239 0.476737 0.508615 0.530119 0.558233 0.545973 0.569709 0.596802 0.628256 0.642844 0.659494 0.655443 0.661607 0.678980 0.692703 0.716624 0.761900 0.796280 0.798646 0.811082
0.022151 0.028414 0.034463 0.026048 0.026272 0.031434 0.039602 0.043368 0.043822 0.037031 0.056499 0.067043 0.049341 0.058593 0.065096 0.074661 0.083357 0.081813 0.094256 0.112566 0.101221 0.128715 0.121623 0.135229 0.138849 0.148912 0.140701 0.170126 0.173704 0.180405 0.190677 0.191421 0.221932 0.217583 0.238868 0.272167 0.271256 0.301048 0.313403 0.325007 0.342267 0.367991 0.406588 0.404124 0.433794 0.481493 0.513476 0.535557 0.564110 0.552410 0.576592 0.603672 0.635097 0.649994 0.666550 0.662542 0.668471 0.685641 0.699287 0.722723 0.767215 0.800762 0.802502 0.814301
0.022815 0.029212 0.034973 0.026430 0.026908 0.032172 0.040217 0.044062 0.044483 0.038033 0.058018 0.068137 0.049770 0.059498 0.067373 0.075742 0.084313 0.083928 0.096410 0.113307 0.101588 0.129533 0.122270 0.131769 0.136476 0.147734 0.139415 0.167904 0.170455 0.178313 0.187820 0.188151 0.217418 0.214708 0.237195 0.269155 0.268172 0.297038 0.307399 0.319062 0.336085 0.360517 0.397076 0.394465 0.422228 0.469314 0.501440 0.522137 0.549035 0.537290 0.559893 0.586729 0.619049 0.633419 0.650245 0.647314 0.654592 0.672774 0.686869 0.711416 0.757254 0.792201 0.795308 0.808187
0.027480 0.035005 0.042005 0.031740 0.032173 0.038369 0.048150 0.052733 0.053220 0.045277 0.069530 0.082098 0.059495 0.071171 0.080605 0.091099 0.101480 0.100837 0.116112 0.137285 0.122393 0.157080 0.147820 0.160147 0.165663 0.179141 0.168744 0.204036 0.207225 0.216757 0.228420 0.228756 0.264978 0.261135 0.288663 0.328181 0.326870 0.362701 0.375839 0.390188 0.411323 0.441750 0.487493 0.484341 0.519293 0.577981 0.617820 0.643962 0.677863 0.663357 0.691901 0.725417 0.765603 0.783794 0.804880 0.801163 0.810110 0.832863 0.850557 0.881238 0.938344 0.982012 0.986075 1.002343
0.022843 0.029177 0.035093 0.026512 0.026915 0.032154 0.040380 0.044281 0.044668 0.037885 0.057981 0.068581 0.050239 0.059750 0.067029 0.076389 0.085137 0.083991 0.096566 0.114614 0.102962 0.131199 0.123810 0.135975 0.140300 0.151099 0.142648 0.172406 0.175644 0.183039 0.193067 0.193519 0.224069 0.220248 0.242250 0.275330 0.274370 0.304195 0.315900 0.327507 0.344739 0.370403 0.409006 0.406057 0.435732 0.484106 0.516655 0.538454 0.566969 0.554493 0.578564 0.606215 0.638513 0.653377 0.670480 0.666545 0.673082 0.691008 0.705121 0.729749 0.776213 0.811544 0.814193 0.827078
0.024405 0.031227 0.037574 0.028327 0.028743 0.034375 0.043209 0.047383 0.047800 0.040536 0.062186 0.073547 0.053704 0.063977 0.071956 0.081876 0.091245 0.090149 0.103682 0.122963 0.110294 0.140773 0.132759 0.145385 0.150113 0.161813 0.152694 0.184585 0.187929 0.196011 0.206688 0.207121 0.239844 0.235872 0.259666 0.295108 0.294050 0.326053 0.338424 0.350960 0.369485 0.396954 0.438289 0.435141 0.466881 0.518904 0.553961 0.577351 0.607910 0.594536 0.620286 0.650044 0.684940 0.700932 0.719388 0.715314 0.722534 0.741969 0.757236 0.783879 0.834042 0.872209 0.875232 0.889229
0.021806 0.027916 0.033581 0.025306 0.025688 0.030721 0.038618 0.042354 0.042717 0.036217 0.055549 0.065697 0.048013 0.057164 0.064247 0.073131 0.081502 0.080496 0.092557 0.109771 0.098501 0.125648 0.118515 0.129844 0.134062 0.144507 0.136362 0.164812 0.167833 0.175019 0.184561 0.184966 0.214143 0.210604 0.231821 0.263401 0.262463 0.290996 0.302058 0.313195 0.329711 0.354197 0.391054 0.388232 0.416538 0.462867 0.494088 0.514901 0.542119 0.530191 0.553147 0.579651 0.610707 0.624939 0.641380 0.637729 0.644127 0.661410 0.674991 0.698691 0.743338 0.777307 0.779962 0.792398
0.021369 0.027382 0.032902 0.024771 0.025149 0.030075 0.037770 0.041398 0.041775 0.035567 0.054610 0.064397 0.046775 0.055950 0.063350 0.071495 0.079635 0.079195 0.091110 0.107489 0.096025 0.122933 0.115826 0.125192 0.129579 0.140249 0.132189 0.159561 0.162060 0.169513 0.178628 0.178919 0.206995 0.204186 0.225716 0.256289 0.255314 0.283098 0.293123 0.304287 0.320717 0.344207 0.379479 0.377026 0.403980 0.449349 0.480196 0.500268 0.526352 0.515078 0.537014 0.562883 0.594001 0.607975 0.624287 0.621473 0.628452 0.646046 0.659678 0.683405 0.727534 0.761295 0.764413 0.776929
0.024175 0.030669 0.036790 0.027778 0.028079 0.033408 0.041900 0.045791 0.046257 0.039397 0.060663 0.071640 0.051417 0.061792 0.070367 0.079082 0.088139 0.088044 0.101656 0.120094 0.106134 0.137267 0.128762 0.138219 0.143061 0.155166 0.145759 0.176447 0.178796 0.187479 0.197575 0.197786 0.229397 0.226419 0.251626 0.286537 0.285255 0.317069 0.328155 0.341230 0.360421 0.387081 0.427137 0.424938 0.455300 0.507656 0.543531 0.566867 0.596662 0.584687 0.609818 0.639709 0.676445 0.693024 0.712129 0.709867 0.718680 0.739823 0.756157 0.783994 0.835206 0.874443 0.878525 0.893317
0.030696 0.038984 0.046857 0.035309 0.035664 0.042467 0.053370 0.058355 0.058935 0.050104 0.077354 0.091475 0.065570 0.078805 0.089697 0.101003 0.112602 0.112385 0.129810 0.153569 0.135667 0.175584 0.164667 0.177079 0.183249 0.198708 0.186603 0.226082 0.229187 0.240240 0.253228 0.253513 0.294120 0.290189 0.322391 0.367177 0.365548 0.406378 0.420701 0.437420 0.462014 0.496284 0.547826 0.544936 0.584132 0.651333 0.697316 0.727333 0.765718 0.750238 0.782607 0.821032 0.868106 0.889403 0.913942 0.910897 0.922126 0.949185 0.970116 1.005834 1.071629 1.122002 1.127206 1.146194
