# var(lg_P)
0.001320 0.001381 0.001362 0.001322 0.001377 0.001423 0.001409 0.001432 0.001474 0.001436 0.001479 0.001491 0.001511 0.001593 0.001538 0.001542 0.001647 0.001608 0.001700 0.001765 0.001826 0.001826 0.001861 0.002013 0.001977 0.002047 0.002017 0.002084 0.002109 0.002126 0.002218 0.002337 0.002483 0.002537 0.002723 0.002882 0.002772 0.002886 0.002978 0.003058 0.003163 0.003178 0.003225 0.003248 0.003252 0.003379 0.003347 0.003349 0.003385 0.003359 0.003260 0.003186 0.003194 0.003172 0.003087 0.003053 0.002978 0.002945 0.002894 0.002810 0.002694 0.002584 0.002452 0.002349
0.001419 0.001484 0.001479 0.001441 0.001486 0.001536 0.001525 0.001544 0.001596 0.001556 0.001603 0.001621 0.001637 0.001737 0.001670 0.001674 0.001794 0.001761 0.001873 0.001959 0.001993 0.002013 0.002046 0.002203 0.002175 0.002257 0.002206 0.002279 0.002325 0.002375 0.002483 0.002641 0.002785 0.002871 0.003093 0.003234 0.003154 0.003286 0.003415 0.003523 0.003669 0.003689 0.003766 0.003828 0.003880 0.004046 0.004057 0.004096 0.004169 0.004181 0.004100 0.004066 0.004122 0.004134 0.004076 0.004079 0.004036 0.004025 0.003984 0.003907 0.003787 0.003674 0.003515 0.003384
0.001619 0.001687 0.001653 0.001595 0.001682 0.001740 0.001718 0.001759 0.001799 0.001754 0.001802 0.001808 0.001854 0.001931 0.001871 0.001889 0.002003 0.001936 0.002021 0.002072 0.002224 0.002170 0.002243 0.002447 0.002387 0.002461 0.002471 0.002550 0.002556 0.002520 0.002616 0.002694 0.002893 0.002898 0.003059 0.003289 0.003119 0.003244 0.003296 0.003356 0.003417 0.003432 0.003464 0.003416 0.003360 0.003432 0.003359 0.003311 0.003294 0.003209 0.003088 0.002949 0.002894 0.002827 0.002700 0.002615 0.002490 0.002426 0.002359 0.002263 0.002148 0.002047 0.001937 0.001863
0.001909 0.001968 0.001941 0.001899 0.001994 0.002054 0.002029 0.002078 0.002125 0.002084 0.002125 0.002134 0.002209 0.002298 0.002211 0.002242 0.002376 0.002299 0.002397 0.002460 0.002649 0.002572 0.002673 0.002919 0.002854 0.002943 0.002963 0.003048 0.003079 0.003034 0.003158 0.003258 0.003481 0.003491 0.003671 0.003922 0.003750 0.003902 0.003965 0.004040 0.004129 0.004143 0.004179 0.004148 0.004101 0.004187 0.004091 0.004050 0.004044 0.003953 0.003822 0.003667 0.003603 0.003535 0.003393 0.003293 0.003149 0.003080 0.003000 0.002883 0.002742 0.002613 0.002479 0.002377
0.001655 0.001733 0.001716 0.001659 0.001734 0.001797 0.001778 0.001813 0.001869 0.001818 0.001871 0.001887 0.001923 0.002033 0.001949 0.001960 0.002103 0.002045 0.002167 0.002255 0.002360 0.002340 0.002405 0.002627 0.002563 0.002662 0.002629 0.002716 0.002749 0.002758 0.002879 0.003030 0.003239 0.003298 0.003545 0.003767 0.003605 0.003769 0.003876 0.003981 0.004109 0.004120 0.004189 0.004197 0.004190 0.004330 0.004277 0.004274 0.004308 0.004262 0.004128 0.004010 0.003997 0.003965 0.003835 0.003770 0.003652 0.003606 0.003528 0.003407 0.003250 0.003108 0.002944 0.002815
0.001656 0.001725 0.001705 0.001653 0.001730 0.001791 0.001770 0.001808 0.001858 0.001812 0.001859 0.001872 0.001917 0.002015 0.001936 0.001951 0.002084 0.002021 0.002129 0.002204 0.002334 0.002297 0.002369 0.002591 0.002527 0.002622 0.002606 0.002691 0.002716 0.002706 0.002824 0.002956 0.003164 0.003209 0.003428 0.003654 0.003480 0.003627 0.003714 0.003804 0.003916 0.003919 0.003963 0.003955 0.003928 0.004042 0.003961 0.003936 0.003950 0.003880 0.003731 0.003594 0.003560 0.003510 0.003370 0.003287 0.003158 0.003099 0.003015 0.002893 0.002743 0.002607 0.002459 0.002348
0.001291 0.001359 0.001339 0.001287 0.001350 0.001403 0.001387 0.001415 0.001459 0.001415 0.001462 0.001475 0.001498 0.001586 0.001523 0.001530 0.001644 0.001596 0.001693 0.001761 0.001846 0.001832 0.001881 0.002058 0.002005 0.002085 0.002056 0.002129 0.002147 0.002153 0.002246 0.002365 0.002539 0.002585 0.002787 0.002974 0.002829 0.002957 0.003040 0.003121 0.003219 0.003224 0.003274 0.003272 0.003253 0.003365 0.003312 0.003300 0.003321 0.003274 0.003152 0.003046 0.003030 0.002997 0.002881 0.002821 0.002722 0.002681 0.002614 0.002513 0.002387 0.002273 0.002142 0.002044
0.001434 0.001496 0.001462 0.001414 0.001493 0.001544 0.001525 0.001563 0.001600 0.001559 0.001604 0.001612 0.001652 0.001725 0.001669 0.001686 0.001792 0.001733 0.001815 0.001866 0.001998 0.001955 0.002020 0.002208 0.002156 0.002230 0.002230 0.002306 0.002315 0.002291 0.002381 0.002468 0.002653 0.002671 0.002834 0.003041 0.002883 0.003001 0.003055 0.003117 0.003188 0.003193 0.003224 0.003192 0.003148 0.003229 0.003142 0.003106 0.003102 0.003023 0.002903 0.002772 0.002725 0.002674 0.002554 0.002477 0.002365 0.002317 0.002255 0.002163 0.002052 0.001954 0.001845 0.001769
0.001587 0.001646 0.001603 0.001554 0.001647 0.001699 0.001673 0.001718 0.001751 0.001713 0.001755 0.001758 0.001815 0.001876 0.001821 0.001846 0.001946 0.001878 0.001945 0.001981 0.002155 0.002082 0.002163 0.002358 0.002309 0.002374 0.002404 0.002476 0.002482 0.002431 0.002518 0.002572 0.002760 0.002749 0.002868 0.003084 0.002926 0.003031 0.003058 0.003101 0.003145 0.003152 0.003164 0.003107 0.003044 0.003091 0.002990 0.002932 0.002907 0.002809 0.002692 0.002550 0.002482 0.002415 0.002296 0.002204 0.002088 0.002032 0.001972 0.001888 0.001795 0.001712 0.001625 0.001569
0.002136 0.002241 0.002171 0.002076 0.002230 0.002321 0.002281 0.002354 0.002410 0.002340 0.002417 0.002423 0.002506 0.002611 0.002523 0.002562 0.002728 0.002615 0.002727 0.002789 0.003069 0.002952 0.003086 0.003405 0.003319 0.003426 0.003468 0.003590 0.003593 0.003512 0.003646 0.003727 0.004040 0.004014 0.004210 0.004567 0.004306 0.004483 0.004523 0.004591 0.004650 0.004663 0.004693 0.004585 0.004473 0.004538 0.004383 0.004290 0.004238 0.004082 0.003897 0.003663 0.003548 0.003438 0.003241 0.003091 0.002900 0.002810 0.002710 0.002574 0.002423 0.002293 0.002156 0.002067
