# mean(lg_P) also median/mode
3.835824 3.810966 3.777309 3.738965 3.698764 3.641064 3.600770 3.558361 3.515309 3.484808 3.454064 3.419129 3.370726 3.323482 3.252611 3.181304 3.103132 3.051796 3.012920 2.955413 2.883957 2.808199 2.744382 2.687486 2.622337 2.549061 2.484460 2.416491 2.351869 2.287277 2.221111 2.158442 2.094949 2.029065 1.968407 1.907645 1.849160 1.791444 1.734546 1.679492 1.625979 1.574249 1.523056 1.474051 1.425211 1.376867 1.330764 1.284210 1.237287 1.190867 1.142953 1.094204 1.044287 0.991053 0.936779 0.880616 0.821003 0.759020 0.693170 0.627073 0.557236 0.485807 0.411436 0.336076
3.841514 3.817193 3.784231 3.746769 3.707682 3.651304 3.612677 3.571773 3.530048 3.500069 3.468776 3.432353 3.381590 3.332643 3.261503 3.192352 3.118125 3.069622 3.029099 2.967480 2.894651 2.822679 2.761628 2.702178 2.634963 2.565275 2.500478 2.432009 2.368679 2.303910 2.238508 2.176241 2.113057 2.047927 1.987652 1.927397 1.869709 1.812339 1.756081 1.701667 1.648832 1.597637 1.546805 1.498132 1.450097 1.402290 1.356581 1.310089 1.262911 1.216992 1.168746 1.120178 1.070004 1.016832 0.961749 0.904990 0.845147 0.783013 0.716254 0.649261 0.579468 0.507498 0.433054 0.357370
3.840091 3.815603 3.782462 3.744772 3.705397 3.648700 3.609658 3.568381 3.526334 3.496201 3.465112 3.429115 3.378915 3.330364 3.259225 3.189503 3.114339 3.065128 3.025123 2.964521 2.891919 2.818971 2.757318 2.698553 2.631756 2.561178 2.496495 2.428104 2.364418 2.299751 2.234138 2.171764 2.108493 2.043146 1.982758 1.922461 1.864485 1.807132 1.750635 1.696086 1.643066 1.591708 1.540822 1.492043 1.443810 1.395901 1.350067 1.303576 1.256558 1.210461 1.162135 1.113737 1.063686 1.010380 0.955565 0.898759 0.838984 0.777103 0.710389 0.643625 0.574149 0.502227 0.427713 0.351815
3.838653 3.814058 3.780741 3.742826 3.703146 3.646104 3.606646 3.564997 3.522656 3.492412 3.461445 3.425833 3.376179 3.328080 3.256995 3.186710 3.110526 3.060703 3.021129 2.961496 2.889242 2.815341 2.753012 2.694889 2.628741 2.557098 2.492465 2.424178 2.360266 2.295572 2.229746 2.167297 2.103939 2.038440 1.977957 1.917485 1.859355 1.801862 1.745290 1.690513 1.637338 1.585884 1.534844 1.486117 1.437615 1.389470 1.343703 1.297015 1.250063 1.203863 1.155836 1.107286 1.057055 1.003940 0.949232 0.892581 0.833066 0.771003 0.704686 0.638100 0.568592 0.496674 0.422158 0.346583
3.837229 3.812493 3.779007 3.740891 3.700952 3.643572 3.603698 3.561651 3.518994 3.488611 3.457756 3.422497 3.373454 3.325731 3.254764 3.183963 3.106809 3.056267 3.016983 2.958451 2.886582 2.811727 2.748679 2.691199 2.625286 2.553080 2.488468 2.420323 2.356073 2.291420 2.225425 2.162863 2.099484 2.033730 1.973147 1.912529 1.854212 1.796646 1.739888 1.685002 1.631659 1.580070 1.528965 1.480016 1.431396 1.383185 1.337161 1.290621 1.243620 1.197329 1.149322 1.100721 1.050624 0.997489 0.943060 0.886645 0.827079 0.765138 0.699039 0.632558 0.562990 0.491089 0.416873 0.341297
3.835825 3.810966 3.777306 3.738974 3.698784 3.641090 3.600769 3.558344 3.515331 3.484809 3.454059 3.419175 3.370694 3.323462 3.252560 3.181304 3.103149 3.051799 3.012908 2.955388 2.883924 2.808209 2.744383 2.687486 2.622563 2.549083 2.484452 2.416506 2.351885 2.287281 2.221116 2.158400 2.094953 2.029075 1.968366 1.907646 1.849152 1.791432 1.734543 1.679527 1.625981 1.574265 1.523037 1.474103 1.425212 1.376885 1.330744 1.284121 1.237190 1.190917 1.142742 1.094168 1.044536 0.991028 0.936864 0.880477 0.820912 0.759077 0.693329 0.626917 0.557467 0.485975 0.411872 0.336097
3.834406 3.809437 3.775614 3.737103 3.696625 3.638601 3.597870 3.555045 3.511691 3.480996 3.450351 3.415798 3.367958 3.321131 3.250430 3.178660 3.099518 3.047389 3.008783 2.952269 2.881364 2.804737 2.740060 2.683732 2.619475 2.545095 2.480389 2.412720 2.347712 2.283146 2.216827 2.154027 2.090491 2.024392 1.963642 1.902782 1.844084 1.786256 1.729239 1.674057 1.620327 1.568484 1.517132 1.468070 1.419042 1.370581 1.324486 1.277748 1.230780 1.184390 1.136294 1.087687 1.037890 0.984558 0.930544 0.874144 0.814830 0.753011 0.687619 0.621479 0.551752 0.480543 0.406098 0.330620
3.833019 3.807948 3.773940 3.735235 3.694496 3.636165 3.595042 3.551817 3.508097 3.477195 3.446666 3.412465 3.365170 3.318792 3.248298 3.176104 3.095971 3.042996 3.004535 2.949149 2.878806 2.801332 2.735719 2.679944 2.616269 2.541122 2.476377 2.408949 2.343617 2.279050 2.212563 2.149645 2.086015 2.019808 1.958950 1.897942 1.839070 1.781134 1.723924 1.668585 1.614706 1.562759 1.511224 1.462121 1.412908 1.364290 1.318052 1.271171 1.224355 1.177933 1.129942 1.081087 1.031167 0.977988 0.924347 0.868165 0.808631 0.746892 0.681770 0.615744 0.546150 0.474828 0.400586 0.325696
3.831653 3.806478 3.772290 3.733415 3.692434 3.633773 3.592221 3.548575 3.504464 3.473403 3.442961 3.409067 3.362357 3.316512 3.246189 3.173572 3.092446 3.038517 3.000311 2.945994 2.876289 2.798033 2.731394 2.676171 2.613681 2.537287 2.472335 2.405255 2.339499 2.274968 2.208253 2.145313 2.081536 2.015175 1.954264 1.893138 1.834106 1.775958 1.718720 1.663139 1.609112 1.557040 1.505382 1.456141 1.406757 1.358138 1.311679 1.264915 1.217940 1.171302 1.123391 1.074726 1.024716 0.971709 0.917786 0.862035 0.802800 0.740923 0.676042 0.610313 0.540281 0.469357 0.395263 0.319975
3.830245 3.804998 3.770667 3.731606 3.690393 3.631407 3.589432 3.545372 3.500907 3.469614 3.439268 3.405647 3.359546 3.314199 3.244099 3.171120 3.089001 3.034097 2.996034 2.942787 2.873818 2.794806 2.727070 2.672328 2.610683 2.533329 2.468298 2.401538 2.335426 2.270914 2.204126 2.140955 2.077120 2.010596 1.949613 1.888307 1.829083 1.770883 1.713426 1.657739 1.603530 1.551319 1.499577 1.450217 1.400571 1.351830 1.305321 1.258430 1.211461 1.164919 1.116912 1.068181 1.018234 0.965165 0.911474 0.855900 0.796534 0.734895 0.670160 0.604600 0.534819 0.463616 0.389605 0.314695
