# mean(lg_P) also median/mode
4.256455 4.233790 4.200394 4.161783 4.122882 4.057769 4.020858 3.978952 3.935320 3.906128 3.876118 3.842173 3.788222 3.745759 3.675372 3.610203 3.533728 3.486842 3.448173 3.387984 3.325050 3.262016 3.203753 3.147763 3.093511 3.035477 2.975106 2.925731 2.867840 2.818579 2.768769 2.720098 2.671826 2.626172 2.580293 2.537601 2.495590 2.455596 2.413899 2.375706 2.335918 2.297828 2.257904 2.217918 2.175246 2.132531 2.086563 2.039611 1.989627 1.937448 1.882345 1.824611 1.764870 1.703187 1.639505 1.574342 1.506357 1.436378 1.365738 1.292917 1.219631 1.144447 1.068818 0.991688
4.260132 4.237993 4.205253 4.167552 4.129704 4.065878 4.030639 3.990124 3.947800 3.919056 3.888579 3.853127 3.797143 3.753165 3.682434 3.619288 3.546304 3.501466 3.461601 3.398494 3.334731 3.274283 3.218074 3.160639 3.105155 3.049439 2.989095 2.940283 2.882737 2.833661 2.784584 2.736291 2.688732 2.643710 2.598196 2.555680 2.513991 2.474289 2.433566 2.395070 2.355337 2.317738 2.278050 2.237867 2.194139 2.151604 2.105864 2.058948 2.008605 1.956251 1.900795 1.842986 1.783336 1.721122 1.657789 1.589678 1.522758 1.452352 1.381692 1.309885 1.235927 1.161233 1.085616 1.008611
4.259199 4.236918 4.204024 4.166084 4.127951 4.063778 4.028148 3.987299 3.944660 3.915800 3.885504 3.850427 3.794945 3.751316 3.680611 3.616946 3.543092 3.497803 3.458304 3.395861 3.332289 3.271152 3.214527 3.157451 3.102511 3.045875 2.985609 2.936620 2.878938 2.829850 2.780620 2.732221 2.684568 2.639310 2.593657 2.551184 2.509352 2.469526 2.428657 2.390146 2.350373 2.312725 2.272675 2.232829 2.189551 2.146707 2.101097 2.054191 2.003910 1.951539 1.896433 1.838117 1.778638 1.716750 1.653098 1.585753 1.518300 1.448208 1.377586 1.305452 1.231682 1.156657 1.081090 1.004256
4.258275 4.235858 4.202789 4.164627 4.126242 4.061741 4.025694 3.984464 3.941540 3.912586 3.882380 3.847699 3.792702 3.749431 3.678868 3.614618 3.539909 3.494137 3.454955 3.393294 3.329859 3.268075 3.210890 3.154228 3.099288 3.042415 2.982047 2.932949 2.875252 2.826098 2.776665 2.728130 2.680158 2.634895 2.589126 2.546692 2.504753 2.464959 2.423743 2.385393 2.345474 2.307674 2.267821 2.227764 2.184926 2.142168 2.096221 2.049283 1.999233 1.946747 1.891814 1.833338 1.773988 1.712144 1.648638 1.581982 1.514329 1.444149 1.373686 1.301097 1.227357 1.152462 1.076991 1.000118
4.257361 4.234819 4.201576 4.163183 4.124549 4.059732 4.023256 3.981702 3.938413 3.909338 3.879258 3.844972 3.790474 3.747595 3.677077 3.612423 3.536818 3.490494 3.451596 3.390654 3.327459 3.265006 3.207289 3.150972 3.096652 3.038944 2.978576 2.929315 2.871537 2.822350 2.772735 2.724136 2.675962 2.630450 2.584679 2.542012 2.500116 2.460292 2.418602 2.380512 2.340573 2.302764 2.262864 2.222837 2.180144 2.137257 2.091490 2.044800 1.994259 1.942197 1.886947 1.828947 1.769575 1.707603 1.643945 1.578052 1.510633 1.440230 1.369838 1.297106 1.223476 1.148672 1.073013 0.995871
4.256455 4.233793 4.200380 4.161792 4.122873 4.057772 4.020850 3.978951 3.935337 3.906103 3.876132 3.842184 3.788202 3.745758 3.675347 3.610201 3.533728 3.486826 3.448229 3.387931 3.325040 3.261999 3.203759 3.147728 3.093681 3.035489 2.975089 2.925744 2.867856 2.818585 2.768837 2.720142 2.671824 2.626126 2.580173 2.537620 2.495549 2.455633 2.413779 2.375683 2.335838 2.297793 2.257814 2.217718 2.174993 2.132686 2.086753 2.039932 1.989768 1.937743 1.882162 1.824583 1.764962 1.703042 1.639499 1.574139 1.506508 1.436146 1.365542 1.292921 1.219438 1.144171 1.068600 0.991577
4.255559 4.232766 4.199197 4.160404 4.121263 4.055825 4.018474 3.976209 3.932244 3.902859 3.872978 3.839402 3.785923 3.743912 3.673647 3.608108 3.530716 3.483177 3.444752 3.385296 3.322692 3.259046 3.200159 3.144491 3.090675 3.032015 2.971552 2.922124 2.864117 2.814857 2.764891 2.716116 2.667594 2.621843 2.575784 2.533111 2.490909 2.451105 2.408971 2.371016 2.331153 2.292845 2.253100 2.212885 2.170419 2.127674 2.081895 2.035028 1.984931 1.932758 1.877777 1.819906 1.760405 1.698562 1.635165 1.570235 1.502838 1.432471 1.361603 1.289096 1.215388 1.140085 1.065097 0.987573
4.254672 4.231770 4.198050 4.159048 4.119678 4.053935 4.016144 3.973523 3.929174 3.899639 3.869823 3.836558 3.783668 3.742093 3.671925 3.605987 3.527721 3.479520 3.441237 3.382578 3.320377 3.256140 3.196531 3.141224 3.088005 3.028615 2.968061 2.918673 2.860530 2.811139 2.760992 2.712150 2.663459 2.617480 2.571309 2.528753 2.486397 2.446415 2.404309 2.366225 2.326394 2.287915 2.248256 2.208060 2.165536 2.123014 2.077306 2.030148 1.980012 1.928296 1.872998 1.815562 1.755730 1.694080 1.630761 1.566478 1.498724 1.428693 1.357695 1.285308 1.211472 1.136537 1.060823 0.983305
4.253794 4.230783 4.196906 4.157714 4.118096 4.052071 4.013847 3.970857 3.926140 3.896392 3.866624 3.833731 3.781356 3.740287 3.670270 3.603956 3.524822 3.475897 3.437726 3.379873 3.318090 3.253228 3.193004 3.137932 3.085292 3.025235 2.964560 2.915018 2.856880 2.807425 2.757092 2.708179 2.659278 2.613245 2.566938 2.524137 2.481917 2.441870 2.399591 2.361584 2.321584 2.283252 2.243255 2.203006 2.160862 2.118442 2.072470 2.025471 1.975515 1.923609 1.868675 1.811010 1.751570 1.689696 1.626243 1.562517 1.495136 1.424851 1.353898 1.281293 1.207703 1.132540 1.056840 0.979207
4.252926 4.229813 4.195771 4.156395 4.116567 4.050235 4.011586 3.968222 3.923095 3.893164 3.863455 3.830823 3.779081 3.738443 3.668627 3.601965 3.521903 3.472239 3.434172 3.377127 3.315811 3.250394 3.189418 3.134619 3.082632 3.021833 2.961146 2.911540 2.853208 2.803710 2.753251 2.704219 2.655287 2.608994 2.562518 2.519832 2.477362 2.437313 2.394863 2.357089 2.316864 2.278465 2.238667 2.198433 2.156226 2.113543 2.067651 2.020574 1.970736 1.918621 1.864124 1.806968 1.746906 1.685482 1.622042 1.558657 1.490979 1.421295 1.350008 1.277117 1.203652 1.128415 1.052992 0.975396
