# mode(P)
552.680384 499.051990 478.835237 463.899668 402.820936 384.880666 329.824268 279.152159 274.089899 246.573949 233.607596 204.740520 197.943704 191.605658 159.294431 152.937145 146.163346 127.706913 118.960663 108.800371 108.166069 93.848896 92.557816 88.963592 84.356930 75.568176 72.420001 67.503732 64.958350 58.310632 56.036716 53.582588 49.849664 46.330112 42.861896 40.574834 37.709840 34.890082 32.686971 30.494076 28.138731 25.981427 23.907626 22.024481 20.163117 18.406616 16.819625 15.296301 13.892462 12.637319 11.380164 10.320380 9.293880 8.373212 7.543868 6.753430 6.024810 5.381141 4.789974 4.263575 3.794096 3.376497 2.998093 2.661144
341.335345 313.978447 311.548733 286.776025 239.968742 228.754689 199.757246 165.752349 161.341713 141.031596 134.558237 120.440096 113.570855 107.332993 86.419577 84.425124 79.998296 69.117730 64.363847 60.422550 56.492973 50.483443 48.081583 46.905331 43.460986 38.183080 35.877216 33.338524 31.996636 28.232192 27.154597 25.754075 23.913621 21.657018 20.303117 19.256056 17.827980 16.640522 15.706915 14.627242 13.623343 12.684678 11.797374 10.992529 10.169335 9.502049 8.770160 8.099697 7.470533 6.874592 6.320120 5.793955 5.296917 4.851836 4.421066 4.012470 3.623753 3.276561 2.960176 2.659518 2.392832 2.141980 1.922282 1.716078
998.961799 878.720502 818.215484 834.755998 753.509596 724.256433 606.162013 526.058119 523.586901 494.917422 469.158565 400.980055 387.701601 390.249614 349.774842 320.914173 308.523160 281.043865 264.202569 229.739600 242.107415 209.503226 212.982307 189.152271 183.471171 169.872100 166.360752 155.055005 147.121640 136.137253 130.274283 123.608245 114.972982 107.637387 98.769851 93.132897 86.268115 79.594671 72.086751 67.653132 61.904717 56.772093 51.721719 47.300526 42.341923 38.622851 35.147939 32.033327 28.818164 26.115883 23.387897 21.140440 18.928156 16.976776 15.177087 13.621523 12.162491 10.868488 9.643414 8.595921 7.656199 6.808076 6.073653 5.405263
907.565603 802.755523 755.575780 760.383422 678.061205 650.146044 547.858188 473.953194 471.547720 438.677053 416.407817 361.555665 347.657770 343.429307 302.944443 284.848977 271.851866 243.636663 227.676826 203.947180 210.050141 182.701341 183.592139 171.602570 164.677765 150.665373 144.217928 135.533551 130.792778 119.918305 115.497159 110.582173 101.711844 95.492451 87.902882 81.971766 76.231028 69.899509 65.130807 60.517546 55.189622 50.010621 45.806096 41.972933 38.100672 34.458925 31.314939 28.266639 25.346085 22.842025 20.344092 18.426988 16.509924 14.795043 13.286192 11.840479 10.518172 9.363513 8.278465 7.335691 6.501256 5.762766 5.103528 4.526505
583.936155 528.772906 519.529974 491.673422 427.449775 413.277979 357.687414 303.279451 295.789257 266.341649 254.970524 224.091688 217.794748 211.144426 175.073890 168.611714 161.849324 141.722823 132.279323 120.513732 120.806449 104.877140 103.632045 98.183654 93.711622 84.643164 81.890708 76.517934 73.104877 66.003962 63.451485 60.285031 56.556982 52.373955 48.577635 46.032781 42.729457 39.890604 37.144667 34.567794 31.844084 29.346267 27.054951 24.847899 22.770172 20.834274 19.168357 17.440742 15.868201 14.412746 12.967777 11.769045 10.617406 9.583282 8.646905 7.756464 6.917866 6.184277 5.507321 4.896875 4.355457 3.872291 3.446424 3.054802
631.233995 569.859637 555.618585 530.324312 464.684138 448.696327 387.231739 329.943529 322.395405 292.064747 280.091695 245.363687 237.714506 232.239291 194.796693 186.462473 179.103918 157.757205 147.658445 133.707677 135.007266 117.384230 116.521956 109.212331 104.529962 95.026559 92.186706 86.529391 82.683275 74.948794 72.101466 68.568678 64.423011 59.883331 55.733558 52.955940 49.287648 46.093357 42.886470 39.978110 36.966424 34.204466 31.538976 28.978282 26.451278 24.177857 22.278277 20.357786 18.580397 16.923386 15.258233 13.842711 12.499827 11.311611 10.202695 9.198636 8.232021 7.385004 6.592539 5.886276 5.249224 4.685095 4.185852 3.727240
637.261877 576.352494 565.223869 533.961186 469.137604 455.365768 394.181688 336.184799 327.181147 296.522821 285.319953 249.744257 243.067747 237.840484 198.868868 190.173434 183.285526 161.574469 151.277858 136.220649 138.465835 120.005693 119.350396 110.603352 106.194262 96.801391 94.596513 88.708815 84.342860 76.446678 73.372102 69.407879 65.407433 60.650425 56.337522 53.447364 49.653511 46.532642 42.977871 39.846929 36.699850 33.885133 31.201404 28.561022 26.079355 23.777026 21.891673 19.905773 18.127368 16.424454 14.753890 13.353599 12.033996 10.848003 9.760779 8.762244 7.816015 6.984646 6.221936 5.534928 4.918954 4.377048 3.894401 3.452893
892.991081 796.732553 771.270572 744.028532 668.992156 650.890904 556.231860 481.869635 472.956438 438.503616 422.778258 368.557403 359.590392 355.483355 307.597252 290.496493 281.132694 251.479590 235.909045 209.332003 218.722136 189.369285 190.252038 173.695656 168.461785 155.969714 152.346216 142.664239 136.858343 125.876583 121.883784 115.939301 107.843049 100.449658 94.136841 87.517856 81.763302 75.902228 70.505926 65.606202 59.970920 54.779995 50.403660 46.219260 41.993915 38.766503 35.474613 32.179780 29.082230 26.298237 23.508850 21.389687 19.328711 17.435010 15.755528 14.157860 12.661581 11.331481 10.096321 8.966421 7.977761 7.088917 6.316954 5.614174
1257.032318 1116.257115 1054.142457 1041.629594 953.144005 920.219107 772.924377 681.865478 684.701619 643.686301 630.635794 555.242707 515.363355 518.863522 474.393734 441.872624 425.510018 388.686321 368.467047 327.934836 339.348708 304.288468 304.628327 274.464801 259.952920 243.798597 230.863745 220.965386 215.844678 197.077530 192.956717 182.758322 166.636681 153.360727 144.766067 133.157513 123.570975 114.048295 105.516836 95.571524 87.218729 78.438103 72.059858 65.922835 59.578055 53.476800 48.734703 43.939314 39.871142 35.592211 31.839377 28.855135 25.963780 23.347258 20.889722 18.696711 16.691723 14.947849 13.293492 11.822943 10.512976 9.420974 8.364574 7.480954
1166.859156 1040.690321 1004.840831 971.335468 885.568974 860.949558 730.398795 642.292169 639.334002 597.366241 587.627700 520.554054 491.020921 488.763968 436.922185 411.840026 399.319156 361.828650 341.454267 304.684619 316.374600 280.381415 279.034085 254.434009 242.274242 228.726414 216.957626 204.594154 199.724980 182.334047 179.432822 169.877117 154.979265 142.007525 135.889411 123.369811 115.135446 106.203788 98.202300 90.191676 82.099682 73.912691 67.615832 62.070224 56.014824 51.554789 47.056299 42.601906 38.479719 34.388634 30.732031 27.997868 25.247331 22.748910 20.475973 18.424381 16.481517 14.785795 13.169258 11.746950 10.472744 9.363774 8.355450 7.460786
