# var(lg_P)
0.000737 0.000791 0.000762 0.000743 0.000754 0.000783 0.000766 0.000765 0.000793 0.000769 0.000801 0.000801 0.000798 0.000831 0.000820 0.000821 0.000856 0.000848 0.000879 0.000899 0.000902 0.000914 0.000919 0.000948 0.000968 0.000980 0.000964 0.000993 0.001011 0.001048 0.001071 0.001106 0.001125 0.001146 0.001170 0.001175 0.001205 0.001209 0.001257 0.001279 0.001303 0.001314 0.001342 0.001365 0.001381 0.001386 0.001440 0.001458 0.001475 0.001493 0.001485 0.001504 0.001549 0.001545 0.001539 0.001547 0.001551 0.001548 0.001520 0.001513 0.001486 0.001465 0.001426 0.001393
0.000804 0.000843 0.000830 0.000834 0.000820 0.000840 0.000830 0.000826 0.000849 0.000835 0.000858 0.000860 0.000857 0.000886 0.000873 0.000877 0.000905 0.000902 0.000928 0.000947 0.000943 0.000956 0.000962 0.000982 0.001002 0.001011 0.000999 0.001022 0.001043 0.001078 0.001097 0.001123 0.001137 0.001153 0.001173 0.001180 0.001213 0.001226 0.001261 0.001282 0.001304 0.001323 0.001352 0.001375 0.001399 0.001413 0.001464 0.001487 0.001510 0.001537 0.001550 0.001577 0.001626 0.001636 0.001652 0.001671 0.001691 0.001703 0.001695 0.001706 0.001697 0.001692 0.001668 0.001645
0.000989 0.001035 0.001018 0.001011 0.001011 0.001039 0.001024 0.001028 0.001056 0.001034 0.001059 0.001059 0.001065 0.001106 0.001083 0.001085 0.001131 0.001115 0.001153 0.001180 0.001206 0.001204 0.001223 0.001281 0.001287 0.001309 0.001293 0.001328 0.001347 0.001377 0.001411 0.001467 0.001506 0.001535 0.001578 0.001596 0.001606 0.001608 0.001675 0.001702 0.001730 0.001727 0.001751 0.001772 0.001765 0.001758 0.001796 0.001805 0.001810 0.001813 0.001757 0.001748 0.001776 0.001754 0.001708 0.001689 0.001666 0.001643 0.001588 0.001554 0.001508 0.001468 0.001422 0.001384
0.001282 0.001346 0.001312 0.001304 0.001308 0.001345 0.001323 0.001329 0.001365 0.001336 0.001370 0.001370 0.001377 0.001427 0.001401 0.001403 0.001461 0.001441 0.001487 0.001518 0.001551 0.001552 0.001572 0.001642 0.001651 0.001679 0.001659 0.001705 0.001726 0.001763 0.001805 0.001872 0.001920 0.001955 0.002007 0.002028 0.002042 0.002047 0.002128 0.002161 0.002197 0.002196 0.002228 0.002253 0.002250 0.002244 0.002296 0.002308 0.002317 0.002322 0.002263 0.002256 0.002295 0.002268 0.002213 0.002193 0.002166 0.002140 0.002076 0.002037 0.001980 0.001929 0.001872 0.001822
0.000923 0.000970 0.000955 0.000950 0.000943 0.000971 0.000958 0.000956 0.000985 0.000965 0.000993 0.000995 0.000994 0.001035 0.001014 0.001017 0.001059 0.001050 0.001087 0.001115 0.001120 0.001129 0.001141 0.001180 0.001200 0.001216 0.001196 0.001227 0.001255 0.001297 0.001327 0.001373 0.001397 0.001424 0.001453 0.001458 0.001497 0.001503 0.001565 0.001590 0.001619 0.001631 0.001665 0.001690 0.001708 0.001714 0.001780 0.001798 0.001817 0.001833 0.001818 0.001839 0.001885 0.001875 0.001864 0.001867 0.001868 0.001855 0.001817 0.001802 0.001770 0.001740 0.001695 0.001656
0.000960 0.001030 0.000989 0.000964 0.000982 0.001020 0.000997 0.001001 0.001036 0.001004 0.001043 0.001042 0.001041 0.001086 0.001071 0.001070 0.001121 0.001105 0.001146 0.001172 0.001192 0.001200 0.001210 0.001264 0.001281 0.001302 0.001280 0.001322 0.001342 0.001383 0.001418 0.001474 0.001509 0.001541 0.001578 0.001588 0.001614 0.001613 0.001690 0.001718 0.001748 0.001752 0.001782 0.001807 0.001813 0.001809 0.001873 0.001884 0.001892 0.001901 0.001863 0.001869 0.001909 0.001881 0.001843 0.001832 0.001814 0.001788 0.001729 0.001696 0.001643 0.001599 0.001543 0.001496
0.000732 0.000776 0.000758 0.000751 0.000749 0.000774 0.000761 0.000760 0.000785 0.000766 0.000791 0.000792 0.000790 0.000825 0.000810 0.000811 0.000846 0.000837 0.000868 0.000890 0.000897 0.000904 0.000912 0.000946 0.000962 0.000976 0.000958 0.000986 0.001007 0.001041 0.001066 0.001106 0.001126 0.001150 0.001173 0.001177 0.001206 0.001208 0.001263 0.001282 0.001306 0.001313 0.001339 0.001359 0.001371 0.001372 0.001427 0.001439 0.001451 0.001461 0.001443 0.001457 0.001493 0.001478 0.001463 0.001461 0.001456 0.001441 0.001404 0.001386 0.001354 0.001326 0.001286 0.001252
0.000796 0.000832 0.000818 0.000815 0.000814 0.000836 0.000824 0.000827 0.000850 0.000833 0.000853 0.000854 0.000859 0.000893 0.000873 0.000875 0.000913 0.000900 0.000931 0.000953 0.000975 0.000974 0.000990 0.001038 0.001043 0.001061 0.001048 0.001077 0.001094 0.001118 0.001147 0.001192 0.001225 0.001248 0.001282 0.001298 0.001309 0.001313 0.001367 0.001389 0.001414 0.001415 0.001436 0.001451 0.001450 0.001448 0.001482 0.001489 0.001495 0.001498 0.001458 0.001454 0.001477 0.001458 0.001423 0.001408 0.001390 0.001370 0.001328 0.001302 0.001265 0.001231 0.001194 0.001160
0.000985 0.001038 0.001006 0.000989 0.001006 0.001037 0.001017 0.001025 0.001055 0.001028 0.001057 0.001056 0.001064 0.001105 0.001083 0.001084 0.001133 0.001113 0.001151 0.001175 0.001214 0.001209 0.001229 0.001297 0.001297 0.001323 0.001309 0.001350 0.001361 0.001384 0.001419 0.001477 0.001526 0.001554 0.001603 0.001633 0.001626 0.001630 0.001696 0.001723 0.001752 0.001745 0.001764 0.001780 0.001766 0.001755 0.001781 0.001784 0.001782 0.001778 0.001710 0.001690 0.001709 0.001679 0.001618 0.001589 0.001555 0.001525 0.001468 0.001429 0.001376 0.001329 0.001284 0.001244
0.001397 0.001479 0.001436 0.001413 0.001431 0.001481 0.001452 0.001463 0.001509 0.001468 0.001513 0.001513 0.001525 0.001591 0.001554 0.001558 0.001636 0.001604 0.001665 0.001706 0.001767 0.001758 0.001792 0.001900 0.001901 0.001942 0.001919 0.001985 0.002004 0.002042 0.002099 0.002194 0.002273 0.002318 0.002398 0.002447 0.002435 0.002439 0.002545 0.002589 0.002636 0.002623 0.002653 0.002680 0.002652 0.002633 0.002672 0.002677 0.002676 0.002668 0.002553 0.002519 0.002552 0.002503 0.002403 0.002356 0.002302 0.002255 0.002160 0.002095 0.002010 0.001936 0.001862 0.001800
