# mean(lg_P) also median/mode
4.133003 4.112028 4.085033 4.053045 4.019129 3.963996 3.932598 3.898338 3.864923 3.843047 3.816595 3.781795 3.725694 3.678028 3.605040 3.548335 3.487131 3.449956 3.408545 3.338175 3.268506 3.219827 3.166756 3.105120 3.046786 2.993189 2.932551 2.878029 2.821969 2.771919 2.718743 2.669325 2.620873 2.572072 2.524820 2.472928 2.420898 2.384861 2.349449 2.308642 2.269415 2.227778 2.185450 2.136102 2.099773 2.061682 2.004078 1.968840 1.917198 1.865809 1.812522 1.751999 1.683342 1.620157 1.551769 1.480584 1.411009 1.338737 1.262880 1.177043 1.109951 1.029424 0.954040 0.870024
4.141368 4.109526 4.062885 4.014513 3.968701 3.901000 3.862669 3.828223 3.796996 3.773014 3.748187 3.706413 3.633479 3.564797 3.476936 3.417025 3.367779 3.335476 3.278004 3.186904 3.111594 3.071126 3.011073 2.933897 2.876064 2.818743 2.748879 2.690488 2.627982 2.568486 2.511897 2.454629 2.398075 2.341796 2.285795 2.237385 2.182207 2.130970 2.087108 2.032324 1.992236 1.950574 1.900743 1.855569 1.814890 1.774310 1.729459 1.680737 1.631217 1.580033 1.529768 1.475574 1.411580 1.356178 1.298212 1.235415 1.173101 1.101729 1.027670 0.955954 0.884037 0.805498 0.725458 0.646110
4.141730 4.112908 4.072269 4.030342 3.988346 3.925275 3.887626 3.853709 3.820096 3.794862 3.772066 3.731711 3.665562 3.603901 3.522206 3.461390 3.406763 3.373637 3.321601 3.239199 3.163611 3.119994 3.062500 2.992489 2.932478 2.877168 2.809175 2.752256 2.693367 2.635946 2.580891 2.526753 2.472364 2.419991 2.366298 2.320280 2.277377 2.225382 2.178222 2.134361 2.088290 2.050053 2.005858 1.956330 1.913956 1.875480 1.826592 1.781709 1.732813 1.682352 1.634511 1.575903 1.507742 1.447860 1.388332 1.320113 1.256107 1.182723 1.107911 1.034030 0.962921 0.882641 0.803572 0.718331
4.139646 4.115919 4.080086 4.042725 4.003941 3.943538 3.908753 3.874930 3.841396 3.816576 3.792827 3.755077 3.692580 3.638118 3.560888 3.500550 3.442976 3.407726 3.360846 3.284909 3.211111 3.165202 3.108974 3.043895 2.983555 2.928576 2.863802 2.806336 2.751828 2.697700 2.640542 2.589546 2.538900 2.488662 2.438969 2.387150 2.344027 2.296480 2.255700 2.213648 2.168990 2.126447 2.079848 2.034334 1.995123 1.954133 1.901581 1.860565 1.808907 1.758151 1.707260 1.649682 1.588342 1.525697 1.463731 1.393826 1.326298 1.254525 1.175489 1.097373 1.025447 0.950251 0.870117 0.787366
4.135248 4.115437 4.084248 4.050356 4.015101 3.957576 3.926621 3.892924 3.859750 3.836081 3.810700 3.774047 3.716128 3.666472 3.593098 3.534405 3.474646 3.437892 3.394935 3.323349 3.252281 3.204235 3.149267 3.087618 3.028971 2.974529 2.913012 2.856413 2.801736 2.750917 2.695445 2.645928 2.596142 2.548732 2.501127 2.445496 2.394483 2.358172 2.321244 2.278628 2.239792 2.193895 2.160692 2.107001 2.067394 2.028831 1.976319 1.934676 1.886633 1.833637 1.781581 1.720581 1.655279 1.593170 1.528028 1.455867 1.386205 1.315127 1.237369 1.156548 1.083863 1.009389 0.929615 0.842857
4.129064 4.110691 4.084117 4.054333 4.023177 3.969124 3.938777 3.906141 3.872967 3.850230 3.824509 3.790079 3.735460 3.689032 3.619312 3.563764 3.501500 3.463069 3.424482 3.355214 3.287871 3.238808 3.185163 3.125204 3.067301 3.013879 2.954946 2.902631 2.847664 2.796883 2.745275 2.697236 2.648867 2.600051 2.553454 2.508441 2.449768 2.416690 2.379520 2.338664 2.300338 2.263847 2.222767 2.173971 2.134759 2.099440 2.043525 2.005356 1.956916 1.900933 1.845779 1.785309 1.713839 1.648753 1.583106 1.507979 1.438877 1.368154 1.291257 1.208545 1.135460 1.058088 0.981612 0.899560
4.119891 4.104545 4.081917 4.056688 4.026304 3.976942 3.948167 3.915024 3.883887 3.860386 3.835502 3.802149 3.750976 3.709063 3.641571 3.587933 3.524987 3.485766 3.448585 3.381887 3.319168 3.269428 3.215697 3.157130 3.102320 3.047578 2.991904 2.942890 2.885028 2.837271 2.788353 2.740510 2.692653 2.645681 2.600850 2.560794 2.495858 2.470046 2.433083 2.394931 2.352249 2.323869 2.279365 2.229641 2.192981 2.154629 2.097651 2.060728 2.008397 1.952122 1.895372 1.834002 1.762063 1.695444 1.629360 1.554849 1.479961 1.412151 1.333693 1.250607 1.179439 1.102724 1.027412 0.944517
4.108699 4.094111 4.076898 4.053529 4.026456 3.979132 3.952878 3.921708 3.889857 3.867600 3.842723 3.810527 3.762289 3.723031 3.658077 3.607303 3.543706 3.503235 3.467941 3.404094 3.344728 3.294805 3.241619 3.183498 3.130590 3.076894 3.022720 2.975361 2.917203 2.871434 2.823306 2.776861 2.729621 2.683732 2.639767 2.601506 2.538283 2.511443 2.475029 2.440407 2.398861 2.367270 2.315363 2.274493 2.236418 2.199914 2.141709 2.103171 2.050864 1.991472 1.935854 1.874313 1.799974 1.734638 1.664310 1.592070 1.517404 1.447889 1.370603 1.287640 1.219478 1.140566 1.067304 0.984157
4.095007 4.084360 4.067295 4.047138 4.023143 3.978617 3.952174 3.923232 3.893755 3.870890 3.847162 3.815735 3.769492 3.732255 3.671621 3.622558 3.558851 3.518024 3.483236 3.421011 3.365138 3.315312 3.261845 3.205537 3.153886 3.101229 3.046803 3.000739 2.944069 2.899849 2.851375 2.805971 2.761552 2.716069 2.673721 2.633337 2.578969 2.547436 2.508985 2.477914 2.433753 2.405026 2.354547 2.312287 2.275604 2.236370 2.173587 2.138121 2.085173 2.027670 1.967479 1.906224 1.831200 1.764738 1.695049 1.621970 1.545517 1.477955 1.402662 1.321194 1.251385 1.174507 1.099208 1.024204
4.079461 4.070369 4.057088 4.037340 4.015472 3.973313 3.950507 3.922914 3.893521 3.870979 3.847677 3.818279 3.773442 3.737311 3.681077 3.633433 3.570131 3.528590 3.493576 3.435712 3.381551 3.330735 3.277537 3.223014 3.171524 3.118745 3.066220 3.020901 2.964338 2.923374 2.874885 2.831054 2.785814 2.742303 2.702447 2.662555 2.609174 2.580154 2.540904 2.506955 2.468802 2.434520 2.391099 2.346988 2.309375 2.265609 2.212875 2.165285 2.112978 2.053054 1.994329 1.930762 1.856361 1.791852 1.718240 1.645903 1.572153 1.503972 1.424679 1.349612 1.279224 1.197294 1.125843 1.051674
4.141325 4.122857 4.097709 4.069349 4.038873 3.987334 3.959796 3.929060 3.896332 3.872842 3.846429 3.807422 3.748673 3.701562 3.633773 3.582969 3.525572 3.486959 3.442713 3.370301 3.305397 3.261138 3.206513 3.144406 3.087609 3.036203 2.975183 2.925922 2.869797 2.820373 2.769720 2.721820 2.673726 2.627036 2.581218 2.540206 2.477106 2.450192 2.414137 2.375761 2.331194 2.303041 2.254652 2.209633 2.172615 2.136036 2.079936 2.043340 1.994316 1.937682 1.882634 1.818490 1.748348 1.682118 1.607302 1.532497 1.459543 1.391254 1.313239 1.228192 1.152381 1.076267 1.000484 0.916673
4.139665 4.120455 4.094734 4.065457 4.033869 3.982089 3.954169 3.922547 3.889273 3.866109 3.839629 3.801364 3.743552 3.696277 3.627373 3.574447 3.516694 3.478426 3.435309 3.362741 3.296666 3.252151 3.197169 3.135289 3.078531 3.026159 2.965734 2.915012 2.859297 2.809355 2.758146 2.709742 2.660946 2.614052 2.567542 2.526487 2.462277 2.433919 2.397940 2.360444 2.315124 2.285822 2.239918 2.192053 2.153914 2.118551 2.068578 2.026329 1.975705 1.922479 1.864146 1.803996 1.731811 1.667250 1.596575 1.523273 1.448575 1.379537 1.301345 1.214259 1.145638 1.068678 0.991162 0.905122
4.137418 4.117679 4.090459 4.061918 4.029894 3.976846 3.946434 3.915578 3.882342 3.859383 3.832632 3.795373 3.738270 3.690477 3.620321 3.566859 3.508321 3.469188 3.426448 3.355655 3.288107 3.242392 3.187548 3.126328 3.068174 3.015245 2.955154 2.904359 2.848987 2.797840 2.746408 2.697492 2.649159 2.602134 2.554964 2.510970 2.451686 2.420309 2.382714 2.343323 2.301332 2.267164 2.223580 2.174960 2.138507 2.102414 2.048020 2.009944 1.959645 1.907304 1.849600 1.789013 1.719066 1.652672 1.584301 1.510374 1.439070 1.368033 1.288658 1.207915 1.133314 1.057684 0.980926 0.896663
4.135723 4.115144 4.089082 4.057378 4.025517 3.970601 3.941011 3.907788 3.874800 3.852448 3.826024 3.789944 3.732285 3.685682 3.614642 3.559145 3.498656 3.461395 3.418694 3.347865 3.280670 3.232237 3.178937 3.117191 3.059400 3.005496 2.946027 2.892790 2.837123 2.787149 2.734579 2.686523 2.636589 2.588268 2.542141 2.495188 2.435136 2.403923 2.367984 2.329545 2.287623 2.250960 2.209816 2.159697 2.122084 2.085046 2.030964 1.990071 1.942130 1.889776 1.834175 1.774778 1.702999 1.637703 1.571025 1.497082 1.426758 1.356175 1.275716 1.194446 1.123851 1.046023 0.969870 0.881436
4.133344 4.113814 4.085775 4.054151 4.020342 3.966031 3.934761 3.901584 3.867787 3.845332 3.819518 3.783832 3.726882 3.679331 3.607389 3.550541 3.489626 3.452491 3.410564 3.340115 3.271411 3.223166 3.169466 3.108905 3.050574 2.995948 2.935235 2.881744 2.826633 2.775015 2.722412 2.672788 2.625468 2.576470 2.530720 2.479382 2.425872 2.387440 2.355975 2.311789 2.270418 2.232063 2.190948 2.145455 2.107450 2.066986 2.014921 1.973612 1.923894 1.871717 1.818021 1.759501 1.688585 1.624660 1.557666 1.484744 1.415442 1.343485 1.264565 1.182836 1.110045 1.035189 0.956992 0.874996
4.131654 4.111520 4.081681 4.050506 4.015803 3.960692 3.928439 3.894297 3.860364 3.837817 3.812483 3.777951 3.721854 3.673685 3.601438 3.542727 3.481373 3.443192 3.403195 3.332851 3.263447 3.214003 3.160653 3.099693 3.040340 2.986317 2.925428 2.870194 2.816261 2.764451 2.711081 2.661453 2.612844 2.564603 2.516388 2.462882 2.412389 2.376380 2.341296 2.294041 2.256814 2.214802 2.176105 2.124237 2.088860 2.048759 1.994923 1.954692 1.905460 1.857442 1.799750 1.741736 1.674595 1.609614 1.544251 1.472662 1.402370 1.331030 1.251516 1.172969 1.099097 1.023328 0.946752 0.861872
4.129722 4.110515 4.080473 4.046231 4.011879 3.954740 3.921589 3.887864 3.853808 3.829932 3.805573 3.771649 3.716262 3.667855 3.594809 3.535043 3.472177 3.435109 3.395834 3.325371 3.254886 3.204195 3.151144 3.090340 3.031249 2.976420 2.916382 2.859948 2.805044 2.753569 2.698305 2.649977 2.600565 2.551981 2.503673 2.448527 2.399883 2.359910 2.326085 2.280806 2.242265 2.198349 2.158695 2.111371 2.070838 2.031533 1.973734 1.937039 1.886380 1.834775 1.783800 1.721839 1.659840 1.595452 1.529448 1.457566 1.389841 1.319011 1.240889 1.160309 1.089472 1.012505 0.932950 0.852327
4.127740 4.107754 4.076544 4.043621 4.006935 3.950116 3.916096 3.880442 3.846103 3.822061 3.798690 3.766021 3.710554 3.662827 3.587964 3.527049 3.462800 3.426490 3.388008 3.318576 3.245972 3.194634 3.142110 3.080748 3.021429 2.966289 2.906355 2.848477 2.794224 2.742597 2.686594 2.637064 2.589513 2.539328 2.491037 2.434855 2.382800 2.344644 2.312225 2.264988 2.225111 2.180729 2.141420 2.096473 2.054593 2.012909 1.961488 1.920663 1.869251 1.817170 1.768470 1.707827 1.645764 1.582277 1.516404 1.447734 1.379231 1.305481 1.229528 1.148701 1.079955 1.001071 0.921764 0.841869
4.125780 4.104856 4.074267 4.038939 4.001558 3.944377 3.908791 3.874522 3.839637 3.814234 3.792209 3.760011 3.705249 3.656283 3.581409 3.518990 3.454614 3.418238 3.379422 3.310638 3.237111 3.184995 3.132193 3.072195 3.012059 2.956621 2.896991 2.837979 2.783793 2.731550 2.675125 2.625930 2.577350 2.526926 2.477940 2.421892 2.375059 2.331418 2.297133 2.248694 2.214222 2.166726 2.126734 2.076000 2.037743 1.998589 1.940241 1.904160 1.853520 1.799743 1.747759 1.691666 1.630048 1.568306 1.504520 1.435834 1.367270 1.294589 1.217206 1.135533 1.069312 0.987235 0.910092 0.829340
4.064117 4.042883 4.009733 3.971410 3.932837 3.872997 3.835494 3.797105 3.757635 3.735864 3.705998 3.673231 3.618858 3.569851 3.494891 3.427486 3.357855 3.317821 3.277842 3.211280 3.137219 3.075556 3.021136 2.959707 2.898259 2.838874 2.775803 2.716150 2.655345 2.597639 2.541527 2.488548 2.432769 2.378426 2.322748 2.270542 2.222356 2.174198 2.132026 2.077486 2.042946 1.988443 1.943344 1.901703 1.854742 1.811378 1.768099 1.723918 1.676818 1.629820 1.579688 1.523136 1.463113 1.406569 1.346434 1.283371 1.219658 1.151092 1.069663 0.997096 0.927029 0.850466 0.769698 0.692070
4.078475 4.056459 4.025184 3.989046 3.950258 3.891506 3.854998 3.817842 3.779608 3.754820 3.728755 3.695844 3.640315 3.592027 3.518297 3.452532 3.384440 3.345012 3.304938 3.237621 3.163711 3.105698 3.051066 2.989471 2.928276 2.870300 2.808041 2.748678 2.690653 2.634544 2.577834 2.525069 2.471197 2.416688 2.363377 2.314160 2.268025 2.221178 2.175246 2.130159 2.086396 2.037979 1.997549 1.948795 1.906246 1.864281 1.820743 1.773521 1.728905 1.680692 1.631969 1.575277 1.507492 1.448541 1.390572 1.326182 1.257227 1.190012 1.108273 1.036958 0.964230 0.889521 0.808418 0.724839
4.091980 4.070234 4.039123 4.004041 3.967418 3.909989 3.873679 3.838276 3.800617 3.776469 3.751226 3.716639 3.662385 3.613237 3.539178 3.476128 3.410037 3.371481 3.330611 3.262626 3.189433 3.134739 3.079387 3.018187 2.958417 2.901219 2.839106 2.779360 2.722422 2.667908 2.611433 2.560235 2.508782 2.455672 2.404822 2.354329 2.309154 2.267046 2.219528 2.173039 2.130874 2.085526 2.045061 1.998890 1.950114 1.910422 1.861056 1.818741 1.769518 1.721859 1.672148 1.617729 1.549966 1.493379 1.431106 1.363132 1.297328 1.228078 1.147054 1.071196 1.001526 0.926010 0.845741 0.763111
4.105384 4.084797 4.054016 4.019769 3.984002 3.927645 3.890790 3.857354 3.822043 3.794786 3.772491 3.737574 3.682705 3.633129 3.560915 3.499314 3.434503 3.396731 3.355738 3.286520 3.214710 3.161688 3.107110 3.045916 2.985710 2.930759 2.869192 2.809529 2.755737 2.701380 2.644482 2.594167 2.544897 2.492952 2.443742 2.388952 2.345140 2.299900 2.260428 2.217309 2.176039 2.127736 2.087546 2.038088 1.995611 1.954175 1.897030 1.860329 1.811886 1.763052 1.713251 1.654518 1.594907 1.533430 1.470799 1.402033 1.333805 1.263826 1.183668 1.108923 1.035352 0.962572 0.880434 0.797198
4.117790 4.096711 4.069316 4.035400 3.999664 3.944063 3.910535 3.876414 3.841382 3.815732 3.793167 3.757596 3.702388 3.653841 3.580899 3.521433 3.458554 3.420894 3.380199 3.310125 3.239435 3.188328 3.134716 3.072693 3.013967 2.958192 2.898405 2.839951 2.786414 2.733167 2.677494 2.628485 2.578980 2.528726 2.479800 2.424073 2.378322 2.335146 2.301455 2.257613 2.217553 2.169052 2.130621 2.083456 2.041951 2.001411 1.942329 1.907234 1.857413 1.804864 1.752770 1.696211 1.633935 1.574006 1.507409 1.436112 1.367513 1.298017 1.218579 1.139764 1.069007 0.993250 0.914156 0.829230
4.129862 4.109913 4.081643 4.049096 4.016506 3.960177 3.928268 3.895362 3.860909 3.837656 3.812173 3.776696 3.720716 3.672901 3.600853 3.542945 3.481253 3.444047 3.403052 3.332390 3.262872 3.213774 3.159981 3.099343 3.039415 2.986085 2.926048 2.870383 2.816314 2.764084 2.710527 2.661844 2.613161 2.563817 2.515882 2.463180 2.407250 2.376006 2.342682 2.297356 2.255813 2.214912 2.175291 2.128762 2.086503 2.048389 1.992844 1.955839 1.904868 1.852036 1.801901 1.743640 1.675274 1.610773 1.543854 1.473135 1.402852 1.331466 1.254613 1.171905 1.100662 1.023783 0.945743 0.861553
4.141096 4.122684 4.092387 4.063709 4.029874 3.975757 3.945185 3.911940 3.879139 3.856520 3.830906 3.795923 3.738514 3.690590 3.619690 3.563612 3.503125 3.465892 3.425521 3.353901 3.285996 3.238197 3.184683 3.124148 3.066182 3.012939 2.952836 2.900247 2.844658 2.794131 2.742532 2.693620 2.645194 2.597685 2.551225 2.505052 2.445142 2.414310 2.378824 2.340183 2.298828 2.262474 2.219783 2.171226 2.133429 2.095792 2.039118 2.001626 1.953918 1.899233 1.843911 1.785331 1.710803 1.647076 1.577690 1.505179 1.433295 1.361855 1.282332 1.201826 1.130608 1.054474 0.976228 0.894301
4.152503 4.133647 4.106432 4.076472 4.044022 3.989982 3.961104 3.929691 3.896833 3.873529 3.848658 3.812803 3.756241 3.708436 3.637445 3.583429 3.524437 3.487308 3.446825 3.374541 3.307972 3.262432 3.208829 3.147490 3.090198 3.038414 2.977325 2.929626 2.873550 2.823308 2.773974 2.726075 2.675909 2.629007 2.584744 2.544503 2.481473 2.450957 2.412058 2.376982 2.335040 2.305719 2.260253 2.211417 2.178022 2.141934 2.084597 2.046752 1.994417 1.936275 1.882906 1.821011 1.746427 1.679969 1.610547 1.536932 1.464961 1.391690 1.316028 1.230164 1.160129 1.079675 1.003589 0.919454
4.162594 4.143914 4.118409 4.089176 4.057235 4.003350 3.973704 3.945573 3.913915 3.888222 3.865467 3.828897 3.772258 3.724899 3.654901 3.601962 3.544525 3.506919 3.466720 3.393582 3.329025 3.284905 3.231852 3.170453 3.113897 3.061699 3.002507 2.955486 2.899289 2.851017 2.802397 2.754427 2.707349 2.659707 2.616695 2.579505 2.517805 2.488289 2.450757 2.412864 2.371473 2.347181 2.297347 2.251717 2.217732 2.182108 2.125676 2.084862 2.032593 1.973661 1.916153 1.856322 1.780239 1.711519 1.643700 1.567730 1.492516 1.417783 1.348641 1.260528 1.187486 1.110235 1.035191 0.949430
3.892245 3.870826 3.842774 3.810313 3.776094 3.725099 3.690316 3.658510 3.624075 3.602600 3.574707 3.540521 3.488076 3.436414 3.364340 3.304929 3.243246 3.204029 3.161032 3.093254 3.023128 2.962554 2.908055 2.843040 2.781674 2.722748 2.657508 2.591996 2.534944 2.471889 2.413794 2.355593 2.301579 2.240937 2.183584 2.124531 2.066513 2.016658 1.977476 1.920697 1.881920 1.831375 1.782425 1.738312 1.697580 1.655561 1.610195 1.571635 1.527917 1.478699 1.430823 1.378905 1.320768 1.268350 1.212636 1.155144 1.092784 1.028181 0.961728 0.892312 0.820973 0.747162 0.673418 0.591745
3.954174 3.933351 3.904598 3.872987 3.839406 3.786977 3.753057 3.720597 3.686413 3.669061 3.637685 3.603457 3.549134 3.499128 3.427532 3.368037 3.306481 3.268005 3.224342 3.156622 3.085401 3.029102 2.974428 2.910274 2.850538 2.792607 2.729401 2.666753 2.609062 2.548343 2.493279 2.438447 2.382749 2.325669 2.272000 2.216907 2.165114 2.112978 2.071146 2.021306 1.981292 1.935114 1.884951 1.845526 1.801605 1.761750 1.721211 1.673674 1.626544 1.580113 1.530831 1.477098 1.420720 1.366106 1.307465 1.245577 1.179832 1.114594 1.044195 0.970328 0.899283 0.825760 0.745047 0.671312
4.011229 3.991298 3.962416 3.930499 3.896496 3.844438 3.812468 3.778299 3.744810 3.724432 3.695605 3.660872 3.606375 3.556492 3.485186 3.426456 3.365006 3.325839 3.282941 3.214283 3.143877 3.089647 3.035368 2.972190 2.912613 2.855524 2.793165 2.733438 2.676604 2.618528 2.565440 2.510872 2.458436 2.403427 2.350293 2.302011 2.255799 2.209664 2.160342 2.118369 2.071151 2.034757 1.991690 1.943920 1.902428 1.862382 1.819533 1.772149 1.725313 1.675283 1.627786 1.571863 1.507187 1.450338 1.388633 1.324062 1.260557 1.188385 1.117988 1.043222 0.969429 0.892713 0.814715 0.737201
4.063780 4.044751 4.014897 3.982905 3.949002 3.896008 3.863026 3.829367 3.796577 3.772160 3.748010 3.712852 3.657623 3.608447 3.536894 3.478645 3.417321 3.379300 3.337185 3.267634 3.196620 3.145727 3.092084 3.028955 2.969808 2.915225 2.853224 2.793104 2.738374 2.683833 2.628711 2.577950 2.527760 2.476530 2.424978 2.375261 2.330827 2.283044 2.241575 2.202027 2.156918 2.114046 2.070959 2.023220 1.984166 1.942881 1.889830 1.850362 1.801687 1.750653 1.700327 1.645202 1.586302 1.525443 1.462487 1.393969 1.326671 1.255812 1.181829 1.103542 1.028779 0.953874 0.876360 0.798874
4.111177 4.090813 4.064284 4.031706 3.997220 3.942052 3.910718 3.877670 3.843508 3.818753 3.794948 3.759717 3.703665 3.655733 3.583846 3.526487 3.465392 3.427517 3.385773 3.315725 3.245600 3.196426 3.142742 3.080733 3.022566 2.968170 2.906983 2.849745 2.797245 2.744509 2.689241 2.639553 2.591903 2.542126 2.493932 2.438295 2.386180 2.351312 2.316688 2.273420 2.231077 2.187581 2.150141 2.098469 2.060843 2.021024 1.965908 1.928598 1.878950 1.824865 1.773749 1.715727 1.653008 1.588647 1.525430 1.453877 1.384935 1.311753 1.236756 1.157631 1.084647 1.006804 0.928425 0.847387
4.153271 4.132628 4.106051 4.074066 4.038922 3.983995 3.952942 3.919038 3.885473 3.863951 3.837162 3.801872 3.745996 3.697682 3.625729 3.568646 3.507752 3.469987 3.430148 3.359142 3.289679 3.241951 3.188512 3.128449 3.069212 3.016361 2.956611 2.904471 2.847076 2.798988 2.746338 2.698539 2.648954 2.600318 2.555226 2.509876 2.452884 2.420653 2.379250 2.342995 2.302717 2.265060 2.224843 2.175636 2.136346 2.096933 2.042363 2.005103 1.954803 1.901165 1.844324 1.785225 1.709329 1.645397 1.577877 1.505630 1.433322 1.362865 1.283381 1.200851 1.131128 1.054073 0.976499 0.892170
4.191044 4.170475 4.143665 4.111121 4.076748 4.020198 3.988729 3.957632 3.923259 3.898098 3.874838 3.839679 3.781742 3.735512 3.663080 3.606022 3.544357 3.507886 3.469164 3.397056 3.330688 3.283064 3.229569 3.170213 3.112038 3.058919 3.000257 2.953383 2.893769 2.847212 2.797644 2.749813 2.701040 2.654351 2.610630 2.571811 2.510585 2.482059 2.441326 2.404712 2.363020 2.333088 2.281642 2.240778 2.199570 2.162763 2.102040 2.065756 2.014627 1.955445 1.897483 1.834913 1.757875 1.694262 1.622290 1.550758 1.476520 1.406153 1.323271 1.241883 1.170713 1.092174 1.012652 0.929707
4.223078 4.201938 4.175030 4.143781 4.110075 4.052362 4.021838 3.989382 3.954472 3.934712 3.907413 3.871661 3.813690 3.766753 3.694800 3.638643 3.576975 3.540880 3.503992 3.430831 3.366841 3.318396 3.265657 3.207837 3.148123 3.096202 3.039335 2.993064 2.935122 2.891053 2.841828 2.795256 2.746727 2.702392 2.660185 2.622065 2.568126 2.532994 2.495574 2.459426 2.417124 2.386785 2.333606 2.288770 2.251115 2.212781 2.152141 2.114011 2.060222 2.001881 1.939787 1.877712 1.799610 1.732170 1.659118 1.585649 1.512322 1.438184 1.361989 1.275126 1.205747 1.127669 1.047652 0.965135
4.251321 4.229599 4.202124 4.171165 4.137301 4.079493 4.048997 4.017059 3.980840 3.962269 3.934211 3.899421 3.840399 3.794076 3.723543 3.666009 3.604755 3.568569 3.532759 3.458471 3.397968 3.348859 3.297314 3.240255 3.181324 3.129186 3.073143 3.026426 2.972466 2.929630 2.879234 2.833374 2.787159 2.743767 2.703207 2.666645 2.617627 2.577433 2.542682 2.507018 2.462826 2.430973 2.379185 2.333138 2.295774 2.254664 2.189758 2.151025 2.095361 2.036847 1.974427 1.908684 1.830291 1.761895 1.688708 1.616343 1.541811 1.466784 1.390328 1.307992 1.232588 1.151068 1.076349 0.991119
4.197567 4.172812 4.140645 4.101794 4.062327 4.000177 3.964372 3.927947 3.887934 3.859182 3.828881 3.788291 3.726113 3.674235 3.597982 3.534716 3.470103 3.429566 3.381844 3.306584 3.233505 3.181279 3.122710 3.057686 2.996201 2.938253 2.875008 2.814134 2.758287 2.702350 2.643860 2.591389 2.541528 2.487167 2.436862 2.381412 2.341674 2.289287 2.248778 2.204632 2.156881 2.114200 2.072819 2.023680 1.977410 1.933808 1.879179 1.836321 1.784666 1.733949 1.682256 1.623236 1.560788 1.495600 1.428460 1.352767 1.282488 1.211962 1.132337 1.052004 0.978037 0.894426 0.815342 0.729569
4.183694 4.160575 4.127659 4.090972 4.052926 3.993240 3.958622 3.921457 3.882232 3.855654 3.826208 3.786848 3.725688 3.675041 3.599074 3.537569 3.474621 3.433117 3.387643 3.313670 3.240732 3.189228 3.132078 3.068495 3.006687 2.950576 2.886848 2.827064 2.771399 2.716620 2.659591 2.607719 2.559056 2.506086 2.455838 2.398357 2.360589 2.308899 2.270684 2.225830 2.184417 2.133946 2.093337 2.046181 2.002554 1.957878 1.905048 1.860801 1.811460 1.758735 1.706845 1.648418 1.587724 1.522418 1.454540 1.383453 1.310032 1.239071 1.161727 1.080669 1.006135 0.924599 0.843435 0.759804
4.169890 4.146170 4.116777 4.081172 4.043972 3.984776 3.951935 3.915168 3.877816 3.852263 3.824122 3.785461 3.725925 3.675251 3.600506 3.540855 3.477350 3.438042 3.393422 3.319477 3.248457 3.197896 3.141778 3.078269 3.017823 2.962199 2.899440 2.840737 2.786676 2.731363 2.675176 2.623880 2.575400 2.523750 2.475457 2.416868 2.376610 2.326598 2.293673 2.251261 2.207067 2.156965 2.117804 2.071650 2.027120 1.984105 1.932661 1.887472 1.835075 1.785366 1.732284 1.672160 1.613698 1.549786 1.481328 1.410254 1.340276 1.266793 1.187274 1.107258 1.034319 0.954113 0.873980 0.791387
4.155938 4.134580 4.103684 4.070602 4.034697 3.977128 3.944023 3.909457 3.872730 3.849163 3.821220 3.783545 3.726004 3.675773 3.602941 3.543979 3.481555 3.442358 3.398872 3.326458 3.256219 3.206068 3.150993 3.088477 3.030010 2.973131 2.911641 2.854710 2.800194 2.747164 2.690470 2.641108 2.592203 2.542850 2.493325 2.436637 2.391582 2.348911 2.314229 2.272387 2.229764 2.182260 2.145556 2.092177 2.050020 2.012307 1.960688 1.917324 1.864841 1.812312 1.760216 1.700147 1.639802 1.576067 1.508257 1.435679 1.366948 1.293001 1.217375 1.134210 1.063411 0.985450 0.904189 0.818848
4.142291 4.120283 4.093032 4.058896 4.025548 3.969063 3.936518 3.903130 3.868680 3.844945 3.818506 3.782946 3.725777 3.676970 3.604427 3.546413 3.485265 3.446670 3.404387 3.333675 3.264296 3.215079 3.160151 3.098538 3.039466 2.986012 2.923803 2.868423 2.813898 2.762063 2.706993 2.656899 2.609181 2.560421 2.512435 2.457990 2.406247 2.368614 2.335552 2.290403 2.250546 2.209190 2.169554 2.122707 2.082401 2.040848 1.987474 1.945598 1.896025 1.842494 1.790484 1.731353 1.664994 1.601275 1.534153 1.463865 1.393719 1.322310 1.245636 1.160893 1.088167 1.012944 0.931836 0.848939
4.128287 4.108031 4.082296 4.048864 4.015893 3.961052 3.930298 3.896977 3.863670 3.841067 3.815968 3.780923 3.725322 3.677730 3.605816 3.549354 3.488172 3.451463 3.410583 3.339929 3.271450 3.223376 3.169165 3.108762 3.050643 2.997237 2.936663 2.882722 2.828414 2.777106 2.724018 2.674151 2.627095 2.579078 2.531751 2.480992 2.424537 2.394673 2.355540 2.315483 2.278048 2.235228 2.194990 2.147124 2.109674 2.068896 2.017613 1.977734 1.928524 1.877204 1.820506 1.762335 1.691364 1.628339 1.561204 1.491106 1.418585 1.349783 1.269325 1.188309 1.117030 1.039419 0.963361 0.879039
4.114192 4.094633 4.068917 4.038653 4.006377 3.953534 3.923162 3.891457 3.858900 3.837928 3.813283 3.780128 3.724756 3.678938 3.607859 3.551694 3.492024 3.455009 3.416570 3.346909 3.278774 3.231139 3.178610 3.118567 3.061409 3.008724 2.949533 2.896808 2.841142 2.791513 2.739960 2.692343 2.643253 2.597030 2.550630 2.503518 2.440685 2.415016 2.377185 2.339654 2.301051 2.264323 2.222959 2.173085 2.135315 2.101890 2.042125 2.007845 1.960000 1.906550 1.851015 1.790132 1.717886 1.655533 1.588142 1.515560 1.443723 1.375611 1.297559 1.213817 1.146007 1.069907 0.993223 0.908923
4.100255 4.082273 4.057028 4.028771 3.997226 3.945669 3.916362 3.885103 3.853806 3.833646 3.810608 3.777898 3.725068 3.679331 3.608849 3.554894 3.495242 3.459543 3.422107 3.353242 3.286074 3.240113 3.187899 3.129005 3.072268 3.019523 2.961176 2.910627 2.854566 2.806734 2.756758 2.709878 2.660544 2.615325 2.568757 2.529596 2.460754 2.436856 2.398846 2.359440 2.322560 2.291899 2.243583 2.200782 2.162494 2.127999 2.074108 2.037400 1.986315 1.932993 1.878356 1.819126 1.744024 1.681008 1.613398 1.541596 1.471222 1.400397 1.322742 1.242001 1.171793 1.096820 1.023173 0.937549
4.086448 4.068345 4.043594 4.018002 3.987985 3.937418 3.907955 3.878453 3.848649 3.830208 3.807995 3.776166 3.724965 3.679737 3.611237 3.557699 3.499255 3.464089 3.427384 3.360190 3.294000 3.248475 3.196897 3.138684 3.083202 3.031899 2.972607 2.925129 2.869088 2.822368 2.773531 2.726745 2.677805 2.632386 2.585786 2.551048 2.483337 2.456205 2.420577 2.386307 2.343936 2.317828 2.268256 2.225315 2.190894 2.158564 2.105683 2.068038 2.016540 1.961242 1.906352 1.846591 1.769068 1.707002 1.638259 1.565529 1.497431 1.427493 1.347801 1.267727 1.198946 1.124250 1.047955 0.965762
4.152050 4.130825 4.103065 4.070867 4.037937 3.981740 3.950423 3.917753 3.883580 3.862130 3.836044 3.801686 3.744080 3.694884 3.623950 3.565314 3.504338 3.467906 3.428551 3.355726 3.285836 3.238438 3.185754 3.124170 3.065838 3.012673 2.952812 2.900660 2.845319 2.793868 2.741795 2.692596 2.643887 2.596702 2.551458 2.502563 2.443898 2.411974 2.376949 2.332782 2.295801 2.252630 2.209724 2.160588 2.123030 2.082535 2.027372 1.988716 1.936644 1.883107 1.824250 1.764832 1.693506 1.628920 1.560109 1.485330 1.414232 1.340874 1.264124 1.180849 1.112607 1.029682 0.954952 0.863603
4.131045 4.112307 4.082414 4.051237 4.017603 3.962718 3.931485 3.896785 3.863218 3.841174 3.815481 3.780005 3.723330 3.675950 3.603763 3.546565 3.485138 3.448005 3.407182 3.336476 3.267337 3.218970 3.164584 3.103305 3.044959 2.990758 2.931102 2.875760 2.820842 2.770479 2.715728 2.667147 2.619763 2.570379 2.522955 2.470953 2.417489 2.383992 2.346293 2.303047 2.264259 2.223758 2.181044 2.136326 2.095202 2.058582 2.006989 1.964938 1.915778 1.864207 1.811287 1.751255 1.682373 1.618527 1.552219 1.480628 1.409326 1.338036 1.261067 1.176917 1.107424 1.030865 0.954677 0.871394
4.096420 4.079318 4.048424 4.017663 3.982794 3.928585 3.894699 3.863685 3.830261 3.802844 3.781125 3.745379 3.689396 3.641909 3.569143 3.512352 3.451258 3.413393 3.372139 3.301728 3.231525 3.182128 3.128717 3.065665 3.006625 2.953945 2.891987 2.833536 2.779711 2.726540 2.672050 2.622493 2.573971 2.523835 2.475848 2.419342 2.379039 2.333194 2.298676 2.256954 2.213959 2.170329 2.132179 2.084157 2.045592 2.005686 1.955536 1.915907 1.866706 1.813763 1.768400 1.709429 1.650625 1.588516 1.520785 1.452344 1.383031 1.317406 1.240838 1.158606 1.084754 1.009760 0.931443 0.855529
4.042570 4.024224 3.993140 3.962624 3.928853 3.875054 3.842935 3.809308 3.775702 3.751108 3.727103 3.691649 3.637329 3.588239 3.517035 3.457900 3.396430 3.358779 3.317185 3.247508 3.175730 3.123780 3.069653 3.007475 2.946798 2.893139 2.828795 2.769696 2.715587 2.658996 2.603787 2.552809 2.499651 2.449236 2.398566 2.353475 2.310094 2.262664 2.214951 2.173779 2.131014 2.091283 2.051863 2.007147 1.966287 1.925956 1.881433 1.838154 1.791287 1.743807 1.696037 1.643148 1.587586 1.528140 1.464782 1.394644 1.323518 1.261512 1.193561 1.113610 1.035913 0.967703 0.891719 0.823457
3.950791 3.927585 3.898754 3.868353 3.834132 3.782879 3.749628 3.714483 3.681491 3.665799 3.634671 3.602169 3.548494 3.495990 3.424993 3.363765 3.302088 3.266113 3.223243 3.153653 3.080199 3.024140 2.971504 2.905549 2.843240 2.789652 2.722087 2.660478 2.604149 2.543339 2.486328 2.431653 2.375222 2.319856 2.266135 2.212961 2.166637 2.108880 2.071431 2.017042 1.979812 1.933229 1.887299 1.849396 1.809505 1.766131 1.730516 1.681386 1.640274 1.593152 1.545603 1.498353 1.446488 1.396971 1.339097 1.273410 1.205743 1.146971 1.099719 1.017396 0.943446 0.881345 0.813036 0.748766
3.768283 3.741596 3.713468 3.682406 3.647345 3.597942 3.563554 3.529366 3.496436 3.486900 3.450083 3.417785 3.365573 3.308008 3.236455 3.173369 3.111908 3.077780 3.036589 2.963401 2.889917 2.829364 2.777498 2.707972 2.639392 2.584380 2.514343 2.450162 2.386602 2.320865 2.262291 2.201176 2.134820 2.072252 2.013106 1.963826 1.905180 1.846704 1.788590 1.743351 1.684525 1.639041 1.586850 1.536446 1.490690 1.447150 1.399743 1.356489 1.309624 1.266529 1.221890 1.174870 1.129764 1.087675 1.042650 0.995932 0.939664 0.887162 0.835803 0.778423 0.720678 0.663284 0.596445 0.530433
3.381452 3.363109 3.326552 3.294901 3.252461 3.205326 3.175798 3.143467 3.109857 3.088040 3.056807 3.007320 2.955324 2.900815 2.826976 2.766299 2.708328 2.671840 2.641374 2.557304 2.470468 2.426599 2.374012 2.305803 2.216934 2.156228 2.088841 2.022986 1.949378 1.885844 1.812371 1.739227 1.665449 1.593900 1.527750 1.464274 1.390753 1.319492 1.242233 1.169875 1.103715 1.063715 0.993979 0.943669 0.883711 0.821784 0.771247 0.707056 0.661638 0.610945 0.564580 0.515714 0.444873 0.403241 0.352910 0.329162 0.288731 0.234847 0.128243 0.107945 0.062574 0.001874 -0.061791 -0.121523
2.600715 2.616572 2.551472 2.519197 2.456213 2.408924 2.410547 2.380190 2.341797 2.309098 2.263742 2.127022 2.062885 2.047147 1.965307 1.928523 1.884793 1.829440 1.843198 1.718689 1.686232 1.639690 1.571280 1.532614 1.376330 1.277938 1.251494 1.234441 1.081777 1.075676 1.005405 0.905527 0.767164 0.697235 0.627522 0.594172 0.520969 0.406969 0.214242 0.205248 0.029357 0.091054 -0.002909 -0.058270 -0.150102 -0.234077 -0.261997 -0.390461 -0.437162 -0.521473 -0.584486 -0.637672 -0.912667 -1.014740 -1.165919 -1.215733 -1.204055 -1.261375 -1.525226 -1.508688 -1.622860 -1.578693 -1.643197 -1.619530
1.168130 1.295013 1.159018 1.116477 1.028063 0.972768 1.041378 1.009005 0.953478 0.901069 0.823250 0.366426 0.250988 0.474044 0.281073 0.332610 0.333117 0.222525 0.383482 0.109280 0.345740 0.240652 0.123858 0.177908 -0.148288 -0.415320 -0.237544 -0.129209 -0.529242 -0.313566 -0.370942 -0.520239 -0.860977 -0.877358 -0.938454 -0.845547 -0.925815 -1.090906 -1.605405 -1.382933 -1.844336 -1.445178 -1.558110 -1.603882 -1.746512 -1.870951 -1.832872 -2.103427 -2.124290 -2.291392 -2.385751 -2.448770 -3.231957 -3.413180 -3.583607 -3.345313 -2.991234 -2.946989 -3.639408 -3.122762 -3.312245 -3.233369 -3.421560 -3.153578
4.188626 4.177510 4.143335 4.108846 4.073963 4.017638 3.986607 3.953337 3.919488 3.896471 3.873806 3.833493 3.778493 3.730978 3.657705 3.600290 3.539891 3.505659 3.468134 3.395187 3.324709 3.276614 3.227405 3.166253 3.105825 3.056041 2.995481 2.947391 2.890950 2.842325 2.793822 2.745661 2.696333 2.651033 2.607068 2.566881 2.510626 2.476404 2.437007 2.401173 2.356978 2.321287 2.279281 2.229625 2.189489 2.148224 2.090924 2.045886 1.991171 1.933278 1.869763 1.807608 1.728641 1.658586 1.583275 1.503130 1.435210 1.361171 1.275691 1.192080 1.120231 1.041639 0.966681 0.875903
4.187463 4.168202 4.139081 4.108700 4.075271 4.019937 3.987436 3.955965 3.922365 3.895409 3.871140 3.835732 3.778664 3.732360 3.664234 3.606880 3.544023 3.505855 3.467167 3.399441 3.332209 3.283606 3.228426 3.174721 3.113504 3.061438 3.002722 2.956056 2.898501 2.850441 2.802374 2.753796 2.702119 2.658576 2.614255 2.576933 2.519757 2.481727 2.444247 2.407105 2.358438 2.327797 2.279703 2.231168 2.191306 2.150771 2.082724 2.045689 1.986385 1.926599 1.869435 1.805046 1.728025 1.658187 1.588575 1.509965 1.443615 1.373710 1.284490 1.206108 1.132190 1.049311 0.976846 0.893155
4.187085 4.167030 4.138804 4.107111 4.072808 4.016591 3.984175 3.952476 3.919917 3.893798 3.870535 3.834894 3.777921 3.730407 3.659376 3.601888 3.540633 3.504022 3.465232 3.394215 3.325172 3.277978 3.226304 3.167791 3.106220 3.056450 2.995257 2.947927 2.889444 2.841866 2.793031 2.745111 2.692166 2.647831 2.602416 2.563204 2.508377 2.472559 2.431825 2.390705 2.346882 2.314750 2.266161 2.216025 2.175905 2.134427 2.069902 2.034640 1.977737 1.917891 1.862613 1.798938 1.719393 1.655625 1.589129 1.515375 1.441021 1.371542 1.288260 1.207782 1.133161 1.051013 0.976630 0.899738
4.178660 4.161580 4.130152 4.097608 4.062489 4.006238 3.973997 3.942336 3.909741 3.885572 3.861871 3.826430 3.769855 3.721006 3.648994 3.590586 3.528772 3.493829 3.455658 3.383634 3.313104 3.263982 3.215063 3.154273 3.092322 3.042618 2.982003 2.932789 2.874337 2.826157 2.776372 2.728342 2.676987 2.631237 2.585923 2.544986 2.484232 2.451935 2.412380 2.372029 2.330920 2.295445 2.251215 2.207041 2.161744 2.121009 2.068812 2.022530 1.970906 1.914332 1.856575 1.793523 1.715410 1.652936 1.584649 1.512885 1.436274 1.367869 1.286353 1.205244 1.128309 1.050382 0.972245 0.898968
4.169277 4.150874 4.120741 4.087915 4.053825 3.997128 3.965403 3.933509 3.899595 3.876319 3.851065 3.817217 3.760870 3.712242 3.643696 3.583755 3.519940 3.483628 3.444488 3.374328 3.307126 3.255621 3.203332 3.146009 3.085323 3.031184 2.974311 2.922129 2.864167 2.817402 2.766427 2.717848 2.668826 2.620992 2.576307 2.534620 2.474254 2.444714 2.403029 2.363895 2.324052 2.286031 2.243053 2.196500 2.155584 2.114226 2.069346 2.016987 1.967414 1.913810 1.854077 1.789309 1.713066 1.650619 1.584290 1.509464 1.434348 1.367856 1.288766 1.205346 1.132083 1.056602 0.977259 0.902851
4.165262 4.145231 4.117493 4.083903 4.050239 3.993758 3.963195 3.929961 3.893893 3.872611 3.846992 3.813572 3.756785 3.708320 3.640827 3.579929 3.515798 3.479203 3.440146 3.369778 3.302636 3.252623 3.198553 3.141731 3.081231 3.026603 2.969463 2.917516 2.860652 2.812052 2.760663 2.711781 2.663120 2.616673 2.569895 2.528706 2.465048 2.437773 2.398576 2.361858 2.314928 2.278993 2.240128 2.193918 2.149867 2.107155 2.056775 2.012840 1.962609 1.908581 1.848926 1.787240 1.712733 1.647257 1.580699 1.506290 1.434976 1.366840 1.288737 1.203482 1.135738 1.059049 0.981218 0.906931
4.160295 4.141318 4.111145 4.079795 4.045609 3.990052 3.958408 3.924955 3.890518 3.868436 3.843423 3.808300 3.752786 3.704051 3.632134 3.572991 3.511060 3.475062 3.436051 3.363199 3.294913 3.246173 3.194832 3.133435 3.074814 3.020808 2.961003 2.909226 2.852612 2.803944 2.751478 2.702896 2.654229 2.607000 2.559980 2.515669 2.452382 2.427173 2.388176 2.352563 2.307948 2.265427 2.227718 2.182000 2.137798 2.095714 2.047869 2.000810 1.952707 1.897720 1.837783 1.778136 1.704814 1.639891 1.574290 1.500376 1.429731 1.361955 1.284088 1.198372 1.131553 1.054302 0.975895 0.896905
4.145326 4.124802 4.097900 4.064846 4.031961 3.975586 3.944911 3.911154 3.877825 3.855828 3.829167 3.794563 3.738225 3.689167 3.617908 3.559805 3.499399 3.462094 3.420886 3.350228 3.280717 3.232571 3.179938 3.117974 3.060339 3.006120 2.946997 2.892484 2.836659 2.786469 2.733980 2.684732 2.636377 2.588716 2.539835 2.491384 2.435911 2.403079 2.368693 2.325687 2.284981 2.245022 2.206596 2.158910 2.118218 2.076964 2.022923 1.982007 1.934557 1.879626 1.823704 1.764808 1.692905 1.628253 1.561458 1.490716 1.420619 1.351816 1.269217 1.188010 1.117162 1.039470 0.962377 0.879591
4.121518 4.102541 4.074035 4.041858 4.007687 3.953073 3.921070 3.887544 3.854096 3.829921 3.805852 3.769805 3.713134 3.665986 3.593387 3.536083 3.474489 3.437601 3.397243 3.326795 3.255535 3.206798 3.153738 3.092531 3.034217 2.979451 2.919563 2.862759 2.808410 2.757028 2.702450 2.653469 2.605697 2.555666 2.509449 2.453589 2.402396 2.365946 2.334413 2.289666 2.251220 2.207665 2.167829 2.119497 2.082129 2.043837 1.983431 1.951552 1.901217 1.848395 1.797751 1.741628 1.672414 1.608253 1.543855 1.470426 1.398859 1.328194 1.252723 1.170426 1.099089 1.021299 0.944082 0.859722
4.139729 4.121013 4.091983 4.060484 4.028420 3.972674 3.941086 3.907248 3.874409 3.852287 3.826672 3.791081 3.735263 3.687611 3.616075 3.559219 3.498139 3.460257 3.419780 3.349269 3.280455 3.232007 3.178304 3.118480 3.059695 3.005847 2.945417 2.892634 2.836648 2.786178 2.733524 2.684677 2.635658 2.587302 2.540694 2.493099 2.432363 2.402698 2.364778 2.322664 2.285996 2.245525 2.204882 2.155403 2.118527 2.079502 2.026067 1.985972 1.939475 1.885410 1.832700 1.769914 1.697688 1.633461 1.566946 1.495855 1.422520 1.354664 1.275663 1.189387 1.120457 1.043823 0.964394 0.885331
4.129411 4.109380 4.081595 4.048204 4.014962 3.959624 3.928281 3.894776 3.861304 3.837795 3.811853 3.776919 3.720348 3.672559 3.600394 3.542733 3.481256 3.443717 3.403562 3.332704 3.262774 3.214356 3.160733 3.099570 3.040837 2.986619 2.926850 2.870418 2.816274 2.765128 2.710656 2.661738 2.613982 2.565238 2.518165 2.463908 2.412879 2.378328 2.341196 2.300177 2.256430 2.215950 2.178545 2.129489 2.091453 2.051233 1.993207 1.956842 1.907758 1.854714 1.801198 1.742505 1.675075 1.612316 1.544677 1.472007 1.401867 1.333241 1.255131 1.174934 1.101869 1.027784 0.946598 0.863923
4.120079 4.098564 4.069029 4.037615 4.002570 3.947592 3.914753 3.880527 3.847251 3.822757 3.797906 3.762151 3.705824 3.656577 3.584369 3.526218 3.465474 3.428079 3.386114 3.315240 3.244768 3.196215 3.141840 3.080513 3.021456 2.968071 2.906092 2.849193 2.796402 2.743683 2.688812 2.639030 2.591056 2.541206 2.493956 2.438253 2.393570 2.350668 2.316131 2.272271 2.234233 2.190788 2.147522 2.099985 2.061185 2.022832 1.965442 1.930235 1.877927 1.826541 1.773172 1.716113 1.652130 1.589357 1.525819 1.453771 1.383027 1.310425 1.234809 1.155376 1.082345 1.005269 0.929952 0.844993
4.110411 4.089266 4.059536 4.026093 3.991182 3.935427 3.900526 3.867746 3.834042 3.807694 3.784402 3.747726 3.691099 3.641689 3.569358 3.510441 3.449223 3.412121 3.369231 3.298102 3.227449 3.178195 3.122896 3.061169 3.003190 2.948472 2.886284 2.828394 2.774309 2.722139 2.666016 2.617088 2.568401 2.518057 2.469806 2.413352 2.373627 2.326150 2.291903 2.250234 2.205334 2.163808 2.120940 2.075010 2.035574 1.995029 1.944649 1.900250 1.850084 1.796565 1.745401 1.687465 1.630275 1.567630 1.501617 1.432827 1.362176 1.292429 1.212621 1.136328 1.062330 0.983599 0.907057 0.828003
4.102191 4.081519 4.051162 4.015808 3.979836 3.923451 3.889117 3.855825 3.821309 3.794652 3.770637 3.733823 3.676636 3.626678 3.553199 3.494376 3.432543 3.396274 3.352015 3.281376 3.210078 3.160338 3.105808 3.041739 2.983020 2.930118 2.867848 2.808695 2.755645 2.700167 2.644826 2.593976 2.545457 2.494255 2.446690 2.394002 2.352374 2.307928 2.266696 2.225389 2.180636 2.139198 2.100261 2.048219 2.006933 1.968397 1.913715 1.873372 1.824007 1.771509 1.720158 1.662912 1.607371 1.544232 1.478814 1.410175 1.340191 1.267609 1.192953 1.117549 1.043213 0.966666 0.888769 0.808619
4.094248 4.074107 4.039906 4.005743 3.969015 3.912512 3.878590 3.842837 3.808878 3.784051 3.757209 3.719991 3.662587 3.611817 3.537811 3.478605 3.417661 3.379453 3.336198 3.264326 3.192160 3.141249 3.087201 3.022985 2.964295 2.909607 2.847746 2.787805 2.734508 2.678649 2.623438 2.572161 2.522799 2.471178 2.420805 2.373586 2.331156 2.285263 2.241071 2.198650 2.155060 2.115288 2.071698 2.023681 1.984394 1.945786 1.893564 1.850082 1.801129 1.748662 1.697338 1.640189 1.584021 1.522039 1.457019 1.388140 1.318642 1.247066 1.171749 1.095980 1.022364 0.946615 0.870435 0.792919
4.086547 4.065871 4.031525 3.996429 3.958826 3.900954 3.866655 3.831265 3.796202 3.771558 3.743893 3.706707 3.649201 3.597237 3.522619 3.462326 3.400965 3.364161 3.319003 3.247118 3.174937 3.123643 3.069322 3.004053 2.944919 2.890322 2.826868 2.768363 2.712341 2.657372 2.602222 2.550759 2.499336 2.448338 2.397649 2.352819 2.310212 2.262298 2.213758 2.176997 2.126567 2.090298 2.047878 2.003485 1.960618 1.918600 1.867186 1.826210 1.778533 1.725902 1.674809 1.617255 1.561640 1.499304 1.431107 1.366839 1.295934 1.226296 1.150983 1.076284 1.000743 0.923777 0.847733 0.768732
4.080115 4.056876 4.023751 3.986548 3.948543 3.890737 3.855800 3.820475 3.783430 3.759131 3.731397 3.693099 3.634959 3.581387 3.507508 3.447129 3.385371 3.348121 3.302822 3.229833 3.157422 3.105580 3.050759 2.985090 2.926143 2.870558 2.807973 2.748935 2.691779 2.636062 2.580936 2.528243 2.475760 2.423344 2.372693 2.328095 2.286424 2.237335 2.188498 2.149186 2.101511 2.066793 2.023408 1.977304 1.935836 1.894076 1.842396 1.802772 1.752819 1.703459 1.652442 1.595497 1.538865 1.476503 1.407581 1.341988 1.273557 1.202378 1.127429 1.052159 0.980871 0.902949 0.826261 0.752607
4.073565 4.052802 4.015302 3.978094 3.939774 3.880526 3.845089 3.810031 3.772835 3.748430 3.718557 3.680614 3.621274 3.568637 3.491764 3.431196 3.369577 3.331881 3.285293 3.213030 3.139745 3.087855 3.032992 2.966915 2.907428 2.851061 2.787730 2.728442 2.670975 2.614173 2.560017 2.506239 2.452527 2.399653 2.349599 2.301639 2.265912 2.212911 2.161120 2.117532 2.074996 2.038161 1.996450 1.949862 1.907505 1.868966 1.821769 1.776547 1.730565 1.678076 1.625817 1.566839 1.514178 1.451077 1.383650 1.319307 1.250503 1.180100 1.106676 1.029005 0.957894 0.883674 0.801085 0.729946
4.152601 4.133225 4.106960 4.075539 4.042860 3.988555 3.959588 3.927813 3.896133 3.874053 3.849970 3.813393 3.755119 3.706303 3.634501 3.580712 3.523604 3.487651 3.446117 3.371126 3.303623 3.260829 3.207375 3.143807 3.086624 3.034580 2.973398 2.925343 2.869725 2.818316 2.768452 2.720256 2.671153 2.624696 2.580161 2.541635 2.478206 2.445644 2.409097 2.374870 2.329140 2.302182 2.256413 2.207853 2.171780 2.136608 2.074956 2.041696 1.988999 1.933314 1.874656 1.816850 1.738641 1.674353 1.604799 1.530608 1.459461 1.387947 1.307573 1.222786 1.155961 1.079409 1.000872 0.911131
4.144458 4.124682 4.096947 4.065683 4.033246 3.978837 3.949127 3.916498 3.883584 3.861549 3.836685 3.800408 3.743811 3.693943 3.623231 3.567558 3.508403 3.471902 3.430408 3.357505 3.290292 3.244188 3.191306 3.128505 3.071011 3.018029 2.957549 2.906046 2.850026 2.800099 2.747946 2.700388 2.651338 2.603490 2.556801 2.512656 2.453217 2.421885 2.386243 2.345295 2.303659 2.272964 2.226365 2.179995 2.144282 2.104661 2.043605 2.011702 1.962670 1.907584 1.851763 1.790190 1.716582 1.650637 1.583339 1.509730 1.438747 1.369315 1.286770 1.205781 1.137469 1.060604 0.983350 0.896021
4.137101 4.114429 4.088475 4.057474 4.022955 3.969099 3.938234 3.904673 3.870031 3.849442 3.823296 3.788184 3.730789 3.682522 3.610596 3.554829 3.494056 3.456323 3.416270 3.344206 3.275645 3.227434 3.174387 3.112442 3.054233 3.000949 2.940356 2.887246 2.831695 2.781382 2.727700 2.680200 2.631169 2.582635 2.536134 2.485756 2.431416 2.397243 2.359729 2.320685 2.281305 2.242537 2.202315 2.150514 2.111976 2.075744 2.014353 1.983202 1.932788 1.879313 1.824314 1.766447 1.692967 1.630415 1.561894 1.491012 1.419162 1.348130 1.269930 1.189221 1.116120 1.040807 0.963173 0.877287
4.128679 4.109294 4.079523 4.047926 4.013809 3.959151 3.926795 3.892929 3.858081 3.835432 3.809692 3.774948 3.718864 3.672008 3.599239 3.541388 3.479108 3.441730 3.401421 3.331442 3.261121 3.211415 3.157500 3.097328 3.038735 2.984246 2.923979 2.868488 2.813711 2.762132 2.707672 2.659347 2.609780 2.562316 2.515075 2.459334 2.407767 2.370074 2.335327 2.293687 2.252965 2.211185 2.171271 2.120499 2.084374 2.044019 1.988353 1.952888 1.901845 1.852150 1.796471 1.740203 1.671485 1.608066 1.542366 1.470622 1.400539 1.327862 1.251245 1.170691 1.098568 1.018142 0.940778 0.859510
4.121229 4.102291 4.070969 4.039614 4.004286 3.948683 3.915754 3.880869 3.846595 3.821177 3.796796 3.762189 3.706648 3.659721 3.587631 3.528385 3.463718 3.426064 3.385713 3.317011 3.247098 3.195379 3.140859 3.081171 3.023141 2.966839 2.906672 2.849366 2.794922 2.743778 2.687665 2.638419 2.589902 2.540382 2.492097 2.435287 2.387224 2.347049 2.314597 2.269789 2.226227 2.182713 2.142233 2.097445 2.057291 2.015790 1.960748 1.921874 1.874510 1.818835 1.767537 1.710701 1.649253 1.586081 1.521615 1.450015 1.381126 1.309751 1.232822 1.153228 1.078070 1.002566 0.925047 0.842607
4.112805 4.093314 4.063478 4.029711 3.994905 3.937630 3.902532 3.869841 3.833813 3.806384 3.783596 3.749251 3.695570 3.648341 3.575959 3.515040 3.449429 3.410755 3.370800 3.304093 3.233172 3.178920 3.125282 3.065369 3.006155 2.950379 2.889400 2.831492 2.777141 2.723959 2.668073 2.618504 2.569477 2.519833 2.470803 2.412226 2.368752 2.324045 2.290988 2.247200 2.207569 2.156310 2.113770 2.072914 2.029471 1.988613 1.935818 1.894552 1.844785 1.793252 1.740131 1.685537 1.628263 1.564964 1.499917 1.429944 1.360353 1.290492 1.214299 1.133107 1.060859 0.985439 0.905209 0.823841
4.104639 4.083947 4.054622 4.021593 3.985134 3.928286 3.891228 3.858030 3.821407 3.793085 3.770252 3.736187 3.683159 3.636584 3.563845 3.501037 3.434584 3.395180 3.355859 3.290416 3.219090 3.162181 3.108248 3.049667 2.989741 2.932960 2.872780 2.813121 2.758828 2.705392 2.648582 2.598252 2.549992 2.498293 2.447319 2.392529 2.349350 2.304310 2.264815 2.223612 2.181744 2.133052 2.091908 2.043588 2.002158 1.959975 1.913118 1.868557 1.818437 1.767246 1.719363 1.663401 1.605493 1.542015 1.478124 1.408900 1.340599 1.269683 1.194978 1.114496 1.041796 0.962985 0.885327 0.805374
4.096840 4.077155 4.044782 4.011755 3.975326 3.917830 3.882282 3.846249 3.808585 3.782724 3.757570 3.723164 3.670602 3.625780 3.553015 3.487593 3.419940 3.379546 3.340725 3.276599 3.204860 3.146276 3.091820 3.033647 2.974009 2.916303 2.856393 2.795440 2.740275 2.686477 2.630432 2.579302 2.529667 2.477015 2.426820 2.372847 2.329696 2.280852 2.242723 2.198210 2.159150 2.107469 2.068144 2.020585 1.975124 1.935645 1.885899 1.843539 1.792104 1.745483 1.698440 1.640328 1.584489 1.522440 1.456490 1.388750 1.319781 1.248233 1.174535 1.097581 1.021996 0.944529 0.862373 0.786374
4.089018 4.069243 4.038198 4.003138 3.965545 3.907822 3.871072 3.834445 3.795209 3.769857 3.743494 3.710232 3.658462 3.613707 3.540115 3.474414 3.404938 3.364148 3.324989 3.263455 3.191152 3.129674 3.074827 3.018148 2.956878 2.899266 2.839479 2.778768 2.721816 2.667226 2.611279 2.558898 2.509103 2.456788 2.406385 2.353282 2.306278 2.261658 2.217566 2.170920 2.130209 2.082274 2.043621 1.992365 1.952341 1.912037 1.865389 1.821564 1.773562 1.724438 1.676843 1.618479 1.560735 1.499198 1.436505 1.367763 1.301209 1.225662 1.156406 1.075561 1.001682 0.927033 0.843623 0.769993
4.122525 4.102898 4.077843 4.046003 4.013535 3.960156 3.929567 3.897218 3.863502 3.840972 3.815102 3.781949 3.726098 3.677309 3.605769 3.547382 3.486128 3.447333 3.405843 3.334439 3.266147 3.216566 3.160339 3.099063 3.040817 2.984022 2.923984 2.866703 2.810665 2.758468 2.702827 2.653327 2.603381 2.553595 2.504659 2.450842 2.403600 2.362490 2.326070 2.279321 2.242106 2.196949 2.157303 2.109987 2.067276 2.025690 1.972224 1.928316 1.876559 1.820436 1.763855 1.707618 1.647495 1.584793 1.514762 1.445833 1.372036 1.300229 1.221795 1.141234 1.066288 0.988790 0.908127 0.825420
4.125252 4.105257 4.078480 4.048551 4.014871 3.961236 3.929827 3.896778 3.864322 3.841134 3.816028 3.781831 3.725555 3.677659 3.605780 3.547912 3.485684 3.447647 3.406459 3.336035 3.266259 3.217002 3.162401 3.100213 3.041724 2.986288 2.925495 2.869480 2.814827 2.762552 2.707265 2.657320 2.608671 2.558193 2.509476 2.457232 2.406893 2.366431 2.330808 2.287452 2.248660 2.203715 2.162541 2.115564 2.074066 2.032981 1.979273 1.937739 1.889250 1.832190 1.777751 1.717010 1.655873 1.593414 1.525743 1.451857 1.380990 1.309440 1.231248 1.152279 1.076731 0.998464 0.920314 0.838981
4.127468 4.107747 4.080435 4.049885 4.016141 3.962537 3.931361 3.897360 3.864779 3.841893 3.816760 3.781546 3.726037 3.677713 3.605632 3.547861 3.486753 3.448487 3.407371 3.336046 3.267032 3.217895 3.163379 3.101902 3.043225 2.989417 2.927605 2.872372 2.816635 2.765129 2.711012 2.661568 2.612739 2.563206 2.514932 2.462430 2.412763 2.375057 2.336677 2.294708 2.254255 2.212255 2.171966 2.124864 2.082625 2.043803 1.985301 1.947099 1.898405 1.842824 1.789817 1.730455 1.664672 1.600903 1.534270 1.463910 1.391995 1.320058 1.241155 1.159495 1.087716 1.008995 0.928700 0.846338
4.130193 4.111288 4.082290 4.051341 4.017354 3.963242 3.931179 3.898825 3.865434 3.842495 3.816688 3.782088 3.725410 3.677742 3.605783 3.548099 3.486686 3.449096 3.407645 3.337076 3.267860 3.219086 3.165013 3.103689 3.045639 2.990417 2.930113 2.875174 2.820252 2.769009 2.714379 2.665558 2.615805 2.567811 2.520470 2.467553 2.417040 2.378371 2.343860 2.303556 2.261242 2.215977 2.176702 2.130178 2.090491 2.051477 1.997931 1.957038 1.908322 1.855061 1.799978 1.742224 1.673094 1.611342 1.542763 1.473992 1.401931 1.328747 1.252031 1.168269 1.098222 1.020728 0.940693 0.857048
4.132923 4.112787 4.082925 4.053464 4.018545 3.964259 3.933266 3.898376 3.865383 3.842485 3.817153 3.781376 3.725627 3.677284 3.606340 3.548213 3.487025 3.449582 3.409125 3.338108 3.269239 3.219590 3.166899 3.105182 3.047332 2.992632 2.933329 2.877544 2.823344 2.771856 2.718417 2.669861 2.620566 2.572615 2.525526 2.473038 2.416229 2.384543 2.349097 2.307175 2.265724 2.226737 2.186724 2.137900 2.098270 2.061749 2.002514 1.967939 1.916100 1.865823 1.812661 1.752329 1.682262 1.619183 1.553050 1.480915 1.408929 1.339973 1.262025 1.180123 1.107128 1.032117 0.954722 0.868581
4.134589 4.116541 4.086050 4.055237 4.020580 3.964790 3.933170 3.899390 3.865978 3.843605 3.817167 3.781230 3.725130 3.677991 3.605293 3.548535 3.486850 3.449648 3.409599 3.338212 3.269421 3.221230 3.168010 3.107061 3.049207 2.994750 2.935297 2.880763 2.825318 2.776051 2.722162 2.673997 2.624642 2.576880 2.529441 2.479303 2.423538 2.388651 2.356123 2.315420 2.274982 2.234737 2.194970 2.148318 2.107186 2.069891 2.011048 1.976457 1.928556 1.876276 1.823477 1.765032 1.691541 1.630404 1.561296 1.489835 1.420504 1.350415 1.270841 1.190955 1.117823 1.043012 0.963624 0.880546
4.138105 4.118229 4.088235 4.056231 4.021965 3.965731 3.934281 3.900395 3.865943 3.843791 3.817725 3.781520 3.725318 3.677108 3.605878 3.548055 3.487742 3.450615 3.409881 3.339556 3.270488 3.222305 3.169207 3.108513 3.050341 2.997458 2.937291 2.883644 2.828357 2.777274 2.725847 2.677550 2.629864 2.581362 2.535436 2.486013 2.427269 2.394824 2.361338 2.323136 2.279951 2.240953 2.201334 2.155798 2.114273 2.077505 2.022194 1.987219 1.939982 1.887089 1.833742 1.774944 1.700467 1.637851 1.571195 1.499883 1.428697 1.359534 1.281587 1.198671 1.130301 1.050877 0.977638 0.889320
4.140067 4.120096 4.089966 4.057106 4.022913 3.966299 3.935056 3.900855 3.866200 3.844210 3.817864 3.781171 3.724930 3.677586 3.605284 3.548249 3.487845 3.451181 3.410315 3.340403 3.271265 3.222934 3.170729 3.110192 3.051745 2.998832 2.940065 2.886566 2.833604 2.781500 2.729491 2.682291 2.633693 2.585753 2.539399 2.490689 2.432282 2.401535 2.369851 2.329111 2.290028 2.248985 2.210770 2.161753 2.121165 2.087482 2.030077 1.997753 1.949325 1.897824 1.845999 1.787292 1.709976 1.645331 1.579969 1.508502 1.437965 1.369912 1.289454 1.207656 1.140352 1.061562 0.987790 0.903254
4.142858 4.121677 4.091952 4.058816 4.023728 3.967141 3.935798 3.900367 3.867432 3.844585 3.817916 3.781196 3.725085 3.677512 3.605517 3.548315 3.488307 3.451652 3.411502 3.341034 3.271839 3.224895 3.172156 3.111460 3.054143 3.001257 2.941338 2.889180 2.835086 2.785053 2.733715 2.686438 2.637500 2.590589 2.544469 2.497811 2.435287 2.407486 2.373777 2.335788 2.291925 2.257196 2.218684 2.169202 2.131215 2.095933 2.035716 2.007109 1.960352 1.910100 1.857196 1.797483 1.718184 1.656112 1.590408 1.517023 1.447043 1.378106 1.300055 1.217774 1.147707 1.074037 0.996895 0.914514
