# mean(lg_P) also median/mode
3.607112 3.590570 3.561168 3.528905 3.495034 3.447108 3.413552 3.379326 3.346386 3.321237 3.292733 3.259775 3.208878 3.154842 3.083887 3.020313 2.960654 2.920784 2.877828 2.807698 2.730956 2.670973 2.615387 2.549405 2.476926 2.414491 2.346913 2.273793 2.211744 2.142608 2.074709 2.008683 1.943078 1.874472 1.809235 1.744724 1.680664 1.618227 1.558791 1.496232 1.438488 1.382093 1.325699 1.269801 1.218042 1.167196 1.114676 1.064907 1.015268 0.967744 0.920338 0.873582 0.826934 0.772056 0.721913 0.668884 0.618366 0.564555 0.502093 0.446307 0.381590 0.313953 0.248162 0.184846
3.637808 3.607165 3.563018 3.513243 3.464216 3.405069 3.365422 3.328459 3.295981 3.273968 3.240608 3.201046 3.131613 3.058515 2.968031 2.901879 2.856989 2.823809 2.765995 2.668002 2.584477 2.542536 2.481604 2.387876 2.321282 2.259698 2.177151 2.104762 2.034168 1.961293 1.886918 1.814931 1.741011 1.666267 1.594735 1.520727 1.451556 1.381358 1.311765 1.245307 1.176931 1.111716 1.046114 0.983091 0.921756 0.861217 0.800549 0.742318 0.684174 0.628632 0.575297 0.520143 0.468538 0.422405 0.374506 0.325367 0.266653 0.199392 0.150239 0.077134 0.023599 -0.047054 -0.109888 -0.171211
3.631873 3.605316 3.565350 3.520799 3.477235 3.421110 3.383133 3.346889 3.314571 3.291396 3.260122 3.221823 3.158658 3.091768 3.008981 2.942427 2.892170 2.855844 2.804040 2.716009 2.633318 2.584104 2.525957 2.441891 2.371880 2.310176 2.233025 2.160433 2.092775 2.020967 1.948185 1.877907 1.807714 1.733128 1.665103 1.593641 1.526522 1.458175 1.392490 1.328027 1.262527 1.200310 1.137486 1.077470 1.018514 0.962183 0.904780 0.849361 0.795193 0.742114 0.690370 0.636182 0.587684 0.540565 0.493035 0.442679 0.384364 0.322537 0.271215 0.201672 0.146674 0.071823 0.008443 -0.052644
3.623165 3.600816 3.565742 3.526917 3.487389 3.434147 3.397308 3.362628 3.329144 3.305578 3.275665 3.239486 3.182310 3.120883 3.043639 2.977334 2.922709 2.884587 2.836999 2.757295 2.676725 2.622982 2.566399 2.490662 2.417691 2.357001 2.283597 2.210560 2.145297 2.075047 2.004367 1.935966 1.866490 1.795656 1.728581 1.659914 1.594670 1.528954 1.465700 1.402403 1.340411 1.280093 1.220878 1.162118 1.108032 1.051679 0.999608 0.945587 0.891491 0.842157 0.794728 0.741040 0.694430 0.642721 0.595483 0.543924 0.489276 0.431175 0.374235 0.309259 0.250615 0.181005 0.118146 0.051535
3.612233 3.594018 3.563664 3.529165 3.492600 3.443816 3.408663 3.376114 3.342061 3.317632 3.288343 3.254479 3.201771 3.145487 3.072738 3.007320 2.949701 2.910007 2.865245 2.794059 2.715696 2.657389 2.601578 2.531888 2.460265 2.397843 2.328443 2.255610 2.192935 2.122943 2.054765 1.987685 1.921191 1.851761 1.785145 1.719756 1.655132 1.592740 1.531646 1.470226 1.409855 1.351599 1.295164 1.239118 1.185460 1.133868 1.080157 1.032096 0.979826 0.931189 0.883322 0.833027 0.787305 0.735943 0.684847 0.631535 0.581014 0.527383 0.466302 0.407467 0.347330 0.274801 0.213098 0.145491
3.600152 3.586182 3.557916 3.528147 3.495619 3.449573 3.416607 3.384398 3.350768 3.326446 3.297547 3.265346 3.217391 3.165015 3.096946 3.033896 2.972927 2.932062 2.890632 2.824151 2.749417 2.687370 2.632637 2.568571 2.496522 2.434260 2.368147 2.294729 2.233654 2.165412 2.098670 2.033848 1.968581 1.901208 1.836215 1.773035 1.710429 1.649217 1.589052 1.530027 1.472616 1.415677 1.361509 1.307107 1.253367 1.202923 1.155176 1.105179 1.057050 1.011026 0.964018 0.915497 0.868343 0.815918 0.764659 0.711300 0.660389 0.608254 0.544524 0.492141 0.425916 0.359054 0.289028 0.228322
3.585293 3.574839 3.550717 3.524335 3.495688 3.451650 3.421288 3.389795 3.356673 3.332114 3.303775 3.273899 3.229082 3.180211 3.116450 3.056210 2.993414 2.950715 2.911501 2.849483 2.778563 2.714792 2.658181 2.598218 2.528698 2.465579 2.401244 2.329920 2.270742 2.202487 2.137066 2.073330 2.010600 1.944413 1.881108 1.821005 1.758867 1.699775 1.640997 1.582037 1.526287 1.472787 1.418282 1.366235 1.314264 1.267274 1.218046 1.171506 1.124920 1.079768 1.033642 0.986725 0.940106 0.885416 0.832969 0.779612 0.730647 0.679496 0.614003 0.555769 0.496358 0.425106 0.357337 0.293134
3.569825 3.562119 3.540322 3.517489 3.491257 3.450403 3.421517 3.391852 3.359430 3.335551 3.307482 3.279618 3.236497 3.192310 3.130818 3.072931 3.009732 2.965762 2.927814 2.869683 2.802455 2.736546 2.680915 2.623704 2.556700 2.490816 2.430150 2.359594 2.301124 2.235117 2.170868 2.107758 2.046681 1.981545 1.919886 1.862937 1.800418 1.743516 1.686432 1.628360 1.573828 1.521119 1.468986 1.418063 1.368240 1.320943 1.274111 1.229480 1.183031 1.137686 1.093964 1.047605 1.000799 0.946047 0.893105 0.837967 0.789611 0.739145 0.670102 0.621147 0.553466 0.482514 0.412478 0.346163
3.553264 3.546852 3.528194 3.508294 3.483323 3.445896 3.418942 3.390352 3.359011 3.335798 3.308418 3.282163 3.240630 3.198200 3.141243 3.086868 3.023057 2.978005 2.940185 2.884529 2.822218 2.756290 2.697860 2.643947 2.579799 2.513036 2.453977 2.384765 2.326647 2.261985 2.198813 2.137210 2.077244 2.013674 1.953414 1.897985 1.836072 1.781119 1.725357 1.667903 1.614752 1.564198 1.512548 1.462473 1.414884 1.365811 1.322566 1.276580 1.233314 1.190068 1.143751 1.099523 1.052857 0.995699 0.944011 0.887812 0.839301 0.786502 0.717264 0.663443 0.600455 0.527156 0.456587 0.385894
3.535757 3.529594 3.513051 3.494177 3.472612 3.437463 3.413597 3.386125 3.356688 3.333743 3.307137 3.280924 3.241943 3.200753 3.147524 3.095662 3.032855 2.987411 2.948177 2.895503 2.836993 2.771658 2.711276 2.658732 2.598476 2.530695 2.471831 2.404689 2.347438 2.284048 2.221832 2.160789 2.103048 2.040995 1.980686 1.927298 1.865838 1.812552 1.759273 1.700483 1.648896 1.598793 1.549289 1.500305 1.454304 1.409337 1.362798 1.319483 1.276120 1.231832 1.187164 1.141496 1.092960 1.039259 0.988040 0.932871 0.882366 0.824324 0.759596 0.699808 0.630798 0.559607 0.481245 0.415730
3.617114 3.601808 3.574433 3.545727 3.515390 3.469628 3.440474 3.410050 3.377479 3.352655 3.321602 3.287097 3.234647 3.179844 3.113974 3.055449 3.000236 2.958808 2.910603 2.839667 2.767261 2.713181 2.654951 2.585588 2.518061 2.456837 2.388849 2.317318 2.256711 2.189180 2.122420 2.056313 1.993089 1.925262 1.861542 1.799404 1.736182 1.675920 1.618034 1.557926 1.501952 1.446934 1.392523 1.339862 1.287654 1.240005 1.189770 1.142733 1.093055 1.048124 1.002077 0.955418 0.907968 0.849944 0.800162 0.745387 0.692873 0.652107 0.581959 0.537479 0.468889 0.400485 0.337397 0.271499
3.614351 3.599365 3.571359 3.541636 3.510574 3.465214 3.434028 3.403769 3.370354 3.345643 3.314874 3.279875 3.228119 3.173825 3.106334 3.047558 2.990619 2.950226 2.902795 2.831798 2.759087 2.703082 2.645623 2.577687 2.508342 2.446912 2.379441 2.307695 2.246207 2.177944 2.110752 2.045704 1.981112 1.914238 1.849104 1.787237 1.723590 1.663048 1.604119 1.544119 1.487003 1.430985 1.375598 1.322758 1.270426 1.222754 1.172137 1.123963 1.076270 1.028944 0.983797 0.935941 0.887853 0.833755 0.782447 0.726664 0.676278 0.631107 0.565885 0.514767 0.448340 0.379706 0.316612 0.254625
3.612251 3.596279 3.568173 3.537613 3.505153 3.458489 3.427967 3.396442 3.362801 3.337832 3.307595 3.273810 3.222823 3.167959 3.099831 3.039220 2.982166 2.941468 2.895186 2.824074 2.751315 2.693843 2.637040 2.568000 2.498721 2.436741 2.369246 2.297303 2.235813 2.167401 2.100174 2.034207 1.969804 1.901038 1.837166 1.774735 1.710722 1.649894 1.590803 1.529853 1.472610 1.416384 1.360206 1.307689 1.255484 1.207095 1.154782 1.105680 1.057402 1.011578 0.965416 0.916259 0.869445 0.813745 0.763096 0.708901 0.659946 0.609921 0.546906 0.493168 0.429613 0.359038 0.293213 0.232244
3.610019 3.594126 3.565344 3.533976 3.501623 3.453901 3.421333 3.389210 3.356295 3.331489 3.301157 3.268569 3.216751 3.162774 3.093315 3.030757 2.972768 2.932261 2.887588 2.817369 2.742953 2.683797 2.627907 2.559996 2.489798 2.427571 2.359673 2.287583 2.226175 2.156883 2.089771 2.022844 1.958051 1.890596 1.825140 1.761162 1.698259 1.636182 1.576478 1.515834 1.457905 1.401798 1.345480 1.290808 1.238433 1.188641 1.137484 1.089194 1.040365 0.992952 0.946326 0.896716 0.851378 0.796423 0.747031 0.693988 0.641171 0.591980 0.526603 0.473948 0.410188 0.340389 0.271817 0.212467
3.607758 3.591542 3.562325 3.530355 3.497778 3.448486 3.414830 3.382408 3.349245 3.324184 3.295076 3.262142 3.210797 3.156726 3.086361 3.022221 2.964005 2.923507 2.879716 2.810253 2.733778 2.674265 2.618890 2.552176 2.480147 2.417826 2.350053 2.276800 2.214559 2.146315 2.079427 2.012811 1.946870 1.877445 1.812868 1.748719 1.685114 1.622720 1.562927 1.501462 1.443797 1.386601 1.330191 1.275754 1.222622 1.173085 1.120576 1.071096 1.022264 0.974489 0.927134 0.878873 0.831725 0.777712 0.728433 0.674612 0.624421 0.571065 0.507902 0.451850 0.389325 0.323294 0.254450 0.191981
3.605145 3.589206 3.559316 3.526464 3.490876 3.443433 3.409475 3.375067 3.341428 3.316831 3.287766 3.255590 3.204814 3.151120 3.079594 3.014217 2.954576 2.914729 2.872536 2.802685 2.725540 2.664814 2.609542 2.543137 2.470485 2.407749 2.339675 2.266654 2.204260 2.135258 2.068050 2.001595 1.935137 1.866546 1.801059 1.735922 1.672301 1.609448 1.547967 1.487312 1.427825 1.371652 1.315059 1.260230 1.206107 1.155181 1.103061 1.053244 1.003870 0.955321 0.908427 0.858666 0.812246 0.761269 0.709577 0.656552 0.606408 0.551001 0.489215 0.429574 0.370067 0.299020 0.235325 0.171448
3.603680 3.586165 3.556057 3.522585 3.487465 3.438187 3.402233 3.368250 3.334031 3.309398 3.281345 3.248876 3.199287 3.144704 3.072380 3.006463 2.944508 2.905428 2.864330 2.795310 2.717019 2.654406 2.600256 2.534735 2.460891 2.397626 2.330326 2.256464 2.193942 2.125332 2.056945 1.989645 1.923357 1.854193 1.788308 1.722931 1.659546 1.595890 1.534828 1.472745 1.414204 1.356367 1.298404 1.243679 1.189981 1.137214 1.085760 1.036410 0.985768 0.936695 0.888602 0.840120 0.794035 0.741338 0.691428 0.639769 0.588545 0.529862 0.471893 0.413392 0.351467 0.281692 0.216503 0.150285
3.601042 3.583727 3.552821 3.518720 3.482882 3.432097 3.396451 3.360936 3.327114 3.302345 3.274389 3.243675 3.193254 3.138818 3.065519 2.997707 2.935878 2.897247 2.856796 2.787972 2.708618 2.645573 2.591236 2.525671 2.451163 2.387805 2.320674 2.245757 2.184016 2.114124 2.045985 1.979499 1.911369 1.841773 1.776607 1.709693 1.647513 1.582298 1.520890 1.459416 1.399782 1.341202 1.283924 1.227028 1.173040 1.121338 1.068135 1.018589 0.967498 0.918410 0.869104 0.821299 0.774269 0.722020 0.674120 0.621942 0.570340 0.510918 0.453038 0.392382 0.332008 0.261579 0.194228 0.129601
3.598811 3.580797 3.549640 3.515294 3.478163 3.427194 3.390214 3.354253 3.319639 3.295262 3.267596 3.236996 3.186905 3.133265 3.058900 2.989592 2.926620 2.887826 2.849102 2.780502 2.699621 2.635846 2.582651 2.516956 2.442258 2.378450 2.310999 2.236218 2.173635 2.103773 2.035170 1.967913 1.900218 1.830311 1.763653 1.697674 1.633829 1.569683 1.506987 1.445473 1.384288 1.325576 1.268410 1.211517 1.156509 1.103845 1.051480 0.999900 0.949411 0.899429 0.850597 0.802042 0.754467 0.702802 0.653547 0.602556 0.551352 0.490704 0.433860 0.371079 0.309780 0.239442 0.170691 0.111396
3.536090 3.517694 3.484704 3.447589 3.408132 3.355151 3.315336 3.276000 3.237227 3.210712 3.179636 3.148657 3.098845 3.046419 2.970634 2.897415 2.829019 2.788128 2.748324 2.681415 2.598114 2.527751 2.472591 2.407616 2.328687 2.262165 2.192396 2.115662 2.050210 1.976811 1.904974 1.833218 1.762576 1.690340 1.618719 1.546995 1.479490 1.409568 1.342321 1.276618 1.210381 1.146251 1.081772 1.019635 0.959578 0.900598 0.842496 0.786215 0.729698 0.674633 0.624098 0.569611 0.517953 0.472575 0.423426 0.373123 0.322532 0.250889 0.206666 0.132121 0.079011 0.006494 -0.056266 -0.114026
3.549566 3.533133 3.500493 3.464397 3.425686 3.374465 3.335709 3.296889 3.260226 3.234195 3.203173 3.171550 3.121655 3.069740 2.994053 2.921899 2.855603 2.815299 2.774281 2.707233 2.625761 2.557423 2.502364 2.436673 2.359557 2.293702 2.224044 2.147947 2.083233 2.011165 1.939720 1.869238 1.799204 1.726931 1.657479 1.586284 1.521598 1.451214 1.386277 1.320407 1.256922 1.194044 1.131285 1.071304 1.012933 0.954636 0.896893 0.842882 0.786783 0.734735 0.684529 0.630182 0.581601 0.536057 0.486216 0.433955 0.384002 0.315671 0.267802 0.194550 0.142887 0.071278 0.006237 -0.048692
3.563631 3.546675 3.515604 3.480342 3.443300 3.392433 3.354822 3.318504 3.281638 3.255904 3.225165 3.193668 3.143556 3.090348 3.016942 2.946087 2.881790 2.841689 2.800718 2.732041 2.651497 2.585124 2.531194 2.464861 2.388300 2.323605 2.254570 2.179305 2.115345 2.043512 1.973363 1.904392 1.834550 1.763199 1.695123 1.625734 1.560259 1.492843 1.428390 1.365110 1.301443 1.240469 1.179361 1.119006 1.062603 1.008875 0.949950 0.896860 0.843067 0.792980 0.742459 0.692631 0.641762 0.595672 0.546031 0.493843 0.445216 0.380108 0.325829 0.254959 0.204380 0.129167 0.068224 0.007637
3.576972 3.561010 3.530247 3.495605 3.459493 3.409531 3.373430 3.337976 3.301517 3.276838 3.245556 3.214759 3.165203 3.111334 3.038564 2.970352 2.907505 2.867741 2.825398 2.756870 2.677486 2.612600 2.557987 2.492099 2.416727 2.353045 2.284248 2.209544 2.145959 2.075179 2.006034 1.937949 1.869391 1.798509 1.731025 1.662913 1.599318 1.532779 1.469623 1.406282 1.345346 1.284729 1.225454 1.167184 1.111575 1.057850 1.002470 0.950682 0.898091 0.848486 0.798636 0.748542 0.701485 0.651854 0.603168 0.550067 0.498808 0.440433 0.383595 0.319094 0.259741 0.188467 0.124502 0.067152
3.590470 3.574755 3.543955 3.511217 3.475552 3.426832 3.391189 3.356495 3.322595 3.297544 3.268192 3.235507 3.183963 3.131801 3.059621 2.992558 2.931766 2.891469 2.849188 2.779523 2.701891 2.639475 2.584123 2.518236 2.444000 2.380686 2.312600 2.238790 2.175824 2.106309 2.037486 1.970048 1.902891 1.832686 1.767104 1.699907 1.635564 1.571425 1.508679 1.447691 1.387435 1.328765 1.270030 1.213796 1.159361 1.107740 1.053262 1.001605 0.951622 0.902482 0.854704 0.804880 0.757896 0.707355 0.656829 0.603710 0.554931 0.496290 0.438028 0.378073 0.314909 0.248761 0.183203 0.120355
3.603790 3.587626 3.558120 3.525895 3.490896 3.442681 3.408025 3.375165 3.341571 3.317015 3.287702 3.254770 3.204149 3.149782 3.079102 3.014851 2.954442 2.914555 2.872555 2.802148 2.726048 2.664747 2.609524 2.542178 2.470269 2.408152 2.340012 2.266846 2.204578 2.135597 2.068055 2.000829 1.934903 1.866283 1.800008 1.735483 1.672181 1.609341 1.548286 1.487366 1.428386 1.371125 1.313616 1.258281 1.207318 1.154752 1.102795 1.053343 1.003186 0.954325 0.906967 0.859569 0.811694 0.759415 0.709678 0.655410 0.605665 0.551740 0.489960 0.432581 0.371056 0.300742 0.234390 0.170732
3.616690 3.599451 3.570832 3.539384 3.505922 3.458964 3.425231 3.393160 3.359771 3.335461 3.306544 3.273944 3.222778 3.168525 3.097891 3.036045 2.976904 2.937019 2.893849 2.823618 2.748013 2.689378 2.633331 2.566884 2.495443 2.433702 2.366425 2.293778 2.232776 2.164004 2.096896 2.031391 1.966679 1.897173 1.833467 1.770300 1.706743 1.645346 1.586280 1.525299 1.468429 1.412922 1.356756 1.302870 1.251344 1.200991 1.149471 1.100755 1.054142 1.006118 0.958427 0.909879 0.863902 0.809244 0.759361 0.706139 0.654404 0.604025 0.538804 0.485954 0.419389 0.353865 0.287395 0.221449
3.629485 3.611423 3.583372 3.552005 3.520193 3.473260 3.441522 3.409409 3.377635 3.353336 3.324366 3.292430 3.240748 3.186421 3.116969 3.055945 2.998321 2.958534 2.914561 2.844507 2.769914 2.713225 2.656788 2.589306 2.520063 2.458371 2.391747 2.320011 2.259215 2.191634 2.124841 2.060222 1.996373 1.928142 1.865617 1.804134 1.740665 1.681436 1.623508 1.562258 1.506349 1.451709 1.398320 1.345257 1.293566 1.244435 1.195836 1.148162 1.102062 1.053977 1.007974 0.961120 0.914903 0.857814 0.807055 0.753078 0.701950 0.653588 0.585135 0.536862 0.467725 0.400270 0.335206 0.267146
3.640719 3.623207 3.596027 3.565473 3.533695 3.487898 3.456450 3.425262 3.393763 3.370179 3.339803 3.308910 3.258382 3.202077 3.133652 3.076153 3.019121 2.979131 2.934615 2.863590 2.791979 2.735655 2.678335 2.611925 2.543506 2.481538 2.416195 2.344928 2.284521 2.217717 2.152464 2.088264 2.025446 1.958890 1.896367 1.836595 1.773893 1.715478 1.658444 1.599484 1.542622 1.490499 1.437486 1.385153 1.335782 1.288452 1.239917 1.194941 1.147946 1.102260 1.056056 1.009166 0.963453 0.903992 0.851666 0.800039 0.744360 0.701425 0.630705 0.585557 0.515485 0.449044 0.379205 0.309866
3.358595 3.347402 3.318622 3.284692 3.249159 3.204092 3.170069 3.136429 3.103513 3.077704 3.050144 3.016113 2.967114 2.911760 2.841171 2.774752 2.716759 2.675519 2.634401 2.563301 2.485526 2.421468 2.367620 2.300239 2.223720 2.158086 2.088636 2.011531 1.947209 1.872359 1.801336 1.729544 1.657403 1.583671 1.510129 1.436928 1.368800 1.296569 1.226116 1.158202 1.090236 1.022425 0.954458 0.889812 0.823390 0.760167 0.699721 0.639973 0.580975 0.523983 0.472159 0.414696 0.361376 0.315072 0.269181 0.219519 0.173779 0.098767 0.047031 -0.022633 -0.072426 -0.143866 -0.205518 -0.254458
3.425832 3.410588 3.381141 3.347323 3.312934 3.267875 3.232724 3.198827 3.165509 3.141318 3.113195 3.079094 3.029424 2.975790 2.905483 2.838535 2.780900 2.739918 2.698192 2.626853 2.548987 2.486485 2.432261 2.364487 2.289358 2.225102 2.155484 2.079513 2.015578 1.942405 1.871827 1.801255 1.730083 1.657845 1.587115 1.515214 1.448624 1.378239 1.310171 1.244489 1.178405 1.114626 1.048936 0.987428 0.924329 0.864209 0.805176 0.748716 0.691945 0.639162 0.587601 0.532710 0.481206 0.437285 0.389271 0.338549 0.292667 0.219824 0.173419 0.101066 0.048322 -0.016979 -0.079834 -0.133652
3.489855 3.468056 3.438808 3.405603 3.371500 3.325548 3.290951 3.257272 3.222684 3.199329 3.169995 3.136700 3.086782 3.033522 2.962840 2.896646 2.838636 2.798402 2.755887 2.685301 2.607324 2.546430 2.491292 2.423152 2.349471 2.285919 2.217088 2.141657 2.078578 2.006295 1.936072 1.867064 1.797648 1.726713 1.657121 1.587080 1.522619 1.453619 1.388154 1.323738 1.260396 1.198031 1.136661 1.076260 1.017669 0.959598 0.902740 0.848354 0.794680 0.742517 0.693485 0.641378 0.590619 0.545966 0.496499 0.448072 0.396970 0.332733 0.282044 0.213163 0.161696 0.091325 0.030693 -0.027240
3.533051 3.521317 3.491276 3.458642 3.424084 3.377220 3.343688 3.309822 3.277023 3.252356 3.222883 3.189818 3.138744 3.086105 3.015383 2.949680 2.891265 2.851714 2.809148 2.737977 2.661201 2.599646 2.545169 2.478035 2.403776 2.341310 2.272942 2.197999 2.135452 2.064565 1.995742 1.927829 1.860577 1.789527 1.722226 1.654190 1.589669 1.524580 1.460107 1.397302 1.336536 1.275712 1.216370 1.158363 1.101587 1.047143 0.993926 0.940024 0.889516 0.838806 0.791706 0.740169 0.692881 0.643468 0.595021 0.544842 0.493962 0.434197 0.377619 0.315194 0.258415 0.187088 0.127901 0.068673
3.581969 3.568592 3.539168 3.507096 3.472749 3.424875 3.391700 3.358016 3.323734 3.300077 3.270583 3.237877 3.186960 3.133521 3.062464 2.998307 2.939173 2.898676 2.856158 2.785634 2.709346 2.649109 2.593510 2.526791 2.453756 2.391159 2.323655 2.249819 2.187490 2.117874 2.050011 1.982662 1.916595 1.847244 1.781312 1.715729 1.652028 1.588261 1.526920 1.465771 1.405107 1.348097 1.290494 1.234593 1.181380 1.128930 1.076114 1.025828 0.975479 0.927678 0.879873 0.829889 0.782411 0.732231 0.682605 0.628636 0.580506 0.523542 0.463907 0.403466 0.345067 0.276490 0.213527 0.147013
3.631321 3.611117 3.582143 3.550442 3.515345 3.468155 3.433854 3.400334 3.366982 3.342198 3.313011 3.280533 3.230154 3.175600 3.103944 3.041103 2.981048 2.941292 2.898102 2.828645 2.752084 2.692316 2.636599 2.569089 2.498629 2.435906 2.368548 2.296040 2.234426 2.165895 2.098470 2.033182 1.967681 1.899117 1.835384 1.772370 1.708998 1.647595 1.587568 1.527281 1.469098 1.413458 1.358142 1.304208 1.252794 1.201016 1.152306 1.103933 1.054074 1.006055 0.959386 0.910350 0.863993 0.810227 0.759084 0.706977 0.654868 0.603317 0.538962 0.482719 0.419371 0.351063 0.285096 0.219170
3.668609 3.648928 3.619937 3.587693 3.553789 3.505060 3.470518 3.438858 3.404782 3.379925 3.347400 3.319440 3.268085 3.212358 3.141701 3.078545 3.017945 2.977977 2.935363 2.865859 2.789973 2.729781 2.674687 2.608938 2.537669 2.475834 2.409678 2.336904 2.276409 2.208700 2.142211 2.076803 2.013508 1.945755 1.884030 1.823422 1.760259 1.700132 1.642323 1.582814 1.526663 1.472305 1.419973 1.366883 1.316992 1.268752 1.219448 1.172009 1.124666 1.078116 1.031703 0.984120 0.936911 0.879044 0.827847 0.773726 0.721175 0.671326 0.601792 0.549216 0.484696 0.411451 0.343438 0.277376
3.699406 3.681316 3.652916 3.620442 3.587025 3.536816 3.503432 3.471201 3.436990 3.411650 3.383125 3.352404 3.300028 3.243481 3.173369 3.112003 3.050022 3.009828 2.967396 2.898605 2.822610 2.763529 2.707857 2.641962 2.572104 2.509486 2.445327 2.373096 2.313327 2.246593 2.180861 2.116764 2.053886 1.988272 1.926611 1.868623 1.804705 1.747505 1.692659 1.632737 1.577968 1.525570 1.473962 1.422634 1.374395 1.327389 1.279194 1.234007 1.187990 1.141309 1.095494 1.047728 0.999724 0.942168 0.889178 0.833372 0.777698 0.726643 0.656285 0.606469 0.535410 0.462182 0.392529 0.316850
3.728872 3.708873 3.680576 3.647831 3.614433 3.563199 3.529949 3.498342 3.465001 3.439432 3.413645 3.380960 3.329004 3.271094 3.200690 3.140016 3.077205 3.036818 2.994831 2.925530 2.851031 2.792217 2.736717 2.671382 2.602334 2.539690 2.475471 2.403632 2.344717 2.279467 2.214453 2.149837 2.089354 2.024354 1.964795 1.908496 1.845353 1.789375 1.737335 1.676876 1.623556 1.573613 1.522552 1.471806 1.425439 1.381718 1.334236 1.288412 1.243310 1.197207 1.151147 1.102817 1.053728 0.995531 0.941614 0.885747 0.824242 0.772748 0.702354 0.647119 0.574142 0.504498 0.423251 0.352698
3.674695 3.651135 3.615635 3.577824 3.537396 3.483341 3.444585 3.406464 3.367108 3.337243 3.302997 3.264964 3.207857 3.148601 3.071942 3.004217 2.938610 2.894580 2.845695 2.770154 2.688774 2.624350 2.564722 2.490389 2.415113 2.347893 2.274733 2.196902 2.129791 2.055673 1.982136 1.910712 1.839605 1.765025 1.695530 1.623151 1.555072 1.486196 1.418465 1.352174 1.287801 1.223031 1.159293 1.099172 1.040026 0.980543 0.923478 0.868277 0.812969 0.758998 0.704121 0.653373 0.601890 0.551613 0.501173 0.445557 0.389368 0.330788 0.274943 0.211672 0.144867 0.081481 0.017459 -0.053130
3.662666 3.638025 3.604121 3.567435 3.528975 3.475759 3.437715 3.400244 3.362779 3.333973 3.300935 3.263869 3.207882 3.150733 3.074614 3.007137 2.943888 2.899887 2.852794 2.778330 2.698374 2.634651 2.575523 2.504230 2.427535 2.362478 2.289561 2.213480 2.147040 2.074270 2.001998 1.931730 1.861991 1.788851 1.719007 1.648391 1.581997 1.514431 1.448136 1.383509 1.319829 1.257418 1.196091 1.134943 1.078008 1.019555 0.964670 0.911408 0.858269 0.802859 0.750568 0.700965 0.649134 0.599847 0.551697 0.496131 0.438571 0.380893 0.325116 0.262181 0.194348 0.134757 0.071035 -0.004404
3.649528 3.624791 3.592716 3.556718 3.519647 3.468048 3.431421 3.395871 3.358140 3.330548 3.298303 3.262832 3.207560 3.151581 3.076586 3.010754 2.948211 2.905440 2.859516 2.786623 2.707041 2.644586 2.586508 2.515895 2.441463 2.376302 2.305483 2.229922 2.164733 2.093372 2.022719 1.952831 1.883885 1.811872 1.744111 1.675020 1.609608 1.542857 1.477607 1.414682 1.351549 1.291024 1.231678 1.172649 1.117095 1.061931 1.006266 0.952397 0.899852 0.850068 0.797302 0.748118 0.699078 0.647833 0.598219 0.545267 0.490636 0.432143 0.376223 0.313266 0.249616 0.185172 0.119354 0.048105
3.634806 3.611662 3.580858 3.545940 3.510857 3.459995 3.424460 3.388917 3.353264 3.327358 3.296210 3.261595 3.207832 3.153027 3.079633 3.014476 2.953020 2.911354 2.866104 2.795265 2.716515 2.654197 2.597453 2.527980 2.454483 2.391188 2.321121 2.245854 2.182287 2.111736 2.042036 1.974360 1.905771 1.835517 1.767903 1.701264 1.636902 1.571463 1.507879 1.445638 1.384770 1.325786 1.266533 1.209331 1.154418 1.100624 1.048718 0.995124 0.943589 0.894502 0.844502 0.794599 0.746375 0.694929 0.646114 0.592474 0.538220 0.483067 0.423515 0.364226 0.301604 0.232839 0.165279 0.100997
3.617910 3.599159 3.569340 3.536008 3.500790 3.452645 3.416992 3.383758 3.348504 3.324086 3.294178 3.260127 3.209276 3.153400 3.082563 3.018072 2.957632 2.917069 2.872862 2.802586 2.725064 2.664026 2.608436 2.539843 2.468409 2.405155 2.336218 2.262473 2.199817 2.130949 2.061523 1.994825 1.928000 1.858200 1.792556 1.727121 1.663555 1.599787 1.538014 1.476392 1.417408 1.359496 1.302131 1.245264 1.191998 1.141096 1.088487 1.037616 0.986877 0.938782 0.889931 0.841117 0.793257 0.742091 0.692430 0.636641 0.587418 0.532020 0.471041 0.414678 0.351450 0.285406 0.216640 0.150078
3.601315 3.586202 3.556795 3.525792 3.491339 3.444214 3.410733 3.377618 3.344287 3.320927 3.291196 3.259035 3.209050 3.155122 3.084687 3.020918 2.961858 2.922559 2.879605 2.810584 2.734143 2.673753 2.619164 2.552801 2.481779 2.418899 2.351290 2.279434 2.217066 2.148618 2.081819 2.015363 1.950144 1.882538 1.817491 1.753082 1.690222 1.627879 1.566962 1.507261 1.449137 1.392777 1.336336 1.283054 1.230049 1.178385 1.130312 1.079135 1.029525 0.982782 0.936064 0.888541 0.840358 0.787464 0.737495 0.684903 0.631271 0.582306 0.517886 0.463804 0.400021 0.330172 0.265043 0.200542
3.585977 3.573749 3.544801 3.515668 3.482102 3.436791 3.403820 3.373128 3.339633 3.317215 3.289386 3.258222 3.208757 3.156427 3.087466 3.025045 2.966944 2.928076 2.886905 2.818232 2.743041 2.684791 2.630793 2.564806 2.494308 2.433367 2.367337 2.294696 2.235124 2.166755 2.100787 2.036345 1.972593 1.904723 1.840632 1.779022 1.716535 1.655529 1.597492 1.538074 1.480823 1.425055 1.371965 1.318303 1.267727 1.218032 1.169738 1.121576 1.073187 1.026647 0.980714 0.932833 0.886740 0.832896 0.781209 0.728596 0.679382 0.630345 0.562566 0.508613 0.448725 0.377361 0.307216 0.249023
3.571186 3.560268 3.533798 3.504755 3.472859 3.428583 3.397160 3.366105 3.335556 3.314078 3.286881 3.257209 3.209624 3.157755 3.090266 3.027875 2.970562 2.933311 2.893425 2.825723 2.752050 2.694741 2.641160 2.577460 2.507386 2.447565 2.382373 2.311873 2.252175 2.185448 2.121134 2.056969 1.993685 1.927968 1.865656 1.805186 1.743213 1.684094 1.627703 1.568846 1.512661 1.458915 1.407201 1.354326 1.305091 1.257945 1.206902 1.162330 1.116368 1.069606 1.026024 0.977834 0.932118 0.875867 0.824660 0.772235 0.722520 0.673531 0.610048 0.555172 0.493472 0.423824 0.353439 0.294264
3.556409 3.547428 3.521640 3.493746 3.464179 3.421630 3.390399 3.361023 3.330778 3.310560 3.284522 3.255876 3.210051 3.159388 3.092931 3.031074 2.975700 2.938899 2.900015 2.834911 2.760656 2.704215 2.652024 2.589469 2.520426 2.461290 2.397090 2.327590 2.270058 2.203541 2.140373 2.077640 2.015379 1.951200 1.889538 1.831496 1.769891 1.712164 1.657469 1.599285 1.543815 1.491696 1.442027 1.390312 1.341009 1.296418 1.248141 1.203170 1.158053 1.112356 1.071506 1.022509 0.978699 0.921000 0.867585 0.816557 0.767432 0.717647 0.651796 0.605805 0.542489 0.467745 0.398299 0.339196
3.611292 3.593790 3.564820 3.532158 3.497472 3.449275 3.415704 3.381646 3.348995 3.325260 3.295745 3.263754 3.211656 3.157189 3.086193 3.022220 2.962840 2.923693 2.880949 2.809613 2.733087 2.673042 2.619284 2.550623 2.478454 2.416189 2.348434 2.275661 2.213983 2.145074 2.077537 2.011325 1.945002 1.876432 1.810576 1.746547 1.683670 1.621047 1.560771 1.500031 1.440823 1.383704 1.327319 1.272847 1.220990 1.171901 1.118921 1.068532 1.018778 0.970729 0.923171 0.874609 0.826466 0.772643 0.724357 0.671057 0.622140 0.561729 0.500214 0.440460 0.378621 0.311591 0.240687 0.173315
3.606664 3.590422 3.560288 3.528897 3.493553 3.446238 3.412930 3.378969 3.344715 3.321299 3.291854 3.259459 3.208112 3.154627 3.083971 3.019799 2.960417 2.919934 2.877239 2.807079 2.730608 2.670634 2.615536 2.547481 2.476198 2.413483 2.346086 2.273333 2.211143 2.142391 2.074428 2.008865 1.941967 1.873634 1.808427 1.744039 1.680446 1.618377 1.557222 1.496621 1.437676 1.380048 1.325041 1.268692 1.217418 1.164132 1.114291 1.064250 1.015694 0.968003 0.920078 0.872800 0.823152 0.770232 0.720434 0.668429 0.617729 0.564094 0.501218 0.443623 0.382694 0.313513 0.249044 0.183395
3.591924 3.578193 3.547758 3.517130 3.482357 3.433691 3.400137 3.366951 3.333629 3.309599 3.280079 3.245607 3.196398 3.141999 3.071524 3.006567 2.948155 2.907260 2.864028 2.794280 2.717903 2.657560 2.601819 2.534848 2.462400 2.401964 2.333785 2.260697 2.198688 2.127730 2.060675 1.994325 1.927922 1.857959 1.792744 1.728129 1.664813 1.601114 1.539485 1.479386 1.419402 1.362076 1.305280 1.249668 1.195182 1.143680 1.092221 1.043011 0.993914 0.945741 0.897249 0.850355 0.803134 0.751788 0.702361 0.647055 0.594991 0.544679 0.483782 0.427837 0.364708 0.296256 0.234300 0.169334
3.564085 3.551344 3.521804 3.489522 3.454723 3.407777 3.374628 3.340482 3.307595 3.282587 3.252184 3.219235 3.169476 3.115635 3.045711 2.978386 2.920896 2.881697 2.838359 2.767471 2.690717 2.629506 2.575694 2.507461 2.433622 2.373162 2.304547 2.230207 2.167695 2.097631 2.029478 1.962026 1.894188 1.824709 1.757564 1.690901 1.627313 1.562688 1.499103 1.438632 1.377975 1.318532 1.260207 1.204753 1.149171 1.097322 1.043844 0.992010 0.942465 0.893893 0.843244 0.795691 0.750543 0.699393 0.652629 0.596210 0.542159 0.494905 0.439267 0.382857 0.319847 0.256125 0.194603 0.132694
3.508679 3.490646 3.462818 3.428749 3.393778 3.348441 3.313790 3.280393 3.247437 3.223632 3.194245 3.162290 3.110810 3.057896 2.985937 2.919222 2.861109 2.821955 2.780555 2.707988 2.628808 2.568306 2.517859 2.446449 2.371353 2.311177 2.240520 2.166073 2.101465 2.030215 1.960897 1.891598 1.821571 1.749828 1.681880 1.611714 1.547858 1.478633 1.412802 1.350056 1.286749 1.223801 1.162724 1.103681 1.046734 0.988800 0.932007 0.877661 0.826383 0.775998 0.723452 0.675568 0.627085 0.581414 0.534337 0.480193 0.428685 0.375079 0.330807 0.266690 0.211272 0.149260 0.082297 0.030016
3.359189 3.346227 3.317606 3.284010 3.248533 3.202785 3.168048 3.132997 3.102800 3.077426 3.049991 3.018299 2.968259 2.911477 2.837596 2.769749 2.712827 2.675551 2.636278 2.561244 2.478915 2.418684 2.370979 2.296193 2.217207 2.159982 2.084886 2.009491 1.944594 1.869109 1.797573 1.726518 1.653178 1.576991 1.506020 1.431730 1.363546 1.289784 1.218106 1.150277 1.083090 1.013748 0.946400 0.881487 0.818198 0.755079 0.692601 0.632494 0.571480 0.514882 0.456849 0.404939 0.351745 0.310420 0.259998 0.209987 0.171728 0.087858 0.050546 -0.025743 -0.074637 -0.136731 -0.200650 -0.245615
3.014960 3.006472 2.975963 2.940495 2.904878 2.855593 2.819822 2.789922 2.757860 2.728192 2.702814 2.667462 2.623513 2.551421 2.480686 2.414409 2.357948 2.317853 2.272407 2.201477 2.122174 2.056881 2.004640 1.934566 1.854189 1.792670 1.717107 1.641041 1.572601 1.493132 1.419560 1.343914 1.269256 1.189161 1.113023 1.042286 0.958073 0.882631 0.807244 0.725408 0.648879 0.572684 0.496518 0.423070 0.349314 0.282023 0.205111 0.131308 0.059587 -0.008884 -0.078405 -0.145280 -0.210172 -0.287959 -0.360594 -0.417379 -0.447074 -0.541873 -0.621576 -0.658176 -0.725500 -0.793046 -0.839370 -0.901834
2.276873 2.291037 2.246984 2.214646 2.180033 2.114973 2.075199 2.066099 2.028107 1.973534 1.963397 1.907741 1.880258 1.726839 1.683153 1.633514 1.576906 1.528264 1.416041 1.398260 1.351294 1.246465 1.149025 1.150943 1.059760 0.986677 0.915272 0.834429 0.761806 0.685744 0.611197 0.549588 0.459219 0.398532 0.299695 0.282613 0.130677 0.072230 0.021120 -0.109254 -0.201387 -0.283409 -0.362096 -0.443449 -0.526789 -0.597112 -0.700128 -0.790960 -0.885419 -0.979498 -1.068498 -1.157363 -1.263818 -1.474397 -1.585094 -1.633429 -1.659950 -1.754010 -1.895053 -1.837534 -1.963711 -2.048373 -2.060827 -2.157487
0.899808 0.961591 0.884609 0.868460 0.836768 0.756697 0.709740 0.722494 0.662059 0.526049 0.581734 0.467072 0.472726 0.083881 0.073152 0.076739 0.030292 0.072127 -0.426466 -0.127624 -0.114064 -0.401713 -0.663284 -0.288103 -0.507947 -0.466824 -0.656353 -0.767923 -0.828355 -0.888740 -0.956716 -0.853802 -1.087096 -1.007312 -1.232252 -1.043544 -1.412754 -1.394318 -1.321990 -1.601146 -1.723418 -1.794132 -1.861361 -1.933012 -1.965408 -2.091307 -2.249103 -2.346732 -2.480697 -2.611780 -2.727590 -2.838080 -2.996431 -3.240087 -3.292578 -3.140883 -3.065014 -3.636270 -3.862729 -3.772849 -3.970478 -4.104005 -4.085176 -4.259985
3.620144 3.598886 3.567441 3.536163 3.502832 3.453103 3.418963 3.385347 3.352206 3.328935 3.301337 3.263053 3.217614 3.162020 3.089079 3.020919 2.964316 2.929010 2.885934 2.815523 2.732486 2.671980 2.622401 2.555824 2.477985 2.422115 2.354041 2.279720 2.220032 2.147963 2.082285 2.015193 1.950888 1.880515 1.816855 1.752056 1.689464 1.627522 1.567011 1.506346 1.449494 1.392301 1.337187 1.283081 1.233464 1.180255 1.130552 1.080345 1.031743 0.983632 0.935793 0.884448 0.838453 0.787589 0.739687 0.687949 0.632136 0.578464 0.516878 0.459842 0.394835 0.322193 0.257375 0.186486
3.620236 3.598555 3.569746 3.536546 3.503673 3.457349 3.424067 3.389917 3.356668 3.330023 3.301441 3.267388 3.217316 3.164330 3.097162 3.034183 2.971903 2.929902 2.887037 2.820258 2.744696 2.684258 2.627052 2.563328 2.491098 2.425861 2.361852 2.287449 2.225229 2.158611 2.090688 2.026145 1.958453 1.891719 1.828088 1.763911 1.699408 1.637985 1.578846 1.518262 1.459155 1.403129 1.345754 1.292123 1.238496 1.184942 1.134887 1.082544 1.034412 0.985097 0.936855 0.884992 0.837209 0.789804 0.737254 0.682872 0.631879 0.575995 0.516967 0.453283 0.386859 0.311706 0.241629 0.170839
3.624047 3.602057 3.572854 3.539896 3.505685 3.458093 3.425685 3.390992 3.357888 3.332589 3.304156 3.270463 3.220750 3.165792 3.095884 3.030568 2.971806 2.931786 2.889228 2.818911 2.741425 2.682112 2.628912 2.561456 2.487693 2.427380 2.360260 2.286881 2.225156 2.156541 2.088506 2.023554 1.956471 1.887919 1.823365 1.759264 1.695136 1.633616 1.573340 1.511798 1.452764 1.396300 1.338664 1.285059 1.230621 1.178077 1.126463 1.075800 1.027343 0.977725 0.929032 0.878145 0.830134 0.780046 0.726725 0.675163 0.626121 0.565306 0.504900 0.445069 0.377377 0.310531 0.234749 0.171741
3.620145 3.599834 3.569474 3.537285 3.501287 3.454005 3.419373 3.385541 3.353135 3.329358 3.300332 3.267191 3.217012 3.162313 3.089819 3.023826 2.965601 2.928494 2.885536 2.814193 2.734744 2.674366 2.622570 2.555014 2.480183 2.421567 2.352999 2.279469 2.218716 2.147932 2.080951 2.014151 1.948479 1.878939 1.813845 1.749467 1.686042 1.623540 1.562328 1.501817 1.442505 1.387396 1.329111 1.275827 1.223412 1.171773 1.120581 1.072697 1.021850 0.974069 0.924882 0.874910 0.828945 0.773680 0.719426 0.671859 0.621795 0.563378 0.503345 0.442996 0.380761 0.311105 0.248004 0.184205
3.614274 3.595815 3.565867 3.533667 3.498292 3.449779 3.416184 3.382496 3.349137 3.324762 3.295761 3.263909 3.212642 3.158511 3.087248 3.024568 2.962262 2.924031 2.880422 2.810200 2.734699 2.672963 2.618464 2.551691 2.480063 2.416112 2.350078 2.275772 2.213881 2.145614 2.077291 2.011257 1.944664 1.876434 1.811533 1.747301 1.684143 1.621369 1.560824 1.500121 1.441965 1.384477 1.328369 1.273559 1.222967 1.171702 1.120656 1.071219 1.021736 0.974908 0.926895 0.876958 0.830075 0.773227 0.721504 0.675221 0.625782 0.566027 0.504737 0.448605 0.383873 0.324494 0.255470 0.199425
3.616785 3.598168 3.568153 3.535292 3.501568 3.452655 3.418921 3.384503 3.350690 3.326553 3.297889 3.267379 3.214642 3.161134 3.090316 3.029104 2.964467 2.925346 2.883692 2.813250 2.738372 2.677093 2.620565 2.555218 2.484224 2.417767 2.352320 2.278601 2.216175 2.148402 2.079396 2.014364 1.947445 1.879578 1.814806 1.751142 1.688436 1.625388 1.565201 1.504333 1.446006 1.388882 1.331406 1.278130 1.226984 1.174755 1.122973 1.073693 1.024787 0.977402 0.929732 0.878691 0.832610 0.778989 0.728100 0.674824 0.627383 0.569081 0.512090 0.452491 0.386206 0.320778 0.257144 0.198172
3.621350 3.601845 3.572825 3.539048 3.504521 3.455370 3.421790 3.388036 3.354390 3.331107 3.302626 3.270711 3.218594 3.163958 3.092264 3.029307 2.968064 2.929822 2.888059 2.815513 2.740077 2.679905 2.625587 2.556668 2.485591 2.424060 2.354932 2.282110 2.219820 2.150658 2.083190 2.017569 1.950779 1.882097 1.818211 1.752982 1.690542 1.626997 1.566518 1.506234 1.447810 1.391344 1.333867 1.279476 1.227562 1.175662 1.124469 1.073413 1.024960 0.977404 0.930038 0.879260 0.832472 0.780370 0.730053 0.676613 0.629235 0.570288 0.510963 0.450659 0.383686 0.318169 0.250411 0.191624
3.614222 3.596713 3.567210 3.535867 3.500362 3.452141 3.418550 3.385067 3.350482 3.327495 3.298620 3.265701 3.214697 3.159932 3.088751 3.024845 2.966240 2.926654 2.884058 2.812767 2.735966 2.676677 2.622067 2.554189 2.482051 2.420257 2.351785 2.278877 2.217646 2.148961 2.080088 2.014653 1.948479 1.880389 1.814770 1.750151 1.687097 1.623940 1.563831 1.502783 1.445432 1.386972 1.331557 1.276340 1.222971 1.169690 1.119920 1.072423 1.021122 0.974419 0.925304 0.877565 0.830488 0.779548 0.726993 0.674514 0.624644 0.569432 0.506656 0.453105 0.384591 0.314831 0.249052 0.186139
3.600163 3.584682 3.555510 3.522866 3.489210 3.441122 3.407107 3.373794 3.340531 3.315962 3.287349 3.252977 3.203211 3.149142 3.077988 3.014223 2.953681 2.913922 2.871361 2.801637 2.723977 2.664441 2.609401 2.543156 2.469834 2.407449 2.339382 2.266401 2.204767 2.135416 2.068105 2.001630 1.935291 1.865696 1.800870 1.736871 1.672542 1.610181 1.549618 1.489596 1.429392 1.372419 1.316119 1.260776 1.206972 1.157221 1.107031 1.056191 1.007159 0.958434 0.911662 0.862329 0.816142 0.762413 0.713044 0.659524 0.605781 0.557446 0.495280 0.438771 0.379104 0.311515 0.243703 0.179494
3.614293 3.597720 3.568743 3.536536 3.502891 3.455010 3.421783 3.387896 3.354592 3.330423 3.301221 3.269229 3.218553 3.164466 3.094007 3.030839 2.970637 2.930593 2.887404 2.818246 2.742430 2.681674 2.626380 2.559720 2.489027 2.425511 2.358526 2.285516 2.223329 2.154944 2.087563 2.021462 1.955288 1.886765 1.822579 1.758725 1.694902 1.633490 1.572539 1.512477 1.453518 1.398005 1.342767 1.288077 1.234253 1.184468 1.132648 1.084020 1.034521 0.986620 0.940063 0.891468 0.845473 0.790732 0.740191 0.688419 0.635062 0.583797 0.520381 0.468644 0.398919 0.331862 0.265004 0.204658
3.603376 3.587199 3.557727 3.525160 3.490805 3.443513 3.408912 3.375528 3.341710 3.317392 3.288017 3.255444 3.203829 3.149793 3.079451 3.014186 2.955308 2.915295 2.872394 2.802458 2.726322 2.665686 2.609728 2.542333 2.470996 2.408447 2.340791 2.267534 2.205662 2.136496 2.068527 2.002219 1.936140 1.866708 1.801805 1.737044 1.673133 1.610656 1.550599 1.489969 1.430378 1.373800 1.317294 1.260334 1.208761 1.156475 1.106502 1.056296 1.006114 0.957995 0.909480 0.862057 0.815354 0.763529 0.711931 0.661535 0.610180 0.557970 0.494542 0.436241 0.372382 0.301490 0.236641 0.177432
3.594151 3.577713 3.546699 3.513839 3.479336 3.430493 3.396423 3.362991 3.328944 3.304184 3.274865 3.240744 3.189792 3.135552 3.064532 2.999837 2.940213 2.900773 2.856808 2.786287 2.709080 2.649233 2.594416 2.526614 2.454325 2.391334 2.322906 2.249852 2.187491 2.118217 2.049561 1.982454 1.916344 1.847395 1.781271 1.715916 1.651840 1.588548 1.526736 1.466696 1.406889 1.348944 1.291251 1.235622 1.181502 1.129853 1.078333 1.028574 0.978317 0.930040 0.882530 0.833202 0.785461 0.733436 0.684116 0.629948 0.580123 0.526528 0.465270 0.406103 0.346754 0.279912 0.215419 0.149656
3.584930 3.568203 3.536522 3.503894 3.467610 3.418962 3.384543 3.351184 3.315871 3.290803 3.261532 3.227086 3.175484 3.121183 3.049559 2.983153 2.924842 2.885568 2.841648 2.770437 2.692587 2.632302 2.577470 2.509179 2.436231 2.374344 2.305306 2.231841 2.169614 2.099576 2.031085 1.964141 1.896529 1.827064 1.760906 1.694538 1.630913 1.566824 1.503568 1.443037 1.383508 1.324436 1.266572 1.209832 1.156041 1.103964 1.051844 0.998513 0.950103 0.899476 0.851065 0.802394 0.756088 0.703808 0.654104 0.601386 0.550909 0.496949 0.435940 0.376542 0.318392 0.248522 0.187394 0.122129
3.576315 3.559135 3.526931 3.493096 3.456850 3.408066 3.372826 3.337806 3.303315 3.278380 3.246850 3.213200 3.161980 3.106578 3.033314 2.968346 2.909976 2.870251 2.825627 2.754177 2.675165 2.615858 2.561072 2.492099 2.418098 2.357422 2.286980 2.213466 2.150396 2.080378 2.012173 1.943598 1.877058 1.806848 1.739601 1.672367 1.609136 1.543903 1.480869 1.419560 1.359372 1.299931 1.240886 1.184469 1.129409 1.076784 1.020387 0.970465 0.919620 0.871134 0.821198 0.774399 0.724846 0.673540 0.624911 0.571877 0.520849 0.466692 0.407464 0.351073 0.287357 0.222132 0.161356 0.091450
3.569061 3.550183 3.518012 3.483145 3.446425 3.396894 3.360535 3.325678 3.291149 3.265592 3.234341 3.200072 3.147853 3.092195 3.019211 2.951867 2.894509 2.854800 2.810542 2.737370 2.659431 2.599108 2.544833 2.474230 2.400538 2.339579 2.269542 2.195059 2.132083 2.061383 1.992987 1.924016 1.856888 1.786142 1.719087 1.650865 1.586680 1.521206 1.457129 1.395781 1.334956 1.274976 1.215825 1.158338 1.103014 1.049062 0.995050 0.941911 0.891134 0.841178 0.791473 0.742455 0.693897 0.643582 0.591761 0.542195 0.489240 0.436387 0.375166 0.321504 0.258972 0.198437 0.134487 0.069570
3.560820 3.542439 3.509340 3.473798 3.435805 3.385883 3.349408 3.314342 3.278953 3.253177 3.223215 3.186244 3.134089 3.077446 3.004097 2.937198 2.878597 2.839547 2.794374 2.720838 2.641832 2.582120 2.527754 2.456191 2.383491 2.322197 2.251166 2.176833 2.113242 2.042179 1.973287 1.903561 1.837101 1.765090 1.697975 1.628922 1.564989 1.498307 1.434451 1.372456 1.310437 1.250551 1.189357 1.131638 1.076740 1.020469 0.965928 0.913702 0.861887 0.812010 0.760105 0.711596 0.662490 0.612333 0.562996 0.511607 0.457806 0.404755 0.349194 0.290828 0.228846 0.168752 0.106501 0.035906
3.553873 3.534930 3.500851 3.463837 3.425816 3.375195 3.338219 3.302030 3.266370 3.240807 3.211007 3.173030 3.119886 3.063711 2.988614 2.921263 2.863316 2.824810 2.779831 2.705062 2.624066 2.565412 2.510357 2.439611 2.364737 2.303790 2.232474 2.158571 2.094538 2.022842 1.953411 1.883785 1.815731 1.743539 1.675622 1.606448 1.541654 1.474904 1.409926 1.347914 1.284349 1.225552 1.164449 1.105289 1.049444 0.995337 0.936973 0.884521 0.830821 0.780269 0.729192 0.680964 0.632077 0.581152 0.529939 0.479322 0.424812 0.375307 0.317567 0.263087 0.201920 0.146677 0.084761 0.008309
3.547658 3.527799 3.492945 3.455044 3.415993 3.364208 3.327341 3.290677 3.254924 3.228802 3.198296 3.159952 3.106009 3.048802 2.973887 2.905744 2.848064 2.809070 2.763712 2.688638 2.607107 2.548408 2.493536 2.422081 2.346289 2.285480 2.213887 2.138855 2.075417 2.003305 1.933374 1.863820 1.794731 1.722387 1.655271 1.584155 1.520186 1.452050 1.386334 1.322930 1.260478 1.199361 1.137627 1.079195 1.021480 0.964759 0.908244 0.855619 0.801517 0.749973 0.699114 0.648071 0.600300 0.549439 0.496705 0.447510 0.394125 0.343484 0.286438 0.232114 0.169945 0.117530 0.056047 -0.017002
3.630071 3.611067 3.583288 3.551544 3.519582 3.472316 3.440918 3.409727 3.377212 3.354158 3.325168 3.292286 3.239617 3.183873 3.113523 3.052692 2.997849 2.958998 2.913841 2.840484 2.766309 2.710777 2.655479 2.586278 2.515719 2.455605 2.386485 2.315424 2.254192 2.186329 2.120153 2.053496 1.989333 1.922917 1.858274 1.795766 1.732564 1.672691 1.614244 1.553627 1.496882 1.442687 1.387746 1.334528 1.283131 1.234866 1.183377 1.136195 1.088369 1.043068 0.996571 0.948356 0.901796 0.845715 0.795401 0.741513 0.689848 0.640835 0.575069 0.523859 0.458893 0.384381 0.315898 0.249295
3.620531 3.602996 3.574259 3.543011 3.509988 3.462044 3.429456 3.397590 3.365010 3.340840 3.311953 3.279129 3.227498 3.172073 3.102066 3.038829 2.982565 2.944123 2.898890 2.826992 2.751690 2.694985 2.639423 2.570704 2.500126 2.438661 2.371017 2.298760 2.237194 2.168525 2.101640 2.036070 1.970764 1.902815 1.838194 1.776129 1.712578 1.651213 1.591945 1.531251 1.473559 1.417380 1.363045 1.308331 1.257411 1.206608 1.156391 1.108371 1.058875 1.012244 0.965372 0.918035 0.871526 0.817341 0.766255 0.713009 0.661998 0.609958 0.545162 0.492309 0.427344 0.357943 0.288959 0.225663
3.611872 3.594927 3.565261 3.533579 3.499429 3.451629 3.418318 3.386482 3.352040 3.327836 3.298380 3.266310 3.214877 3.160233 3.090157 3.026455 2.967792 2.927483 2.884852 2.814653 2.737876 2.678851 2.623115 2.555717 2.484449 2.422462 2.354900 2.282237 2.220039 2.151046 2.083845 2.017227 1.951770 1.882869 1.818248 1.754596 1.690914 1.628988 1.570138 1.508172 1.449149 1.393453 1.337796 1.282081 1.230698 1.179781 1.127719 1.079922 1.030329 0.982415 0.936120 0.888240 0.840887 0.785224 0.736621 0.681971 0.631797 0.579912 0.515520 0.459628 0.399514 0.329249 0.258278 0.198835
3.602018 3.586391 3.556726 3.523952 3.490559 3.441461 3.407327 3.373111 3.338891 3.314753 3.285584 3.252864 3.201962 3.148481 3.077734 3.013184 2.952633 2.912139 2.869595 2.800578 2.723936 2.663032 2.607321 2.541024 2.469449 2.405499 2.337509 2.264693 2.202382 2.134096 2.065401 1.999632 1.933288 1.863911 1.798323 1.733322 1.670461 1.607522 1.546100 1.485056 1.425716 1.368760 1.312460 1.257070 1.204245 1.150538 1.099226 1.051572 1.000359 0.952142 0.904482 0.855323 0.808985 0.756855 0.705928 0.654542 0.602144 0.549378 0.486705 0.428398 0.366301 0.295623 0.233042 0.171790
3.593405 3.577866 3.548037 3.514700 3.480716 3.431128 3.396255 3.361150 3.327049 3.301640 3.272486 3.239748 3.189426 3.137100 3.065613 2.999583 2.937838 2.897117 2.855224 2.787388 2.709216 2.647000 2.591011 2.526092 2.452998 2.388390 2.322054 2.247733 2.185278 2.115284 2.047423 1.981614 1.913635 1.844080 1.779186 1.712415 1.648863 1.584481 1.523252 1.462582 1.401906 1.343711 1.287111 1.230772 1.175397 1.126766 1.071443 1.021306 0.969865 0.921764 0.874004 0.824252 0.777003 0.726100 0.675460 0.622976 0.573577 0.516985 0.455785 0.396349 0.335839 0.269799 0.205485 0.140565
3.584877 3.569845 3.539158 3.505901 3.470636 3.421746 3.385805 3.349295 3.314200 3.288735 3.258065 3.226648 3.177846 3.125340 3.054388 2.986886 2.922429 2.881177 2.840482 2.774141 2.695819 2.630184 2.575091 2.511508 2.436858 2.371792 2.305300 2.231144 2.167682 2.098832 2.029814 1.962420 1.895007 1.824649 1.758246 1.691845 1.628372 1.563203 1.500628 1.438875 1.377975 1.319411 1.261517 1.204563 1.149796 1.095990 1.043349 0.991870 0.940788 0.891511 0.842486 0.793887 0.746326 0.695349 0.646567 0.593217 0.541258 0.487619 0.426981 0.370456 0.304739 0.241898 0.179374 0.112381
3.575471 3.561336 3.530346 3.496502 3.461019 3.411024 3.373518 3.337604 3.301146 3.275331 3.243889 3.213443 3.165750 3.114104 3.042647 2.973341 2.907329 2.865859 2.825235 2.761017 2.682002 2.614363 2.558495 2.496197 2.420861 2.355471 2.289262 2.213617 2.150214 2.080173 2.011314 1.943987 1.875877 1.804442 1.738114 1.670633 1.606664 1.541013 1.477761 1.416127 1.354411 1.295584 1.235732 1.178095 1.122175 1.069577 1.015577 0.962371 0.910534 0.861738 0.813037 0.763034 0.713847 0.665783 0.615473 0.563142 0.512794 0.453701 0.396954 0.340010 0.278963 0.215681 0.153205 0.087257
3.568115 3.552740 3.521178 3.487853 3.450680 3.400884 3.363714 3.325292 3.288699 3.261979 3.231069 3.200137 3.152536 3.101938 3.030248 2.959802 2.891992 2.849880 2.811042 2.747882 2.668016 2.596841 2.542698 2.480099 2.405179 2.338141 2.272821 2.196391 2.132321 2.062733 1.992499 1.924970 1.857071 1.785522 1.717797 1.650330 1.585335 1.519338 1.454754 1.392275 1.330782 1.270165 1.209747 1.152906 1.097374 1.042185 0.986222 0.932278 0.880672 0.831478 0.780453 0.730718 0.682061 0.635671 0.583904 0.533284 0.481003 0.424460 0.369831 0.309582 0.251815 0.188739 0.127793 0.061325
3.559673 3.544425 3.512303 3.478229 3.441837 3.390077 3.352163 3.313501 3.276687 3.249135 3.218912 3.186724 3.140541 3.089769 3.018700 2.946666 2.876812 2.834146 2.795789 2.733926 2.653959 2.581257 2.526407 2.466359 2.389011 2.321749 2.255956 2.179800 2.115316 2.044796 1.974461 1.906088 1.837933 1.766042 1.698622 1.628849 1.564278 1.497709 1.432033 1.368980 1.306676 1.245560 1.185125 1.126541 1.069137 1.014025 0.958326 0.904605 0.850984 0.800170 0.750024 0.700937 0.650695 0.603878 0.554263 0.503938 0.450470 0.393658 0.339078 0.279218 0.221229 0.160348 0.099351 0.035471
3.594190 3.581315 3.553721 3.522152 3.489619 3.443064 3.410262 3.377324 3.344959 3.320153 3.290697 3.259552 3.208566 3.154438 3.083903 3.019938 2.958580 2.917676 2.874362 2.803855 2.727252 2.665511 2.608274 2.540901 2.468122 2.403256 2.333852 2.259209 2.195277 2.124314 2.054284 1.986098 1.918357 1.847101 1.779799 1.712787 1.648157 1.582351 1.518104 1.455032 1.393279 1.334633 1.274534 1.218374 1.159558 1.106773 1.052850 1.000561 0.948951 0.897340 0.846381 0.796953 0.748044 0.697167 0.647206 0.593395 0.542601 0.477722 0.419088 0.354890 0.290598 0.219945 0.151996 0.080916
3.596923 3.583645 3.555522 3.524509 3.491050 3.444299 3.410912 3.378487 3.344610 3.320184 3.291551 3.259914 3.209133 3.154125 3.083442 3.020220 2.959608 2.918851 2.875146 2.804582 2.729030 2.667371 2.610345 2.542560 2.470487 2.406302 2.337020 2.262273 2.199864 2.129016 2.059527 1.992114 1.924671 1.853508 1.787298 1.720242 1.654989 1.591492 1.528124 1.465782 1.404244 1.345826 1.287350 1.229833 1.175467 1.122382 1.067520 1.015936 0.965104 0.915902 0.866343 0.816360 0.767125 0.716514 0.664520 0.613147 0.560704 0.498764 0.440318 0.377780 0.313129 0.242726 0.177040 0.106276
3.599812 3.585885 3.557297 3.525972 3.492228 3.444787 3.411297 3.379197 3.345735 3.321001 3.291928 3.259876 3.208541 3.154119 3.083690 3.020031 2.959693 2.919411 2.875807 2.806121 2.729467 2.668743 2.612197 2.544153 2.472611 2.408834 2.340267 2.265931 2.203406 2.133156 2.065427 1.998037 1.930178 1.861140 1.794894 1.728369 1.663166 1.600264 1.537754 1.476278 1.415093 1.358113 1.299724 1.244618 1.188683 1.138647 1.083468 1.033210 0.982318 0.933272 0.884202 0.832817 0.786807 0.735172 0.684383 0.630856 0.579403 0.519769 0.461347 0.399586 0.338555 0.264330 0.202205 0.135052
3.603650 3.587930 3.558895 3.528043 3.493646 3.446178 3.412388 3.379276 3.345427 3.321288 3.292043 3.259799 3.208943 3.154557 3.083972 3.020384 2.960155 2.919881 2.876835 2.806302 2.730280 2.669587 2.614403 2.546833 2.474531 2.411916 2.343471 2.269861 2.207070 2.138165 2.069867 2.002932 1.937303 1.867818 1.801814 1.736218 1.672605 1.609372 1.547507 1.486341 1.426255 1.369840 1.312542 1.257065 1.203577 1.152016 1.099006 1.049281 0.999465 0.949802 0.901337 0.854547 0.806794 0.752986 0.703256 0.650798 0.600913 0.540502 0.482843 0.420509 0.358743 0.289638 0.223248 0.157248
3.606826 3.590691 3.561135 3.529440 3.495283 3.446498 3.413129 3.379750 3.345498 3.321502 3.292201 3.259546 3.208640 3.154776 3.084583 3.020539 2.960386 2.920748 2.877743 2.807672 2.730519 2.670664 2.615459 2.548460 2.476810 2.413322 2.346338 2.273351 2.211814 2.143318 2.074741 2.008206 1.942499 1.874622 1.808842 1.744790 1.680755 1.618207 1.558433 1.497335 1.438818 1.381867 1.325102 1.270385 1.216844 1.164779 1.113661 1.064411 1.016100 0.967796 0.920906 0.872447 0.824797 0.773020 0.721874 0.670345 0.619628 0.563147 0.501719 0.448003 0.382312 0.313261 0.247325 0.186108
3.610479 3.593015 3.563301 3.530174 3.496218 3.447582 3.413774 3.380677 3.345933 3.322131 3.292379 3.259870 3.209326 3.155147 3.084424 3.020249 2.960956 2.921350 2.877945 2.808673 2.732255 2.672431 2.617531 2.550244 2.479869 2.417410 2.349989 2.277214 2.215863 2.146849 2.079896 2.014128 1.949168 1.880083 1.816426 1.752782 1.689846 1.627823 1.568033 1.507899 1.448976 1.393362 1.337618 1.283992 1.232051 1.179250 1.130191 1.082595 1.032736 0.986274 0.938611 0.889772 0.844135 0.790861 0.741325 0.688582 0.636532 0.586199 0.522851 0.468531 0.407805 0.336523 0.275457 0.212517
3.614235 3.595599 3.564948 3.532148 3.497141 3.448953 3.414395 3.381974 3.347497 3.322207 3.293102 3.260053 3.209428 3.154620 3.084420 3.019921 2.961373 2.922185 2.878907 2.809338 2.733497 2.673267 2.619233 2.553553 2.481352 2.420477 2.352960 2.280233 2.220173 2.152005 2.085403 2.019641 1.955011 1.886927 1.823426 1.759916 1.697473 1.636441 1.577318 1.518152 1.460261 1.405020 1.349800 1.296409 1.244894 1.195950 1.144984 1.097400 1.050286 1.004342 0.956595 0.908899 0.865043 0.809709 0.758010 0.705486 0.655280 0.605621 0.543842 0.492833 0.430331 0.361008 0.294169 0.237747
3.617067 3.597975 3.567321 3.533563 3.498696 3.450092 3.415345 3.381312 3.347495 3.322868 3.293263 3.259677 3.208620 3.155671 3.084730 3.020269 2.961214 2.922838 2.879952 2.810481 2.733997 2.674491 2.620713 2.555204 2.483296 2.423140 2.356726 2.284496 2.224062 2.156766 2.089946 2.026042 1.961004 1.894155 1.830535 1.768490 1.705837 1.646081 1.586977 1.527363 1.472344 1.417118 1.362416 1.309440 1.258887 1.209662 1.159988 1.114907 1.065802 1.021008 0.975655 0.927764 0.883576 0.827313 0.776148 0.722992 0.673903 0.629112 0.562529 0.516867 0.453965 0.387197 0.317659 0.262472
3.621043 3.600173 3.569094 3.535637 3.500454 3.450309 3.416851 3.382605 3.347847 3.323021 3.293664 3.259364 3.209115 3.154815 3.085000 3.020063 2.961778 2.923269 2.880416 2.811203 2.734930 2.676398 2.623042 2.556445 2.485492 2.425838 2.359060 2.287866 2.228228 2.160605 2.095440 2.031031 1.968190 1.900664 1.838159 1.777296 1.714536 1.654821 1.597931 1.538700 1.483370 1.428727 1.374849 1.323877 1.272531 1.224751 1.176644 1.129957 1.083917 1.037600 0.993853 0.947293 0.902161 0.846047 0.794578 0.740544 0.691063 0.648605 0.585651 0.540084 0.478681 0.410803 0.346014 0.293277
