# var(lg_P)
0.000079 0.000104 0.000114 0.000133 0.000130 0.000129 0.000122 0.000133 0.000171 0.000097 0.000093 0.000100 0.000097 0.000153 0.000105 0.000099 0.000121 0.000082 0.000107 0.000095 0.000122 0.000142 0.000110 0.000122 0.000130 0.000094 0.000110 0.000119 0.000159 0.000138 0.000148 0.000139 0.000107 0.000200 0.000140 0.000155 0.000162 0.000137 0.000119 0.000143 0.000153 0.000185 0.000179 0.000262 0.000298 0.000314 0.000393 0.000450 0.000456 0.000524 0.000585 0.000692 0.000686 0.000926 0.000967 0.000962 0.000930 0.001152 0.001172 0.001322 0.001328 0.001568 0.001799 0.001929
0.000082 0.000102 0.000128 0.000139 0.000118 0.000130 0.000124 0.000123 0.000188 0.000099 0.000104 0.000104 0.000100 0.000157 0.000107 0.000092 0.000119 0.000080 0.000069 0.000091 0.000137 0.000137 0.000123 0.000122 0.000127 0.000090 0.000122 0.000123 0.000164 0.000136 0.000135 0.000148 0.000099 0.000175 0.000137 0.000152 0.000163 0.000152 0.000181 0.000197 0.000219 0.000222 0.000203 0.000247 0.000304 0.000349 0.000424 0.000414 0.000431 0.000621 0.000630 0.000715 0.000739 0.001071 0.001174 0.001165 0.001416 0.001688 0.001388 0.001556 0.001761 0.002104 0.002546 0.002608
0.000082 0.000106 0.000123 0.000152 0.000133 0.000128 0.000123 0.000130 0.000211 0.000102 0.000088 0.000102 0.000102 0.000154 0.000104 0.000095 0.000116 0.000082 0.000121 0.000097 0.000133 0.000138 0.000109 0.000122 0.000114 0.000086 0.000122 0.000132 0.000147 0.000144 0.000145 0.000134 0.000131 0.000189 0.000159 0.000162 0.000141 0.000176 0.000169 0.000195 0.000192 0.000231 0.000265 0.000291 0.000383 0.000447 0.000506 0.000640 0.000666 0.000627 0.000841 0.000886 0.001195 0.001032 0.000934 0.000889 0.000774 0.000853 0.001186 0.000967 0.000854 0.000972 0.001147 0.001545
0.000159 0.000182 0.000234 0.000292 0.000251 0.000272 0.000206 0.000190 0.000398 0.000183 0.000192 0.000164 0.000174 0.000261 0.000183 0.000154 0.000203 0.000148 0.000164 0.000160 0.000199 0.000212 0.000200 0.000188 0.000188 0.000132 0.000186 0.000193 0.000252 0.000226 0.000239 0.000273 0.000228 0.000320 0.000252 0.000276 0.000239 0.000369 0.000416 0.000388 0.000464 0.000451 0.000576 0.000503 0.000704 0.000756 0.000863 0.001112 0.001101 0.001128 0.001516 0.001736 0.001708 0.001321 0.001280 0.001318 0.001221 0.001464 0.001846 0.001379 0.001500 0.001533 0.002047 0.002335
0.000086 0.000109 0.000128 0.000154 0.000144 0.000137 0.000125 0.000133 0.000189 0.000105 0.000094 0.000103 0.000102 0.000145 0.000108 0.000095 0.000133 0.000088 0.000067 0.000093 0.000144 0.000129 0.000111 0.000122 0.000121 0.000095 0.000119 0.000126 0.000161 0.000147 0.000140 0.000157 0.000100 0.000201 0.000143 0.000179 0.000164 0.000176 0.000177 0.000220 0.000244 0.000232 0.000265 0.000281 0.000313 0.000383 0.000377 0.000391 0.000443 0.000580 0.000485 0.000536 0.000667 0.001023 0.000957 0.000987 0.001046 0.001304 0.001278 0.001288 0.001546 0.001477 0.001750 0.001930
0.000134 0.000157 0.000192 0.000226 0.000204 0.000182 0.000177 0.000173 0.000299 0.000145 0.000123 0.000134 0.000141 0.000215 0.000151 0.000125 0.000160 0.000117 0.000102 0.000134 0.000171 0.000179 0.000168 0.000158 0.000159 0.000122 0.000146 0.000160 0.000230 0.000190 0.000194 0.000214 0.000144 0.000245 0.000205 0.000201 0.000209 0.000244 0.000289 0.000259 0.000366 0.000336 0.000329 0.000391 0.000458 0.000450 0.000533 0.000592 0.000648 0.000713 0.000758 0.000730 0.000941 0.001064 0.001111 0.001093 0.001095 0.001157 0.001459 0.001300 0.001219 0.001473 0.001878 0.002075
0.000081 0.000098 0.000125 0.000138 0.000124 0.000116 0.000119 0.000124 0.000187 0.000099 0.000086 0.000099 0.000097 0.000133 0.000105 0.000087 0.000118 0.000078 0.000099 0.000086 0.000125 0.000138 0.000102 0.000114 0.000114 0.000088 0.000109 0.000121 0.000166 0.000129 0.000130 0.000138 0.000088 0.000171 0.000116 0.000134 0.000147 0.000161 0.000159 0.000174 0.000198 0.000187 0.000240 0.000285 0.000294 0.000332 0.000336 0.000398 0.000437 0.000506 0.000513 0.000600 0.000603 0.000956 0.000932 0.001008 0.000865 0.001064 0.001268 0.001058 0.001136 0.001308 0.001454 0.001617
0.000076 0.000102 0.000120 0.000144 0.000120 0.000116 0.000115 0.000127 0.000191 0.000106 0.000088 0.000101 0.000100 0.000148 0.000096 0.000089 0.000111 0.000078 0.000107 0.000090 0.000110 0.000121 0.000110 0.000107 0.000107 0.000078 0.000108 0.000113 0.000144 0.000134 0.000137 0.000141 0.000135 0.000198 0.000150 0.000161 0.000132 0.000203 0.000257 0.000231 0.000268 0.000287 0.000329 0.000267 0.000399 0.000400 0.000500 0.000525 0.000576 0.000617 0.000914 0.001064 0.001101 0.000902 0.000874 0.000858 0.000899 0.000905 0.001174 0.001031 0.000929 0.000998 0.001122 0.001423
0.000080 0.000102 0.000120 0.000153 0.000133 0.000128 0.000121 0.000144 0.000192 0.000109 0.000092 0.000110 0.000103 0.000168 0.000101 0.000092 0.000123 0.000088 0.000095 0.000102 0.000121 0.000145 0.000119 0.000127 0.000114 0.000089 0.000117 0.000124 0.000164 0.000124 0.000138 0.000154 0.000106 0.000213 0.000129 0.000147 0.000155 0.000170 0.000194 0.000211 0.000245 0.000259 0.000315 0.000280 0.000316 0.000404 0.000445 0.000487 0.000609 0.000558 0.000872 0.000901 0.000810 0.000920 0.000973 0.000889 0.000674 0.000730 0.001278 0.000770 0.000701 0.000620 0.000710 0.001344
0.000305 0.000350 0.000587 0.000632 0.000517 0.000479 0.000448 0.000339 0.000812 0.000373 0.000379 0.000300 0.000327 0.000586 0.000436 0.000340 0.000366 0.000278 0.000279 0.000362 0.000330 0.000405 0.000454 0.000373 0.000335 0.000256 0.000337 0.000318 0.000524 0.000435 0.000417 0.000513 0.000378 0.000697 0.000501 0.000596 0.000460 0.000664 0.000802 0.000740 0.000886 0.000920 0.000971 0.001056 0.001170 0.001346 0.001390 0.001981 0.002127 0.001956 0.002637 0.002333 0.002892 0.002284 0.002664 0.002383 0.001493 0.001441 0.002950 0.001671 0.001521 0.001282 0.001427 0.002721
