# var(lg_P)
0.000095 0.000086 0.000455 0.000121 0.000157 0.000128 0.000115 0.000187 0.000118 0.000099 0.000082 0.000098 0.000078 0.000118 0.000124 0.000115 0.000151 0.000083 0.000098 0.000086 0.000110 0.000101 0.000098 0.000118 0.000094 0.000117 0.000321 0.000144 0.000118 0.000125 0.000117 0.000143 0.000119 0.000125 0.000095 0.000153 0.000163 0.000158 0.000163 0.000156 0.000210 0.001778 0.000218 0.000244 0.000330 0.000348 0.000343 0.000435 0.000398 0.000433 0.000559 0.000644 0.000653 0.000636 0.000550 0.000472 0.000525 0.000866 0.000436 0.000512 0.001021 0.001056 0.002051 0.001849
0.000095 0.000079 0.000477 0.000117 0.000161 0.000121 0.000130 0.000161 0.000116 0.000103 0.000085 0.000098 0.000082 0.000129 0.000138 0.000107 0.000150 0.000089 0.000094 0.000090 0.000115 0.000102 0.000099 0.000109 0.000072 0.000112 0.000293 0.000144 0.000124 0.000122 0.000112 0.000151 0.000128 0.000137 0.000125 0.000239 0.000163 0.000159 0.000185 0.000166 0.000204 0.001783 0.000214 0.000261 0.000420 0.000447 0.000344 0.000492 0.000577 0.000468 0.000516 0.000710 0.000656 0.000660 0.000567 0.000527 0.000657 0.000989 0.000610 0.000749 0.001444 0.001563 0.002238 0.002105
0.000102 0.000089 0.000466 0.000110 0.000153 0.000130 0.000104 0.000176 0.000116 0.000104 0.000081 0.000102 0.000071 0.000122 0.000113 0.000112 0.000154 0.000084 0.000087 0.000090 0.000115 0.000094 0.000098 0.000115 0.000098 0.000110 0.000283 0.000124 0.000124 0.000122 0.000123 0.000139 0.000123 0.000154 0.000112 0.000194 0.000151 0.000156 0.000171 0.000177 0.000198 0.001728 0.000208 0.000256 0.000386 0.000455 0.000364 0.000482 0.000548 0.000457 0.000573 0.000752 0.000615 0.000697 0.000632 0.000464 0.000507 0.000670 0.000357 0.000400 0.000856 0.000899 0.002108 0.001555
0.000186 0.000147 0.000920 0.000242 0.000290 0.000195 0.000209 0.000292 0.000219 0.000171 0.000153 0.000173 0.000164 0.000218 0.000195 0.000186 0.000291 0.000152 0.000156 0.000149 0.000172 0.000162 0.000166 0.000198 0.000169 0.000205 0.000614 0.000230 0.000228 0.000213 0.000212 0.000248 0.000239 0.000266 0.000235 0.000360 0.000260 0.000263 0.000322 0.000300 0.000353 0.003207 0.000356 0.000393 0.000699 0.000738 0.000538 0.000877 0.000777 0.000663 0.000857 0.001120 0.000981 0.000968 0.000903 0.000698 0.000684 0.001001 0.000492 0.000557 0.001477 0.001503 0.003689 0.002693
0.000099 0.000086 0.000460 0.000125 0.000139 0.000135 0.000132 0.000185 0.000123 0.000100 0.000084 0.000107 0.000066 0.000127 0.000110 0.000117 0.000152 0.000080 0.000101 0.000090 0.000119 0.000096 0.000097 0.000127 0.000090 0.000118 0.000355 0.000141 0.000132 0.000124 0.000114 0.000142 0.000126 0.000140 0.000121 0.000253 0.000168 0.000160 0.000200 0.000192 0.000218 0.002133 0.000211 0.000261 0.000619 0.000592 0.000366 0.000602 0.000615 0.000451 0.000550 0.000680 0.000631 0.000668 0.000581 0.000504 0.000602 0.000781 0.000397 0.000448 0.001082 0.001213 0.001875 0.001679
0.000138 0.000117 0.000723 0.000169 0.000210 0.000169 0.000155 0.000256 0.000172 0.000123 0.000121 0.000134 0.000113 0.000186 0.000185 0.000158 0.000245 0.000105 0.000121 0.000127 0.000152 0.000129 0.000140 0.000162 0.000127 0.000163 0.000469 0.000207 0.000156 0.000169 0.000148 0.000191 0.000145 0.000171 0.000141 0.000262 0.000224 0.000201 0.000228 0.000196 0.000277 0.002458 0.000279 0.000331 0.000555 0.000591 0.000507 0.000652 0.000619 0.000615 0.000684 0.000939 0.000827 0.000795 0.000760 0.000609 0.000542 0.000844 0.000449 0.000477 0.001062 0.001225 0.003531 0.002127
0.000090 0.000076 0.000452 0.000121 0.000127 0.000123 0.000114 0.000156 0.000108 0.000094 0.000076 0.000091 0.000057 0.000116 0.000117 0.000106 0.000155 0.000079 0.000083 0.000086 0.000109 0.000093 0.000085 0.000115 0.000084 0.000105 0.000259 0.000133 0.000120 0.000107 0.000087 0.000126 0.000093 0.000109 0.000071 0.000112 0.000145 0.000149 0.000118 0.000120 0.000175 0.001697 0.000198 0.000235 0.000270 0.000238 0.000341 0.000337 0.000291 0.000431 0.000500 0.000654 0.000636 0.000625 0.000538 0.000432 0.000522 0.000693 0.000365 0.000409 0.000911 0.000957 0.002066 0.001671
0.000086 0.000077 0.000432 0.000123 0.000132 0.000129 0.000108 0.000163 0.000099 0.000094 0.000072 0.000098 0.000110 0.000121 0.000103 0.000108 0.000149 0.000072 0.000085 0.000088 0.000103 0.000097 0.000099 0.000112 0.000116 0.000108 0.000299 0.000125 0.000110 0.000108 0.000120 0.000127 0.000107 0.000122 0.000092 0.000159 0.000159 0.000146 0.000136 0.000142 0.000187 0.001528 0.000190 0.000224 0.000341 0.000334 0.000337 0.000435 0.000452 0.000454 0.000539 0.000636 0.000574 0.000628 0.000630 0.000455 0.000439 0.000615 0.000318 0.000389 0.000894 0.000904 0.001820 0.001458
0.000099 0.000083 0.000444 0.000119 0.000138 0.000139 0.000128 0.000162 0.000112 0.000107 0.000082 0.000098 0.000065 0.000132 0.000118 0.000119 0.000159 0.000080 0.000091 0.000089 0.000113 0.000107 0.000103 0.000129 0.000115 0.000119 0.000325 0.000147 0.000132 0.000127 0.000129 0.000143 0.000129 0.000158 0.000128 0.000207 0.000157 0.000163 0.000185 0.000170 0.000228 0.001853 0.000214 0.000251 0.000411 0.000450 0.000351 0.000506 0.000565 0.000459 0.000556 0.000704 0.000635 0.000687 0.000688 0.000561 0.000509 0.000754 0.000395 0.000471 0.000982 0.001046 0.002243 0.001761
0.000344 0.000322 0.001777 0.000464 0.000593 0.000321 0.000457 0.000533 0.000422 0.000355 0.000298 0.000331 0.000299 0.000368 0.000511 0.000389 0.000663 0.000271 0.000319 0.000308 0.000307 0.000328 0.000345 0.000459 0.000296 0.000397 0.001532 0.000489 0.000431 0.000342 0.000414 0.000456 0.000407 0.000485 0.000336 0.000659 0.000550 0.000506 0.000568 0.000540 0.000639 0.007106 0.000688 0.000859 0.001413 0.001454 0.001033 0.001668 0.001618 0.001282 0.001566 0.002144 0.001600 0.002146 0.001808 0.001216 0.000933 0.001464 0.000792 0.000852 0.001751 0.001809 0.005363 0.004256
