# mean(lg_P) also median/mode
3.351959 3.320177 3.278350 3.233130 3.188699 3.135614 3.096679 3.058563 3.027587 3.001425 2.972210 2.924156 2.864893 2.791108 2.707207 2.641879 2.592149 2.556479 2.496926 2.404115 2.321890 2.274615 2.212226 2.120631 2.050782 1.986381 1.901401 1.827026 1.752629 1.673849 1.597741 1.518257 1.440063 1.359131 1.284224 1.206003 1.126680 1.048592 0.972851 0.894124 0.816130 0.742795 0.667442 0.591452 0.518757 0.447228 0.375216 0.305420 0.235899 0.168131 0.098537 0.030770 -0.032995 -0.097415 -0.159070 -0.226388 -0.288938 -0.347101 -0.392038 -0.456968 -0.525338 -0.586268 -0.641015 -0.703167
3.318745 3.285129 3.244526 3.198639 3.151156 3.094715 3.050140 3.010265 2.973718 2.945813 2.915368 2.874712 2.817282 2.747088 2.661536 2.585763 2.526365 2.488441 2.438661 2.353505 2.261515 2.200039 2.144864 2.061657 1.978434 1.914429 1.833627 1.754218 1.680248 1.597995 1.521073 1.439651 1.359806 1.276326 1.197528 1.117233 1.036369 0.953518 0.876474 0.794864 0.713487 0.635748 0.556436 0.476352 0.399572 0.322893 0.247318 0.169982 0.096543 0.023709 -0.049872 -0.121273 -0.193542 -0.259582 -0.329550 -0.401968 -0.472835 -0.539781 -0.585928 -0.650973 -0.733934 -0.796511 -0.862342 -0.920015
3.464327 3.440279 3.407181 3.369252 3.330036 3.278388 3.241901 3.206314 3.175635 3.151183 3.126660 3.086634 3.031213 2.978597 2.901398 2.832503 2.777108 2.740936 2.694433 2.621461 2.537475 2.479806 2.425933 2.354320 2.278436 2.214523 2.145183 2.067737 2.003109 1.931887 1.858588 1.786077 1.717464 1.642424 1.572484 1.500708 1.430832 1.363849 1.293846 1.225420 1.159177 1.093714 1.029189 0.970284 0.903422 0.842632 0.784570 0.741468 0.684069 0.631129 0.580765 0.527038 0.480362 0.420786 0.373405 0.327524 0.276957 0.200817 0.155927 0.102914 0.041339 -0.013295 -0.068662 -0.130671
3.405884 3.382241 3.350073 3.316350 3.282007 3.234056 3.196783 3.162665 3.128676 3.103253 3.074046 3.030348 2.987254 2.920822 2.852512 2.783998 2.729006 2.689754 2.640930 2.563861 2.482141 2.423594 2.369217 2.293555 2.217471 2.156916 2.080155 2.005153 1.938095 1.862456 1.789114 1.714856 1.641237 1.564812 1.492700 1.420363 1.346622 1.274528 1.203480 1.131900 1.062196 0.993439 0.925416 0.858252 0.793309 0.726940 0.663269 0.604458 0.545928 0.488337 0.429566 0.370982 0.318199 0.258293 0.203167 0.147349 0.095883 0.039531 -0.021781 -0.075579 -0.125029 -0.184994 -0.247062 -0.311220
3.261548 3.238942 3.209187 3.175747 3.137103 3.089537 3.051355 3.011713 2.977359 2.951001 2.922852 2.894970 2.849370 2.797014 2.724939 2.650730 2.581620 2.538001 2.502036 2.441472 2.357793 2.284149 2.227575 2.166134 2.086610 2.016687 1.948371 1.870175 1.800445 1.723597 1.650748 1.574874 1.498259 1.419535 1.347430 1.272453 1.196361 1.118503 1.046797 0.972007 0.895356 0.825377 0.751796 0.679910 0.610180 0.540610 0.471011 0.405206 0.340430 0.276087 0.211525 0.147179 0.086164 0.025825 -0.033354 -0.096270 -0.153939 -0.208166 -0.261501 -0.319391 -0.387356 -0.445113 -0.499702 -0.558840
3.315169 3.294043 3.266472 3.239756 3.208068 3.164547 3.126908 3.093366 3.058626 3.034336 3.005888 2.964546 2.921277 2.873097 2.807918 2.738618 2.675408 2.633021 2.597401 2.528879 2.446603 2.377793 2.327915 2.265273 2.179573 2.119202 2.051921 1.970202 1.907692 1.829412 1.757232 1.684702 1.611627 1.536148 1.462791 1.389841 1.316076 1.245519 1.172347 1.099603 1.028626 0.959063 0.889571 0.823231 0.756486 0.691362 0.625216 0.571569 0.507165 0.448528 0.391614 0.334106 0.278012 0.217496 0.165513 0.113961 0.061186 0.004217 -0.047674 -0.104827 -0.155160 -0.205565 -0.262077 -0.312947
3.227177 3.208134 3.181176 3.154739 3.122080 3.079183 3.044629 3.007139 2.970741 2.944310 2.916880 2.889842 2.850570 2.802382 2.736535 2.671450 2.598512 2.549817 2.516330 2.461353 2.388356 2.309651 2.249541 2.195011 2.122282 2.044324 1.981326 1.903354 1.836047 1.761000 1.688099 1.614887 1.540674 1.464687 1.391508 1.318532 1.243420 1.169318 1.096778 1.021730 0.949477 0.879562 0.809546 0.739631 0.669962 0.602749 0.535323 0.473945 0.410287 0.348109 0.286498 0.227113 0.168249 0.108011 0.049514 -0.008813 -0.062843 -0.120672 -0.169692 -0.223543 -0.286809 -0.338776 -0.392590 -0.446068
3.320757 3.305048 3.282183 3.259102 3.229627 3.188440 3.154524 3.121463 3.083900 3.059782 3.030885 3.000768 2.958328 2.918710 2.857900 2.794564 2.725793 2.677456 2.640334 2.584755 2.516568 2.441274 2.381935 2.327499 2.255847 2.184772 2.119725 2.045791 1.979572 1.909468 1.836676 1.767482 1.698384 1.624432 1.553035 1.483217 1.413314 1.345536 1.275973 1.206993 1.140786 1.073769 1.008554 0.946236 0.882435 0.821994 0.763200 0.709077 0.651255 0.598945 0.541937 0.487887 0.434974 0.382877 0.331466 0.273975 0.231238 0.176862 0.124509 0.064078 0.022376 -0.034185 -0.090734 -0.153733
3.317873 3.309641 3.294782 3.273067 3.250321 3.218272 3.192465 3.165481 3.137328 3.116196 3.091817 3.065251 3.014578 2.981314 2.920996 2.865846 2.809600 2.770598 2.730122 2.669579 2.599972 2.538340 2.487437 2.424908 2.354067 2.295026 2.228170 2.154570 2.095874 2.027609 1.958309 1.890357 1.827625 1.758106 1.687023 1.621206 1.554366 1.494056 1.424609 1.361329 1.305035 1.239158 1.178578 1.124564 1.064720 1.008521 0.953107 0.907399 0.854454 0.807708 0.758357 0.710227 0.665584 0.612717 0.566883 0.518720 0.469598 0.400031 0.360506 0.303763 0.240217 0.181955 0.125038 0.064804
3.286284 3.277283 3.259435 3.243831 3.221400 3.192215 3.167871 3.144340 3.113654 3.094084 3.067298 3.036511 2.994798 2.956177 2.911107 2.857585 2.804980 2.756580 2.706776 2.653319 2.594032 2.541510 2.472415 2.416469 2.359545 2.293721 2.226187 2.167541 2.099444 2.039269 1.966690 1.900973 1.839800 1.771800 1.699320 1.635394 1.570022 1.515365 1.443482 1.384069 1.325456 1.260977 1.200665 1.151706 1.089682 1.034454 0.981026 0.943473 0.894228 0.850077 0.804086 0.754383 0.712659 0.656321 0.603172 0.550387 0.509883 0.434292 0.377862 0.319519 0.264386 0.213531 0.137408 0.072762
