# var(lg_P)
0.000075 0.001313 0.000082 0.000100 0.000107 0.000122 0.000097 0.000127 0.000135 0.000098 0.000134 0.000093 0.000085 0.000108 0.000120 0.000156 0.000105 0.000098 0.000125 0.000089 0.000129 0.000138 0.000099 0.000123 0.000122 0.000112 0.000107 0.000101 0.000124 0.000095 0.000120 0.000106 0.000109 0.000129 0.000127 0.000286 0.000124 0.000144 0.000156 0.000170 0.000179 0.000195 0.000502 0.000218 0.000453 0.000344 0.000441 0.000322 0.000323 0.000344 0.000465 0.000523 0.000541 0.000435 0.000421 0.000605 0.000844 0.001125 0.000740 0.001426 0.001585 0.001555 0.002202 0.001989
0.000081 0.001513 0.000085 0.000096 0.000117 0.000122 0.000099 0.000136 0.000122 0.000094 0.000134 0.000091 0.000093 0.000104 0.000113 0.000151 0.000093 0.000101 0.000120 0.000101 0.000128 0.000129 0.000102 0.000129 0.000141 0.000128 0.000108 0.000098 0.000124 0.000089 0.000116 0.000116 0.000114 0.000140 0.000136 0.000295 0.000121 0.000169 0.000160 0.000172 0.000176 0.000185 0.000531 0.000228 0.000530 0.000348 0.000390 0.000346 0.000327 0.000393 0.000471 0.000530 0.000545 0.000460 0.000450 0.000757 0.000954 0.001101 0.000870 0.001571 0.001463 0.001846 0.002284 0.002508
0.000088 0.001296 0.000088 0.000102 0.000109 0.000118 0.000100 0.000146 0.000131 0.000095 0.000142 0.000089 0.000099 0.000106 0.000111 0.000160 0.000112 0.000098 0.000120 0.000090 0.000140 0.000137 0.000095 0.000113 0.000139 0.000124 0.000114 0.000084 0.000118 0.000093 0.000129 0.000115 0.000111 0.000128 0.000137 0.000287 0.000122 0.000161 0.000154 0.000177 0.000186 0.000184 0.000568 0.000216 0.000508 0.000302 0.000413 0.000355 0.000303 0.000376 0.000447 0.000501 0.000484 0.000430 0.000354 0.000511 0.000621 0.001091 0.000744 0.001570 0.001645 0.001880 0.002043 0.002223
0.000154 0.003060 0.000150 0.000179 0.000201 0.000241 0.000186 0.000260 0.000241 0.000166 0.000275 0.000156 0.000149 0.000208 0.000197 0.000238 0.000195 0.000163 0.000210 0.000161 0.000207 0.000206 0.000189 0.000215 0.000232 0.000233 0.000171 0.000177 0.000218 0.000151 0.000210 0.000204 0.000183 0.000215 0.000225 0.000501 0.000198 0.000255 0.000263 0.000277 0.000322 0.000309 0.000937 0.000330 0.000907 0.000545 0.000695 0.000545 0.000473 0.000523 0.000762 0.000780 0.000762 0.000666 0.000585 0.000787 0.000894 0.001489 0.001041 0.002041 0.002309 0.002685 0.003224 0.003018
0.000091 0.001512 0.000085 0.000095 0.000114 0.000129 0.000103 0.000148 0.000143 0.000087 0.000148 0.000098 0.000096 0.000108 0.000109 0.000161 0.000103 0.000090 0.000120 0.000092 0.000147 0.000134 0.000101 0.000118 0.000137 0.000119 0.000116 0.000093 0.000119 0.000096 0.000121 0.000116 0.000113 0.000123 0.000145 0.000296 0.000131 0.000161 0.000165 0.000179 0.000192 0.000199 0.000570 0.000239 0.000480 0.000360 0.000401 0.000330 0.000325 0.000387 0.000500 0.000518 0.000525 0.000475 0.000446 0.000634 0.000708 0.001187 0.000777 0.001650 0.001585 0.001817 0.002128 0.002447
0.000118 0.002204 0.000112 0.000137 0.000145 0.000186 0.000155 0.000190 0.000213 0.000129 0.000214 0.000127 0.000123 0.000140 0.000170 0.000203 0.000157 0.000150 0.000171 0.000138 0.000194 0.000175 0.000132 0.000161 0.000178 0.000171 0.000159 0.000141 0.000173 0.000129 0.000161 0.000160 0.000147 0.000182 0.000189 0.000458 0.000154 0.000208 0.000214 0.000211 0.000244 0.000259 0.000730 0.000275 0.000731 0.000449 0.000558 0.000466 0.000396 0.000442 0.000611 0.000649 0.000627 0.000540 0.000491 0.000568 0.000797 0.001285 0.000798 0.001753 0.001832 0.002264 0.002757 0.002876
0.000077 0.001481 0.000077 0.000091 0.000104 0.000112 0.000103 0.000129 0.000123 0.000085 0.000130 0.000091 0.000092 0.000104 0.000107 0.000157 0.000109 0.000095 0.000114 0.000093 0.000132 0.000126 0.000093 0.000114 0.000119 0.000110 0.000097 0.000096 0.000115 0.000094 0.000113 0.000115 0.000105 0.000114 0.000127 0.000249 0.000118 0.000143 0.000139 0.000161 0.000186 0.000169 0.000451 0.000207 0.000468 0.000306 0.000373 0.000311 0.000302 0.000375 0.000491 0.000493 0.000496 0.000417 0.000399 0.000570 0.000684 0.000899 0.000709 0.001313 0.001518 0.001552 0.001842 0.001970
0.000081 0.001205 0.000085 0.000096 0.000098 0.000116 0.000096 0.000132 0.000115 0.000086 0.000124 0.000094 0.000091 0.000101 0.000096 0.000130 0.000100 0.000096 0.000118 0.000090 0.000125 0.000125 0.000088 0.000113 0.000133 0.000106 0.000103 0.000086 0.000116 0.000091 0.000115 0.000102 0.000106 0.000121 0.000129 0.000274 0.000105 0.000145 0.000151 0.000161 0.000183 0.000180 0.000462 0.000212 0.000446 0.000313 0.000359 0.000298 0.000294 0.000342 0.000465 0.000509 0.000485 0.000410 0.000356 0.000491 0.000633 0.000923 0.000647 0.001238 0.001582 0.001748 0.001647 0.002433
0.000082 0.001313 0.000081 0.000103 0.000107 0.000123 0.000114 0.000129 0.000136 0.000104 0.000152 0.000096 0.000097 0.000105 0.000108 0.000159 0.000117 0.000094 0.000127 0.000092 0.000147 0.000120 0.000102 0.000123 0.000134 0.000118 0.000115 0.000091 0.000127 0.000097 0.000120 0.000120 0.000110 0.000125 0.000141 0.000251 0.000129 0.000162 0.000162 0.000178 0.000190 0.000190 0.000509 0.000235 0.000490 0.000324 0.000457 0.000357 0.000321 0.000400 0.000529 0.000600 0.000534 0.000497 0.000401 0.000542 0.000592 0.001027 0.000758 0.001394 0.001718 0.002000 0.002164 0.002590
0.000340 0.007154 0.000237 0.000361 0.000345 0.000483 0.000385 0.000542 0.000602 0.000354 0.000563 0.000281 0.000288 0.000387 0.000376 0.000416 0.000367 0.000370 0.000412 0.000311 0.000363 0.000412 0.000364 0.000393 0.000398 0.000435 0.000372 0.000334 0.000460 0.000342 0.000380 0.000382 0.000369 0.000419 0.000428 0.001018 0.000417 0.000423 0.000482 0.000505 0.000582 0.000635 0.001811 0.000733 0.001658 0.001059 0.001371 0.000936 0.000839 0.000941 0.001220 0.001224 0.001241 0.001200 0.000781 0.001033 0.001216 0.002687 0.001734 0.003519 0.004142 0.003905 0.004738 0.004460
