# mode(P)
2247.973842 2089.259057 1897.331479 1709.370781 1543.383488 1365.790810 1248.560876 1143.558636 1065.085896 1002.856408 937.613746 839.405950 731.869562 617.758206 509.289406 438.062784 390.713663 359.974518 313.827971 253.439263 209.696312 188.084469 162.930729 131.930141 112.326913 96.860652 79.648533 67.116687 56.542214 47.163529 39.584302 32.964191 27.529363 22.849135 19.229517 16.060432 13.378731 11.147915 9.387945 7.831541 6.543456 5.527019 4.646463 3.900393 3.298836 2.797911 2.370069 2.018510 1.719719 1.471203 1.253155 1.071595 0.925536 0.797682 0.691807 0.591920 0.511974 0.447019 0.403947 0.347114 0.295733 0.256896 0.226247 0.196110
2082.441967 1927.156306 1755.201204 1578.902229 1415.506392 1243.038273 1121.682028 1023.170363 940.857672 882.354778 822.572105 749.204960 655.745866 558.218658 458.458772 384.953913 335.782268 307.781632 274.429125 225.558522 182.484573 158.412468 139.518726 115.174605 95.079275 82.073071 68.139035 56.757999 47.862556 39.605719 33.179486 27.504528 22.884043 18.881886 15.749307 13.091385 10.867315 8.950014 7.519427 6.231198 5.165986 4.319469 3.598256 2.992260 2.507183 2.101498 1.765697 1.477615 1.247628 1.054708 0.890375 0.754968 0.639330 0.549061 0.467077 0.394902 0.334866 0.286838 0.258270 0.221578 0.182711 0.158279 0.135992 0.118912
2911.756483 2754.768885 2552.530110 2338.618635 2137.074728 1897.410483 1744.269757 1606.955502 1497.727127 1415.762677 1338.008756 1220.264642 1073.183146 951.296037 796.422662 679.452200 598.144806 550.473076 494.542239 418.058853 344.475518 301.688763 266.512002 225.972707 189.716002 163.790626 139.615496 116.830438 100.663624 85.432094 72.175233 61.072375 52.142069 43.870223 37.345643 31.656760 26.950654 23.043797 19.659929 16.793155 14.416045 12.400154 10.686709 9.330308 7.999459 6.954399 6.083413 5.507647 4.824570 4.270634 3.802296 3.358987 3.017679 2.630243 2.356685 2.116933 1.882685 1.577678 1.425510 1.258693 1.090533 0.960012 0.845000 0.732713
2544.334088 2409.140048 2237.203566 2069.051443 1912.399953 1712.462140 1571.212974 1452.271641 1343.820685 1267.346220 1184.911410 1071.605168 967.974561 832.323025 711.391321 607.377136 535.111203 489.122950 437.035732 366.011970 303.174445 264.946190 233.772396 196.361802 164.776712 143.377618 120.171029 101.116904 86.621084 72.774395 61.478956 51.811821 43.729283 36.674282 31.063496 26.297507 22.190830 18.694046 15.958515 13.533190 11.524614 9.838547 8.410577 7.205678 6.204280 5.325181 4.597907 4.015742 3.509151 3.072589 2.683139 2.343415 2.076114 1.807889 1.590398 1.396013 1.238514 1.086550 0.945661 0.833748 0.741102 0.644526 0.558825 0.481941
1825.489014 1732.776745 1618.041858 1497.830985 1370.465320 1228.267333 1124.694457 1026.543904 948.725353 892.931475 836.853884 784.899730 705.883259 626.181458 530.503402 447.056071 381.330148 344.989044 317.550574 276.191538 227.741940 192.253370 168.789283 146.503070 121.976031 103.861725 88.743100 74.128911 63.126115 52.885373 44.721417 37.552828 31.476024 26.259213 22.240601 18.715195 15.706559 13.092861 11.130261 9.369306 7.852703 6.684293 5.642119 4.781278 4.071673 3.469042 2.955202 2.539520 2.187443 1.886001 1.625185 1.400697 1.216999 1.059436 0.923686 0.798031 0.698166 0.615232 0.545340 0.476024 0.405941 0.355229 0.313219 0.273374
2064.996159 1966.870150 1845.880025 1735.164640 1613.469699 1459.512230 1338.103461 1238.560047 1143.783718 1081.627712 1013.011363 921.025791 831.812507 745.977371 642.029698 547.194498 473.108274 429.254335 395.424434 337.698032 279.359669 238.477451 212.625641 184.034602 151.057505 131.481086 112.612042 93.311149 80.785346 67.460251 57.143952 48.347072 40.855683 34.337382 29.001250 24.516388 20.688516 17.511662 14.857401 12.567050 10.670506 9.091223 7.746430 6.649380 5.700915 4.907315 4.213828 3.723812 3.210202 2.804274 2.459090 2.153311 1.892967 1.646704 1.458989 1.294682 1.144429 1.002473 0.891787 0.779952 0.692306 0.615632 0.540452 0.480547
1686.629749 1614.167304 1517.031081 1427.166495 1323.968458 1199.414921 1107.573511 1015.832039 934.458022 879.311401 825.455463 775.674417 707.892382 634.043274 544.898415 468.947421 396.483569 354.506141 328.184338 289.148740 244.370629 203.886810 177.551739 156.589466 132.431780 110.694675 95.743271 80.015536 68.518947 57.644595 48.741505 41.177253 34.706776 29.135868 24.618751 20.810327 17.505282 14.717976 12.488802 10.506451 8.895579 7.572927 6.445285 5.486408 4.672845 4.003200 3.427007 2.975384 2.569489 2.226302 1.931573 1.684310 1.470728 1.280145 1.118124 0.976087 0.861577 0.753100 0.673935 0.594183 0.512507 0.454379 0.401049 0.354294
2092.207066 2017.730611 1914.224130 1814.867156 1696.003434 1542.488347 1426.460011 1321.735472 1212.596474 1147.129786 1073.258454 1001.359121 907.189678 828.776718 720.580544 622.616201 531.493095 475.631991 436.645510 384.180465 328.317334 276.085692 240.840116 212.435263 180.106784 152.956614 131.674225 111.076422 95.354528 81.134133 68.625120 58.513160 49.900452 42.090869 35.710290 30.406738 25.886349 22.099635 18.867805 16.096355 13.818487 11.843580 10.191892 8.828603 7.622091 6.632124 5.791543 5.112843 4.475011 3.966432 3.478508 3.070030 2.718402 2.410621 2.140589 1.873026 1.695594 1.494057 1.327038 1.152549 1.044420 0.915713 0.804065 0.694524
2078.272060 2039.136974 1970.475698 1873.971198 1778.657313 1652.112391 1556.524592 1462.747203 1371.272536 1306.221834 1234.868186 1161.647717 1032.714332 957.276558 833.211991 733.687832 644.581153 589.382562 536.907805 467.026480 397.810452 345.210443 307.047955 265.840133 225.815058 197.146792 169.017833 142.685998 124.627557 106.486802 90.801496 77.644591 67.196301 57.258431 48.612592 41.779884 35.818108 31.089157 26.565301 22.963012 20.169305 17.331476 15.073571 13.309654 11.596666 10.188727 8.967554 8.069202 7.143264 6.412536 5.722527 5.120026 4.620703 4.090868 3.678732 3.287339 2.933328 2.496136 2.282787 2.000842 1.722543 1.503109 1.321118 1.149129
1930.275363 1890.326849 1814.918419 1748.537918 1661.931771 1553.637929 1468.935619 1390.071900 1297.194361 1239.867098 1165.789837 1086.195562 982.494467 901.990212 813.213962 718.674864 636.662603 569.921652 508.137530 449.282367 391.977625 347.286293 296.207887 260.345575 228.338897 196.293942 168.031876 146.858586 125.454784 109.200821 92.476053 79.457159 68.997651 59.006140 49.936401 43.103200 37.077709 32.344463 27.709728 24.161605 21.109477 18.198455 15.837287 14.142873 12.261498 10.798621 9.543921 8.753602 7.814121 7.054530 6.343079 5.653025 5.136654 4.511545 3.987497 3.522343 3.196641 2.681376 2.365888 2.061986 1.803484 1.605490 1.344327 1.160884
