# var(lg_P)
0.000085 0.000115 0.000099 0.000102 0.000154 0.000102 0.000110 0.000137 0.000203 0.000103 0.000086 0.000074 0.000097 0.000106 0.000096 0.000124 0.000111 0.000086 0.000146 0.000101 0.000099 0.000131 0.000089 0.000113 0.000116 0.000092 0.000135 0.000159 0.000121 0.000158 0.000205 0.000145 0.000133 0.000084 0.000147 0.000132 0.000170 0.000138 0.000135 0.000135 0.000155 0.000178 0.000207 0.000296 0.000289 0.000294 0.000511 0.000370 0.000429 0.000525 0.000500 0.000562 0.000815 0.000771 0.000837 0.000874 0.001018 0.001136 0.002134 0.001688 0.002160 0.001707 0.001800 0.002070
0.000098 0.000114 0.000108 0.000108 0.000140 0.000116 0.000105 0.000129 0.000215 0.000098 0.000087 0.000079 0.000099 0.000103 0.000102 0.000119 0.000105 0.000083 0.000141 0.000092 0.000104 0.000128 0.000102 0.000121 0.000123 0.000084 0.000139 0.000139 0.000115 0.000150 0.000186 0.000156 0.000129 0.000091 0.000157 0.000156 0.000166 0.000159 0.000167 0.000252 0.000221 0.000240 0.000258 0.000362 0.000255 0.000317 0.000526 0.000340 0.000426 0.000484 0.000589 0.000503 0.000873 0.000906 0.001015 0.001081 0.001238 0.001395 0.001830 0.002071 0.002006 0.002037 0.002363 0.002369
0.000099 0.000116 0.000104 0.000114 0.000152 0.000115 0.000104 0.000137 0.000223 0.000096 0.000083 0.000078 0.000104 0.000116 0.000096 0.000129 0.000107 0.000086 0.000140 0.000099 0.000098 0.000119 0.000093 0.000109 0.000131 0.000119 0.000139 0.000164 0.000148 0.000152 0.000197 0.000140 0.000168 0.000104 0.000170 0.000146 0.000177 0.000153 0.000165 0.000191 0.000201 0.000222 0.000310 0.000341 0.000367 0.000419 0.000513 0.000468 0.000596 0.000615 0.000703 0.000779 0.000848 0.000887 0.000856 0.000842 0.000945 0.001190 0.002170 0.001875 0.002154 0.001396 0.001645 0.001744
0.000176 0.000213 0.000186 0.000218 0.000290 0.000237 0.000194 0.000226 0.000434 0.000180 0.000164 0.000133 0.000173 0.000165 0.000165 0.000202 0.000198 0.000145 0.000217 0.000163 0.000154 0.000198 0.000157 0.000177 0.000247 0.000173 0.000243 0.000296 0.000213 0.000266 0.000348 0.000272 0.000248 0.000233 0.000309 0.000289 0.000267 0.000388 0.000389 0.000557 0.000486 0.000488 0.000618 0.000882 0.000749 0.000744 0.000986 0.000874 0.000952 0.001083 0.001180 0.001284 0.001161 0.001211 0.001194 0.001231 0.001280 0.001614 0.003261 0.002973 0.003292 0.001924 0.002048 0.002710
0.000095 0.000120 0.000109 0.000107 0.000156 0.000126 0.000107 0.000140 0.000217 0.000108 0.000086 0.000072 0.000102 0.000106 0.000103 0.000121 0.000119 0.000086 0.000146 0.000105 0.000098 0.000125 0.000101 0.000113 0.000136 0.000111 0.000134 0.000159 0.000145 0.000171 0.000197 0.000159 0.000164 0.000115 0.000171 0.000176 0.000186 0.000181 0.000179 0.000254 0.000212 0.000191 0.000246 0.000293 0.000263 0.000256 0.000421 0.000367 0.000406 0.000445 0.000441 0.000524 0.000823 0.000900 0.000864 0.000993 0.001073 0.001204 0.002020 0.002318 0.002463 0.001832 0.001738 0.002072
0.000146 0.000174 0.000156 0.000165 0.000245 0.000160 0.000163 0.000193 0.000352 0.000140 0.000113 0.000101 0.000141 0.000141 0.000142 0.000161 0.000150 0.000124 0.000190 0.000142 0.000129 0.000167 0.000136 0.000152 0.000170 0.000088 0.000186 0.000211 0.000145 0.000203 0.000284 0.000208 0.000174 0.000154 0.000233 0.000201 0.000233 0.000255 0.000279 0.000350 0.000374 0.000337 0.000436 0.000559 0.000338 0.000323 0.000633 0.000467 0.000614 0.000624 0.000689 0.000627 0.000931 0.000983 0.001048 0.001062 0.001134 0.001220 0.002598 0.002523 0.002567 0.001831 0.002077 0.002215
0.000087 0.000108 0.000104 0.000113 0.000158 0.000108 0.000108 0.000136 0.000195 0.000096 0.000080 0.000073 0.000094 0.000094 0.000097 0.000119 0.000110 0.000082 0.000137 0.000095 0.000092 0.000129 0.000088 0.000097 0.000091 0.000068 0.000118 0.000144 0.000109 0.000134 0.000197 0.000140 0.000110 0.000097 0.000131 0.000117 0.000163 0.000172 0.000145 0.000240 0.000233 0.000226 0.000293 0.000433 0.000233 0.000265 0.000514 0.000339 0.000428 0.000391 0.000467 0.000465 0.000761 0.000779 0.000779 0.000874 0.001011 0.001118 0.002094 0.002077 0.002299 0.001547 0.001808 0.001866
0.000090 0.000111 0.000102 0.000106 0.000132 0.000100 0.000106 0.000137 0.000176 0.000097 0.000079 0.000078 0.000098 0.000102 0.000093 0.000112 0.000103 0.000081 0.000124 0.000097 0.000081 0.000119 0.000090 0.000102 0.000143 0.000113 0.000117 0.000187 0.000119 0.000140 0.000194 0.000144 0.000124 0.000147 0.000166 0.000163 0.000162 0.000240 0.000260 0.000344 0.000275 0.000343 0.000396 0.000493 0.000419 0.000421 0.000533 0.000496 0.000555 0.000671 0.000824 0.000858 0.000774 0.000788 0.000793 0.000772 0.000926 0.001058 0.002093 0.001922 0.002008 0.001459 0.001476 0.001713
0.000092 0.000110 0.000101 0.000110 0.000164 0.000113 0.000114 0.000143 0.000195 0.000110 0.000090 0.000079 0.000102 0.000111 0.000096 0.000126 0.000114 0.000083 0.000152 0.000108 0.000099 0.000129 0.000102 0.000114 0.000111 0.000058 0.000138 0.000140 0.000099 0.000138 0.000209 0.000155 0.000116 0.000096 0.000156 0.000146 0.000180 0.000213 0.000194 0.000314 0.000294 0.000284 0.000399 0.000426 0.000274 0.000271 0.000548 0.000354 0.000457 0.000537 0.000546 0.000501 0.000907 0.000891 0.000813 0.000845 0.000940 0.001159 0.002136 0.002035 0.002397 0.001494 0.001758 0.002057
0.000358 0.000403 0.000430 0.000464 0.000628 0.000403 0.000437 0.000467 0.000828 0.000373 0.000326 0.000251 0.000340 0.000375 0.000378 0.000364 0.000391 0.000283 0.000507 0.000382 0.000281 0.000379 0.000309 0.000346 0.000481 0.000208 0.000534 0.000516 0.000324 0.000489 0.000666 0.000513 0.000458 0.000387 0.000570 0.000579 0.000487 0.000719 0.000719 0.001083 0.000929 0.000952 0.001056 0.001588 0.000929 0.001093 0.001639 0.001334 0.001628 0.001686 0.002076 0.001815 0.002118 0.001991 0.002161 0.001983 0.001990 0.001966 0.005768 0.005495 0.006468 0.002344 0.002671 0.003840
