# mean(lg_P) also median/mode
4.262886 4.232936 4.192273 4.146261 4.103488 4.037694 4.003995 3.970644 3.934247 3.910910 3.883251 3.839817 3.767701 3.704874 3.626567 3.567541 3.515470 3.479164 3.426765 3.341284 3.276977 3.230018 3.174123 3.102445 3.041517 2.988341 2.929103 2.875608 2.816228 2.765426 2.713741 2.664649 2.611288 2.560905 2.515484 2.471160 2.423961 2.383265 2.339932 2.299358 2.256591 2.214008 2.174902 2.133659 2.084250 2.040518 1.996160 1.947027 1.895141 1.839689 1.784909 1.724689 1.655826 1.595051 1.523675 1.457108 1.388984 1.319181 1.235485 1.161340 1.084850 1.017250 0.936459 0.854996
4.122055 4.091153 4.050931 4.005086 3.958724 3.894116 3.854231 3.815956 3.776626 3.750312 3.721696 3.680291 3.614706 3.554412 3.472962 3.403248 3.342572 3.306584 3.258129 3.177836 3.101618 3.045898 2.993703 2.918328 2.857066 2.799798 2.730381 2.673548 2.609637 2.551085 2.490070 2.435870 2.379318 2.322457 2.268452 2.215744 2.162237 2.118604 2.070320 2.024456 1.977928 1.933126 1.889882 1.847457 1.790140 1.744460 1.712096 1.647212 1.600653 1.550253 1.497497 1.440509 1.409977 1.354223 1.298815 1.238279 1.178869 1.117237 1.047628 0.975778 0.912921 0.839881 0.772021 0.697315
4.351088 4.330329 4.297387 4.259082 4.221862 4.157842 4.126748 4.094107 4.058190 4.037855 4.013490 3.980782 3.922069 3.871316 3.793135 3.737044 3.676258 3.643108 3.604499 3.533351 3.466429 3.422048 3.368675 3.313597 3.261952 3.212929 3.153504 3.115547 3.057452 3.013677 2.969844 2.921277 2.883243 2.842633 2.801405 2.763896 2.719999 2.692431 2.652951 2.616227 2.575434 2.535278 2.492663 2.450296 2.412316 2.367252 2.304100 2.265607 2.210524 2.152317 2.096177 2.038790 1.944145 1.880707 1.810292 1.735779 1.666004 1.587724 1.522631 1.449290 1.369834 1.284876 1.203497 1.132226
4.340073 4.318140 4.289814 4.255133 4.221754 4.160429 4.129826 4.093420 4.061616 4.038338 4.009369 3.972575 3.910175 3.860273 3.788493 3.733006 3.673670 3.635471 3.593363 3.518651 3.455450 3.408875 3.356998 3.295339 3.245782 3.197764 3.136859 3.097166 3.042470 2.994792 2.951041 2.903475 2.860991 2.820549 2.775799 2.737734 2.694074 2.662391 2.620697 2.580350 2.538996 2.496892 2.453196 2.404416 2.354351 2.303375 2.255175 2.193311 2.135919 2.066356 2.000509 1.930917 1.871855 1.804342 1.726104 1.650545 1.569420 1.497393 1.464905 1.379762 1.301530 1.196912 1.119650 1.030316
4.183440 4.164601 4.134722 4.100453 4.065289 4.006428 3.971757 3.935115 3.896270 3.874828 3.848017 3.816383 3.764520 3.718369 3.648461 3.584257 3.514798 3.475461 3.438155 3.374582 3.309397 3.249649 3.196952 3.137442 3.079864 3.025552 2.966522 2.912756 2.857193 2.808161 2.758010 2.709684 2.656190 2.608797 2.560719 2.515490 2.475760 2.430217 2.385808 2.344091 2.302406 2.261557 2.219630 2.176608 2.131308 2.085495 2.047646 1.990496 1.937671 1.883099 1.828452 1.770435 1.713704 1.649527 1.583539 1.514675 1.445398 1.376009 1.315973 1.242015 1.171661 1.083088 1.008095 0.925133
4.160001 4.140599 4.115697 4.088034 4.056430 4.002197 3.974022 3.932592 3.902895 3.878411 3.852027 3.818368 3.763254 3.719544 3.651988 3.590676 3.527473 3.488758 3.450356 3.383400 3.319952 3.263432 3.213837 3.151231 3.095099 3.044852 2.985155 2.929913 2.878136 2.827463 2.777227 2.730213 2.680660 2.636299 2.589059 2.549538 2.507160 2.462893 2.423455 2.381534 2.344508 2.302645 2.264643 2.223718 2.181645 2.139812 2.096717 2.046030 1.998991 1.946047 1.891321 1.834835 1.784951 1.723507 1.660727 1.586589 1.512360 1.444016 1.385882 1.313452 1.246744 1.148663 1.069708 1.010685
4.158025 4.142152 4.116588 4.088982 4.056882 4.003787 3.972456 3.930674 3.898281 3.874643 3.848371 3.818468 3.769582 3.728883 3.663519 3.605932 3.533742 3.491416 3.455331 3.395352 3.337155 3.277835 3.222916 3.163409 3.110067 3.056844 2.996289 2.947776 2.896856 2.845789 2.793819 2.748717 2.699034 2.651415 2.606481 2.563447 2.520339 2.480458 2.436960 2.397775 2.357865 2.316139 2.275040 2.231465 2.179165 2.135758 2.096934 2.039700 1.986780 1.934905 1.877737 1.818745 1.767789 1.703007 1.638934 1.568640 1.504055 1.433322 1.366914 1.289261 1.216395 1.136152 1.065766 0.985854
4.223910 4.208880 4.187207 4.162541 4.135039 4.081577 4.053918 4.013560 3.982178 3.959707 3.933626 3.903159 3.853703 3.816372 3.752593 3.699144 3.629043 3.588786 3.550986 3.492002 3.434266 3.380010 3.326349 3.267786 3.219319 3.170532 3.109517 3.066593 3.017225 2.970374 2.923891 2.878777 2.835037 2.795074 2.750183 2.709514 2.670234 2.638213 2.599732 2.561574 2.523392 2.484360 2.444985 2.401308 2.347070 2.300604 2.263589 2.199646 2.143993 2.086494 2.024435 1.965708 1.911841 1.845472 1.779069 1.709091 1.638870 1.568522 1.518381 1.445710 1.369818 1.273561 1.192795 1.124141
4.245589 4.240183 4.223498 4.207114 4.184959 4.138656 4.118043 4.090605 4.062461 4.043675 4.018014 3.989237 3.941713 3.904050 3.837704 3.796301 3.734425 3.700226 3.665616 3.598463 3.537578 3.496349 3.446863 3.392166 3.340685 3.303169 3.240990 3.203428 3.157725 3.113356 3.074816 3.031310 2.992915 2.955155 2.916378 2.881230 2.847882 2.810706 2.773265 2.736776 2.698128 2.658235 2.618690 2.576047 2.534157 2.486281 2.427935 2.379400 2.317030 2.257985 2.196977 2.126813 2.054498 1.988101 1.917376 1.847728 1.776329 1.725310 1.635347 1.568637 1.486402 1.411837 1.339989 1.269639
4.233635 4.224795 4.208788 4.190956 4.171492 4.128524 4.109399 4.083630 4.050915 4.033313 4.009026 3.979756 3.932177 3.901689 3.845576 3.797996 3.741846 3.700028 3.658198 3.610713 3.548991 3.510961 3.451523 3.407215 3.356761 3.311839 3.260470 3.222379 3.169170 3.129279 3.092299 3.046164 3.015250 2.976505 2.943875 2.908638 2.868854 2.836029 2.800932 2.765854 2.724332 2.684347 2.647003 2.603081 2.553786 2.505941 2.452569 2.397713 2.345520 2.283023 2.212132 2.148924 2.076581 2.005952 1.927042 1.841085 1.763147 1.702496 1.689922 1.629845 1.552285 1.421413 1.347935 1.285649
