# var(lg_P)
0.000285 0.000294 0.000200 0.000332 0.000298 0.000957 0.000148 0.000262 0.000262 0.000239 0.000280 0.000265 0.000452 0.000263 0.000223 0.000270 0.000420 0.000350 0.000352 0.000238 0.000383 0.000301 0.000315 0.000463 0.000357 0.000472 0.000368 0.000462 0.000612 0.000583 0.000776 0.000856 0.000767 0.001030 0.001016 0.000884 0.001004 0.001183 0.001457 0.001765 0.001344 0.001558 0.001127 0.001288 0.001157 0.001526 0.001374 0.001603 0.001494 0.001470 0.001543 0.001421 0.001461 0.001607 0.001681 0.002093 0.002197 0.002384 0.002619 0.002893 0.003134 0.003710 0.004128 0.004056
0.000373 0.000338 0.000220 0.000380 0.000357 0.001197 0.000149 0.000299 0.000322 0.000308 0.000285 0.000284 0.000437 0.000297 0.000245 0.000331 0.000402 0.000331 0.000356 0.000280 0.000393 0.000273 0.000354 0.000502 0.000431 0.000461 0.000407 0.000555 0.000792 0.000625 0.000855 0.001095 0.000905 0.001172 0.001056 0.000841 0.001114 0.001256 0.001746 0.001647 0.001319 0.001506 0.001265 0.001578 0.001365 0.001466 0.001662 0.002105 0.001959 0.001806 0.001955 0.001850 0.001737 0.001635 0.001765 0.002314 0.002577 0.002726 0.003214 0.003005 0.003593 0.003989 0.005334 0.004715
0.000329 0.000335 0.000216 0.000373 0.000310 0.001130 0.000181 0.000317 0.000334 0.000302 0.000348 0.000323 0.000536 0.000331 0.000287 0.000332 0.000493 0.000356 0.000390 0.000294 0.000486 0.000313 0.000428 0.000570 0.000447 0.000493 0.000446 0.000523 0.000656 0.000632 0.000921 0.001096 0.000883 0.001246 0.001254 0.001002 0.001150 0.001231 0.001702 0.001576 0.001354 0.001583 0.001280 0.001436 0.001221 0.001415 0.001324 0.001249 0.001249 0.001360 0.001321 0.001363 0.001328 0.001551 0.001700 0.001790 0.002217 0.002288 0.002681 0.002894 0.003022 0.003914 0.005042 0.004120
0.000517 0.000564 0.000410 0.000699 0.000549 0.002005 0.000245 0.000468 0.000459 0.000451 0.000528 0.000389 0.000787 0.000456 0.000428 0.000531 0.000787 0.000529 0.000581 0.000447 0.000685 0.000460 0.000625 0.000707 0.000673 0.000642 0.000611 0.000730 0.000989 0.001028 0.001190 0.001383 0.001084 0.001563 0.001683 0.001204 0.001472 0.001589 0.002059 0.002437 0.001603 0.001804 0.001446 0.001642 0.001466 0.001583 0.001495 0.001667 0.001563 0.001591 0.001649 0.001551 0.001675 0.001879 0.002209 0.002569 0.002861 0.002820 0.003551 0.003622 0.004204 0.004657 0.007688 0.006065
0.000346 0.000398 0.000261 0.000455 0.000376 0.001176 0.000169 0.000312 0.000342 0.000327 0.000338 0.000316 0.000483 0.000321 0.000303 0.000363 0.000487 0.000418 0.000448 0.000311 0.000515 0.000365 0.000405 0.000651 0.000432 0.000523 0.000472 0.000619 0.000884 0.000701 0.000843 0.001079 0.001005 0.001548 0.001258 0.000984 0.001210 0.001409 0.001667 0.001913 0.001465 0.001624 0.001309 0.001597 0.001413 0.001537 0.001569 0.001788 0.001620 0.001635 0.001442 0.001520 0.001520 0.001639 0.001906 0.002200 0.002282 0.002502 0.003153 0.003284 0.003343 0.003664 0.005379 0.004612
0.000470 0.000490 0.000295 0.000564 0.000462 0.001531 0.000210 0.000429 0.000440 0.000352 0.000421 0.000395 0.000651 0.000431 0.000296 0.000376 0.000657 0.000492 0.000473 0.000355 0.000627 0.000391 0.000451 0.000742 0.000507 0.000714 0.000547 0.000710 0.000932 0.000847 0.000933 0.001177 0.001068 0.001617 0.001318 0.001031 0.001372 0.001338 0.001918 0.001967 0.001739 0.001507 0.001318 0.001501 0.001393 0.001446 0.001412 0.001783 0.001541 0.001618 0.001547 0.001545 0.001648 0.001715 0.001882 0.002241 0.002496 0.002865 0.003078 0.003140 0.003281 0.003993 0.005866 0.004422
0.000271 0.000311 0.000210 0.000365 0.000346 0.001060 0.000143 0.000238 0.000264 0.000234 0.000276 0.000261 0.000412 0.000267 0.000196 0.000281 0.000385 0.000302 0.000336 0.000241 0.000411 0.000279 0.000286 0.000467 0.000351 0.000455 0.000337 0.000480 0.000587 0.000520 0.000723 0.000879 0.000820 0.001252 0.000971 0.000881 0.001067 0.001303 0.001464 0.001862 0.001160 0.001386 0.001026 0.001396 0.001164 0.001312 0.001297 0.001415 0.001335 0.001360 0.001365 0.001396 0.001263 0.001431 0.001417 0.001970 0.001971 0.002228 0.002320 0.002429 0.002880 0.003173 0.004759 0.003451
0.000305 0.000372 0.000217 0.000416 0.000329 0.001009 0.000147 0.000252 0.000272 0.000235 0.000292 0.000260 0.000417 0.000264 0.000235 0.000255 0.000350 0.000330 0.000316 0.000244 0.000379 0.000247 0.000338 0.000421 0.000371 0.000504 0.000372 0.000490 0.000557 0.000528 0.000851 0.000957 0.000853 0.001278 0.001135 0.000891 0.001054 0.001283 0.001638 0.001668 0.001193 0.001457 0.001156 0.001434 0.001061 0.001267 0.001283 0.001384 0.001198 0.001279 0.001254 0.001164 0.001291 0.001219 0.001586 0.001628 0.001896 0.002122 0.002476 0.002466 0.003012 0.003454 0.004449 0.003672
0.000308 0.000320 0.000228 0.000398 0.000334 0.001179 0.000181 0.000287 0.000317 0.000266 0.000299 0.000296 0.000414 0.000301 0.000257 0.000317 0.000430 0.000323 0.000392 0.000299 0.000456 0.000301 0.000418 0.000517 0.000392 0.000494 0.000392 0.000508 0.000639 0.000603 0.000617 0.000952 0.000776 0.001178 0.001280 0.000985 0.001088 0.001189 0.001707 0.001825 0.001317 0.001499 0.001326 0.001408 0.001209 0.001418 0.001392 0.001483 0.001421 0.001408 0.001499 0.001380 0.001415 0.001441 0.001682 0.001952 0.002083 0.002575 0.002822 0.002705 0.003243 0.003775 0.004806 0.004362
0.000493 0.000515 0.000355 0.000614 0.000495 0.001953 0.000254 0.000450 0.000511 0.000442 0.000450 0.000416 0.000703 0.000438 0.000380 0.000491 0.000771 0.000621 0.000553 0.000456 0.000737 0.000453 0.000630 0.000823 0.000658 0.000802 0.000647 0.000818 0.001093 0.001107 0.001179 0.001563 0.001193 0.001958 0.001714 0.001357 0.001391 0.001943 0.002329 0.002552 0.001886 0.001816 0.001601 0.001844 0.001592 0.001702 0.001719 0.001804 0.001640 0.001666 0.001774 0.001688 0.001765 0.001799 0.002377 0.002518 0.002437 0.003054 0.003652 0.003593 0.004408 0.004660 0.007374 0.005713
