# mean(lg_P) also median/mode
3.023964 2.962121 2.916958 2.947277 2.902072 2.869419 2.802759 2.734354 2.739998 2.713243 2.688304 2.617856 2.587886 2.597333 2.562740 2.515941 2.492338 2.457976 2.434994 2.380615 2.388358 2.333760 2.334141 2.289132 2.264568 2.248283 2.226860 2.202357 2.181952 2.148516 2.115695 2.108223 2.075854 2.042126 2.022841 1.992342 1.962012 1.936649 1.893969 1.859494 1.813888 1.795881 1.755850 1.735676 1.697018 1.639951 1.593947 1.560602 1.520210 1.477153 1.443494 1.402696 1.351960 1.307705 1.259282 1.207781 1.162345 1.113765 1.057744 1.011348 0.962571 0.910445 0.867444 0.785587
2.805544 2.756263 2.728994 2.724122 2.670259 2.648636 2.576206 2.512295 2.501553 2.469105 2.439882 2.373008 2.363169 2.353298 2.286355 2.266001 2.237165 2.188109 2.161591 2.110087 2.117397 2.056171 2.056564 2.016481 2.006843 1.953658 1.953713 1.927473 1.903915 1.856037 1.845832 1.820223 1.788591 1.774761 1.731612 1.725442 1.679992 1.673264 1.643034 1.622153 1.588537 1.557225 1.521976 1.475755 1.444366 1.417525 1.392307 1.339485 1.302881 1.267372 1.211615 1.176538 1.143055 1.096915 1.057745 1.010565 0.970341 0.922143 0.878745 0.841503 0.798069 0.752924 0.702142 0.656086
3.254889 3.189438 3.131642 3.190495 3.140816 3.095991 3.020350 2.971560 2.988725 2.956106 2.951539 2.915080 2.848659 2.847663 2.862175 2.778705 2.789859 2.762502 2.740198 2.698533 2.697527 2.662316 2.637206 2.633963 2.611700 2.587748 2.583519 2.525468 2.510045 2.483995 2.433749 2.441995 2.403982 2.359108 2.355587 2.305657 2.284159 2.256484 2.204877 2.156657 2.115918 2.108612 2.065795 2.050477 2.022693 1.950479 1.901836 1.886967 1.842591 1.788045 1.750132 1.694647 1.637148 1.584761 1.534193 1.481492 1.432199 1.372420 1.327311 1.277713 1.247320 1.178038 1.130676 1.085837
3.269004 3.194608 3.140851 3.195066 3.151431 3.107581 3.043023 2.979648 3.005793 2.995042 2.974731 2.932305 2.855008 2.868739 2.912114 2.820063 2.811236 2.791396 2.771816 2.738365 2.733770 2.719274 2.676088 2.664905 2.652473 2.621844 2.615992 2.569384 2.554154 2.536211 2.493180 2.489740 2.456833 2.414507 2.393421 2.330667 2.314517 2.282623 2.239573 2.187924 2.142040 2.147369 2.103957 2.062365 2.009871 1.968834 1.926960 1.870550 1.811131 1.754270 1.710784 1.653553 1.613616 1.563088 1.513982 1.456007 1.400093 1.346695 1.298547 1.250145 1.191829 1.145911 1.100482 1.014094
3.084150 3.018469 2.976806 2.999125 2.953574 2.937408 2.859814 2.797967 2.807000 2.798049 2.769631 2.709049 2.660612 2.675745 2.682840 2.627478 2.589712 2.567690 2.541579 2.493793 2.504510 2.471790 2.469798 2.412212 2.387971 2.356318 2.341983 2.316237 2.295939 2.290252 2.249741 2.240716 2.213830 2.166237 2.147944 2.103243 2.083758 2.048455 2.001903 1.970697 1.919363 1.907107 1.872036 1.847178 1.798910 1.736203 1.691083 1.653698 1.617652 1.566673 1.542551 1.488264 1.443852 1.389110 1.346709 1.293648 1.238688 1.182862 1.134705 1.085286 1.047702 0.980853 0.936532 0.881540
3.092064 3.029899 2.987619 3.001901 2.966755 2.943256 2.874116 2.812710 2.816637 2.793979 2.775212 2.712951 2.673194 2.687484 2.673995 2.622541 2.595588 2.561750 2.538415 2.486260 2.501933 2.461463 2.457232 2.410637 2.384292 2.367406 2.347461 2.312800 2.292269 2.280593 2.248131 2.236526 2.210278 2.161800 2.149738 2.102410 2.090339 2.052692 2.003768 1.968180 1.923940 1.899949 1.873172 1.847309 1.810190 1.748950 1.709492 1.676482 1.649563 1.607924 1.576131 1.532935 1.484388 1.434417 1.388199 1.338588 1.287239 1.232984 1.184511 1.140513 1.101720 1.046175 0.999883 0.942611
3.118412 3.056831 3.018374 3.038850 2.994345 2.974696 2.897031 2.842298 2.846028 2.829161 2.805948 2.745523 2.704264 2.717997 2.709192 2.651763 2.629139 2.604262 2.575561 2.525800 2.539598 2.499192 2.498193 2.441763 2.419541 2.393634 2.383948 2.350141 2.335773 2.310946 2.284289 2.264685 2.235504 2.197756 2.173678 2.133726 2.112807 2.075913 2.028230 1.993249 1.945345 1.930800 1.894115 1.865448 1.828174 1.770622 1.727913 1.690513 1.648367 1.604781 1.571023 1.525654 1.477038 1.427160 1.381610 1.328020 1.280599 1.228340 1.174764 1.127421 1.096114 1.027006 0.973933 0.928186
3.226223 3.158874 3.109274 3.151292 3.107823 3.074324 2.994760 2.950670 2.959997 2.931442 2.926343 2.882712 2.827370 2.830350 2.849162 2.771574 2.769483 2.746845 2.724707 2.677000 2.685286 2.654820 2.627962 2.597596 2.595892 2.555686 2.550929 2.506308 2.493859 2.468532 2.427672 2.422764 2.393477 2.339935 2.332226 2.295190 2.259606 2.236501 2.205294 2.174370 2.130775 2.107654 2.066849 2.034639 2.002856 1.964350 1.922182 1.880305 1.832076 1.787486 1.727831 1.680680 1.631780 1.586871 1.540755 1.490253 1.443715 1.390276 1.338877 1.296909 1.253931 1.194755 1.141292 1.104221
3.373563 3.307441 3.264031 3.305088 3.258809 3.214087 3.144717 3.097822 3.118456 3.098294 3.095551 3.064460 3.008949 2.997137 3.006289 2.956399 2.946545 2.941191 2.914400 2.858427 2.860920 2.830758 2.829646 2.770434 2.779299 2.748171 2.760610 2.707795 2.672087 2.641674 2.616545 2.577006 2.545795 2.525583 2.486666 2.408356 2.405992 2.362244 2.309217 2.262689 2.216366 2.209477 2.175037 2.147058 2.108017 2.061803 2.026416 1.999885 1.943366 1.891542 1.864989 1.814353 1.769465 1.725490 1.674853 1.625168 1.573614 1.532666 1.476440 1.424932 1.369324 1.320291 1.265052 1.185487
3.407760 3.338836 3.294620 3.329609 3.294701 3.251293 3.178784 3.132950 3.158078 3.133221 3.139995 3.100013 3.043674 3.035850 3.062088 2.995677 2.993080 2.988554 2.961176 2.908936 2.912031 2.896267 2.886717 2.833055 2.824110 2.791021 2.787997 2.747223 2.714773 2.691564 2.668569 2.636394 2.600967 2.566003 2.538575 2.475242 2.450300 2.403482 2.368368 2.330658 2.300921 2.262815 2.221686 2.170824 2.127152 2.077739 2.041631 1.999285 1.944211 1.896364 1.849782 1.806505 1.759493 1.723503 1.673806 1.625289 1.578495 1.538896 1.487883 1.435377 1.376612 1.329418 1.273777 1.198141
