# mode(P)
340.498335 314.010363 314.258646 286.590095 241.567418 226.232559 203.486092 167.313136 162.837703 141.695784 136.259278 122.621109 115.089974 108.786309 87.266775 85.152955 81.868516 70.125221 65.415681 61.855394 57.570723 51.429528 49.301864 47.558164 43.541273 38.492494 36.009875 33.525900 32.799956 28.572212 27.083441 25.124712 23.208077 21.565970 19.658179 18.810478 17.102000 16.052955 15.116159 14.092525 12.894182 11.946339 10.994435 10.351192 9.736651 8.943649 8.217518 7.592144 7.037667 6.530837 5.924038 5.435417 4.879562 4.432823 4.075175 3.664588 3.275005 2.914247 2.643523 2.347584 2.113285 1.863180 1.713161 1.490089
238.742834 223.241505 224.149467 201.038571 164.641626 153.766297 138.395903 113.771215 109.374550 94.359538 91.243801 83.074997 74.994395 70.257867 56.596979 55.709247 51.756741 45.041556 41.925857 39.747154 35.369532 32.483471 30.209003 28.755326 26.479249 23.040305 21.370725 19.745770 18.380013 15.971624 15.436700 14.439064 13.451772 11.699448 11.256786 10.517026 9.743629 9.011977 8.357730 7.754679 7.340067 6.710523 6.321551 5.850199 5.529517 5.064994 4.697977 4.434884 4.108129 3.725168 3.490421 3.206758 2.968084 2.712100 2.500466 2.208456 2.005168 1.810225 1.610595 1.491090 1.343318 1.203190 1.033157 0.961741
558.438432 508.166406 503.834567 465.613275 407.480434 396.127280 343.055778 290.534398 282.987239 252.252659 243.082382 214.193959 208.163282 201.687463 164.288440 159.316043 154.020993 134.083902 126.561716 116.741829 114.539844 99.716924 97.212877 93.504118 87.942781 79.785359 77.077786 71.835176 70.849230 62.847264 59.929931 58.476332 53.669002 50.984580 47.754218 45.011155 42.181542 39.205297 37.255687 35.156218 30.594156 29.392730 25.586697 24.655920 21.948032 20.482217 18.742931 16.506141 14.821878 14.217082 12.369171 11.257803 10.136433 9.154111 8.240459 7.464276 6.627222 5.927532 5.454674 4.774526 4.305592 3.897466 3.619735 3.077569
521.438335 474.973012 472.727666 437.210905 379.485533 349.916880 322.342948 270.975217 264.008029 233.042052 222.823506 196.384174 189.904475 184.160609 150.018961 145.159030 138.353508 120.117336 112.724317 105.239640 101.671881 90.067805 88.924655 87.353863 82.455942 73.567296 70.855061 65.745684 66.245826 56.541486 55.314999 53.134157 49.119874 46.735521 41.644764 39.874772 37.188696 34.207055 31.842277 29.289518 27.053073 24.791035 23.001574 21.188247 19.961473 17.690251 16.200699 14.751165 13.591454 12.305147 11.245736 10.339707 9.213845 8.627846 7.984370 6.990991 5.937164 5.235609 4.657699 4.177531 3.727607 3.329674 2.948523 2.565889
365.955505 342.248656 344.873523 309.758154 256.898942 246.434945 222.226029 185.588288 179.747035 154.741294 150.362984 137.286352 127.311749 120.511436 97.426175 96.263943 91.682416 78.529682 73.582002 69.611468 64.880037 58.485588 55.897106 54.963757 51.428894 45.215186 42.590233 39.783089 40.047248 34.930109 33.388847 31.309446 28.505808 26.780591 24.117239 22.804414 21.315130 19.556476 18.001655 16.713587 15.585733 14.514715 13.567523 12.715018 11.885179 10.845134 10.044807 9.014334 8.566787 7.848330 7.193730 6.535721 5.945583 5.498863 5.053185 4.445005 3.891025 3.408291 3.100153 2.711686 2.416525 2.207978 2.003972 1.713834
408.510420 379.088320 380.822666 341.570306 291.462944 278.873561 248.562991 208.974052 203.059111 173.956527 171.388836 155.865409 146.350974 138.433218 110.870221 109.941893 106.104284 90.676249 85.034593 80.682175 76.790993 68.803974 65.955206 64.731464 59.803321 53.253920 50.525225 47.149462 46.182817 41.050880 39.425484 37.230191 34.288102 31.320460 29.202898 27.603531 25.749891 24.186007 22.410527 21.260793 19.259225 18.140997 16.576016 15.622943 14.345162 13.319209 12.282000 11.036878 10.381551 9.678671 8.825672 8.019632 7.234342 6.549434 5.947953 5.314469 4.752416 4.245717 3.894347 3.428237 3.071631 2.787874 2.508833 2.223565
392.564671 370.022302 373.873230 336.004239 279.859371 272.453570 241.228123 202.205575 195.897040 168.680003 165.590615 151.420421 141.788726 133.665915 107.111391 106.284512 101.864347 87.688540 81.898302 77.696296 73.162173 65.721335 62.789541 61.196995 56.858581 50.677439 47.504512 44.453234 44.382576 39.294326 37.026930 34.983999 32.137860 29.568487 27.523645 25.928872 23.962938 22.286571 20.853573 19.388984 18.134167 16.662555 15.612115 14.327514 13.563746 12.404101 11.474539 10.566813 9.836842 9.071971 8.199362 7.428930 6.715874 6.107928 5.558230 5.019379 4.455886 3.873525 3.553527 3.094466 2.734724 2.450046 2.268110 1.954290
514.175412 471.248186 477.876895 436.417285 371.905908 358.969768 319.446582 272.505248 262.721365 230.909351 226.267278 202.406051 195.118429 187.120073 151.518651 148.617832 142.600445 123.736434 115.991926 109.353696 105.066661 93.336119 90.179285 87.421247 82.844948 75.678907 71.306166 67.229489 67.947880 58.895282 57.226829 54.788733 50.614996 47.953023 44.658129 42.257820 39.559711 36.870999 34.613678 32.795182 30.156237 27.515000 25.935379 23.548784 22.321488 19.899545 18.366039 17.436702 15.800270 13.996664 13.054203 11.717534 10.549833 9.650265 8.747177 7.811755 6.892752 6.078070 5.433823 4.882697 4.299726 3.825102 3.534324 3.035057
667.831434 608.485303 606.818222 561.406757 497.549312 476.933312 426.913113 364.695264 353.358414 315.303703 309.469942 274.996139 266.608954 258.132736 214.962987 208.843199 202.280965 175.780497 165.494846 151.241636 151.228090 133.036248 131.342144 126.161577 118.887078 110.064516 106.036064 99.151023 95.087530 85.463996 83.460031 77.864359 74.619507 67.654220 65.991519 62.140417 58.128130 53.963857 50.056872 47.546843 42.924986 40.203715 36.095944 33.941459 30.443022 27.971731 25.649583 23.489059 20.580826 18.928041 17.145940 15.299686 13.808110 12.396385 11.295526 10.248145 9.016994 7.909422 6.901410 6.262779 5.554222 5.018599 4.430910 3.944164
689.566255 635.510844 641.802055 588.449399 515.253123 498.853027 450.854931 385.719142 373.635456 329.011203 325.317346 293.520940 284.094216 275.376465 224.144185 221.896321 216.293485 186.044331 174.634288 162.333670 163.541578 141.414878 140.267792 138.160234 131.070698 121.230139 116.970018 108.908815 106.358378 95.674488 92.879160 88.082454 84.119838 77.660419 74.183304 70.326477 66.301001 61.419004 56.286294 52.559931 47.956122 44.321098 40.798720 37.106140 34.592086 30.819921 28.226266 24.777711 22.436328 20.588986 18.505675 16.660373 15.073666 13.620650 12.548831 11.094549 9.895506 8.505089 7.655893 6.828881 6.072353 5.626082 5.067752 4.347093
