# var(lg_P)
0.000257 0.000292 0.000114 0.000591 0.000308 0.000347 0.000243 0.000307 0.000359 0.000289 0.000347 0.000471 0.000345 0.000264 0.000682 0.000464 0.000535 0.000720 0.000522 0.000636 0.000788 0.000927 0.001127 0.001291 0.001023 0.001220 0.000753 0.000777 0.000965 0.001388 0.001498 0.001358 0.001410 0.001362 0.001506 0.001313 0.001475 0.001083 0.001429 0.001880 0.002287 0.001513 0.001583 0.001321 0.001374 0.001311 0.000984 0.001676 0.001455 0.001800 0.002532 0.002535 0.003074 0.002793 0.002651 0.002961 0.003250 0.003511 0.003259 0.003511 0.003837 0.003972 0.003721 0.003191
0.000320 0.000312 0.000160 0.000628 0.000323 0.000401 0.000251 0.000349 0.000365 0.000309 0.000357 0.000489 0.000356 0.000287 0.000856 0.000455 0.000485 0.000547 0.000547 0.000656 0.000875 0.000825 0.000882 0.001199 0.000588 0.001167 0.000817 0.000651 0.000859 0.001519 0.001133 0.001663 0.001781 0.001032 0.001508 0.001155 0.001801 0.001210 0.001683 0.001827 0.002370 0.001748 0.001953 0.002160 0.001958 0.001637 0.001320 0.001859 0.002162 0.001976 0.002925 0.003439 0.003518 0.003328 0.003572 0.004421 0.004010 0.004127 0.004244 0.004048 0.005094 0.004958 0.005849 0.004886
0.000288 0.000315 0.000279 0.000651 0.000302 0.000357 0.000321 0.000354 0.000374 0.000467 0.000454 0.000581 0.000413 0.000301 0.000913 0.000548 0.000627 0.000634 0.000568 0.000921 0.000738 0.001084 0.000859 0.001391 0.001284 0.001192 0.001223 0.001125 0.001347 0.001518 0.001882 0.001816 0.001809 0.002186 0.001902 0.002095 0.001799 0.001597 0.002118 0.001684 0.002614 0.002189 0.002369 0.002563 0.002718 0.001642 0.001517 0.002574 0.002401 0.002215 0.002461 0.002379 0.002256 0.002278 0.002225 0.002484 0.002634 0.002553 0.002312 0.002264 0.002709 0.002574 0.002484 0.003576
0.000445 0.000485 0.000477 0.001095 0.000487 0.000531 0.000454 0.000507 0.000557 0.000810 0.000625 0.000701 0.000538 0.000433 0.001171 0.000710 0.000786 0.000874 0.000657 0.001217 0.001146 0.001393 0.001271 0.001804 0.001586 0.001461 0.001698 0.001678 0.001775 0.002000 0.002567 0.002291 0.002314 0.002641 0.002705 0.002513 0.002442 0.002171 0.002947 0.002983 0.003151 0.002418 0.002550 0.003171 0.002754 0.002342 0.001850 0.002849 0.002748 0.002921 0.002823 0.002433 0.002762 0.002874 0.002479 0.002732 0.002805 0.002880 0.003075 0.003027 0.003343 0.003406 0.003556 0.004504
0.000306 0.000331 0.000279 0.000743 0.000381 0.000409 0.000292 0.000356 0.000366 0.000443 0.000424 0.000582 0.000410 0.000358 0.000879 0.000871 0.000650 0.000911 0.000630 0.000860 0.000800 0.001112 0.001305 0.001495 0.001401 0.001319 0.001125 0.001016 0.001442 0.001696 0.002587 0.001840 0.001771 0.002838 0.001864 0.001668 0.001746 0.001664 0.001825 0.002114 0.002477 0.002010 0.002350 0.002433 0.002355 0.002324 0.002457 0.002678 0.002754 0.002797 0.002525 0.002907 0.002666 0.002731 0.002710 0.002814 0.002837 0.003182 0.003351 0.003257 0.003404 0.003352 0.003510 0.003790
0.000411 0.000458 0.000302 0.000878 0.000428 0.000476 0.000362 0.000474 0.000504 0.000509 0.000520 0.000655 0.000455 0.000415 0.000923 0.001026 0.000746 0.001038 0.000686 0.000992 0.000907 0.001171 0.001397 0.001612 0.001545 0.001608 0.001264 0.001229 0.001756 0.001757 0.002559 0.001708 0.002029 0.002880 0.002001 0.001675 0.002115 0.001504 0.002083 0.002184 0.002874 0.001944 0.002074 0.002336 0.002590 0.002294 0.002553 0.002691 0.002830 0.002921 0.002986 0.002646 0.002584 0.002582 0.002593 0.002912 0.002917 0.002859 0.003207 0.003136 0.003463 0.002881 0.003440 0.004271
0.000243 0.000288 0.000180 0.000605 0.000264 0.000293 0.000237 0.000283 0.000300 0.000337 0.000359 0.000499 0.000306 0.000279 0.000739 0.000691 0.000506 0.000652 0.000522 0.000685 0.000665 0.000901 0.001063 0.001255 0.001224 0.001115 0.000915 0.000923 0.001283 0.001358 0.001883 0.001387 0.001582 0.002124 0.001712 0.001413 0.001675 0.001501 0.001616 0.002188 0.001978 0.001942 0.002334 0.002295 0.002213 0.002779 0.002312 0.002442 0.002485 0.002744 0.002227 0.002357 0.002480 0.002483 0.002347 0.002516 0.002508 0.002794 0.002937 0.002664 0.003233 0.002686 0.002758 0.004205
0.000272 0.000326 0.000273 0.000643 0.000284 0.000343 0.000242 0.000295 0.000322 0.000268 0.000340 0.000494 0.000354 0.000269 0.000689 0.000451 0.000542 0.000643 0.000559 0.000829 0.000812 0.000931 0.000703 0.001280 0.001524 0.001231 0.001099 0.001054 0.001316 0.001312 0.001819 0.001585 0.001681 0.002333 0.001689 0.001993 0.001659 0.001705 0.002086 0.002159 0.002409 0.002162 0.002449 0.002599 0.002425 0.001577 0.001489 0.002108 0.002047 0.002439 0.002428 0.002270 0.002325 0.002262 0.002193 0.002006 0.002065 0.002526 0.002362 0.002351 0.002661 0.002520 0.002384 0.002956
0.000274 0.000262 0.000285 0.000637 0.000269 0.000353 0.000322 0.000325 0.000387 0.000228 0.000420 0.000591 0.000390 0.000288 0.000816 0.000369 0.000619 0.000514 0.000527 0.000802 0.000826 0.001029 0.001237 0.001585 0.001409 0.001359 0.001015 0.001190 0.001203 0.001536 0.001676 0.001642 0.001647 0.001797 0.001930 0.001973 0.001804 0.001475 0.002163 0.002494 0.002967 0.002194 0.002392 0.002487 0.002451 0.001623 0.001612 0.003023 0.002726 0.002032 0.002337 0.001970 0.002140 0.002060 0.002178 0.002283 0.002423 0.002479 0.002571 0.002551 0.003075 0.002922 0.003047 0.004408
0.000441 0.000498 0.000377 0.001014 0.000411 0.000578 0.000458 0.000493 0.000612 0.000466 0.000589 0.000734 0.000576 0.000422 0.001496 0.000709 0.000934 0.000952 0.000952 0.001327 0.001264 0.001548 0.001628 0.001935 0.001579 0.001711 0.001320 0.001654 0.001761 0.002250 0.002558 0.002304 0.002488 0.002385 0.002637 0.002874 0.002231 0.002181 0.002946 0.003445 0.004153 0.002613 0.003160 0.003385 0.003558 0.002102 0.002200 0.003846 0.003768 0.002689 0.003008 0.002377 0.002354 0.002573 0.002644 0.003073 0.002526 0.002962 0.003002 0.002965 0.003453 0.003114 0.003796 0.005581
