# var(lg_P)
0.000264 0.000326 0.000148 0.000548 0.000259 0.000447 0.000236 0.000256 0.000287 0.000293 0.000334 0.000308 0.000360 0.000202 0.000565 0.000450 0.000381 0.000570 0.000437 0.000507 0.000480 0.000709 0.000876 0.001021 0.000658 0.000384 0.000740 0.000586 0.000630 0.000700 0.000744 0.000853 0.000604 0.000703 0.000857 0.000914 0.001277 0.001114 0.001093 0.001684 0.001166 0.001374 0.001421 0.001692 0.001916 0.001859 0.001484 0.001279 0.001275 0.002847 0.003004 0.002716 0.003130 0.002363 0.002270 0.002211 0.002543 0.002496 0.002934 0.004434 0.004034 0.005227 0.004434 0.003727
0.000326 0.000340 0.000170 0.000609 0.000342 0.000513 0.000232 0.000327 0.000360 0.000382 0.000351 0.000343 0.000383 0.000228 0.000607 0.000493 0.000435 0.000554 0.000395 0.000351 0.000567 0.000680 0.000924 0.000994 0.000483 0.000347 0.000772 0.000608 0.000686 0.000779 0.000957 0.001039 0.000615 0.000908 0.000840 0.001063 0.001550 0.001366 0.001480 0.001876 0.001681 0.001675 0.001775 0.002084 0.001976 0.001585 0.001624 0.001803 0.002448 0.002881 0.003193 0.003339 0.003182 0.002664 0.002099 0.002253 0.002475 0.002721 0.003157 0.004161 0.004869 0.005088 0.005104 0.005324
0.000289 0.000367 0.000190 0.000582 0.000314 0.000464 0.000314 0.000303 0.000373 0.000378 0.000398 0.000451 0.000425 0.000247 0.000648 0.000531 0.000459 0.000644 0.000478 0.000699 0.000685 0.000851 0.000799 0.001039 0.000947 0.000514 0.000856 0.000656 0.000747 0.000754 0.000893 0.001060 0.000549 0.000878 0.000704 0.000787 0.001522 0.001151 0.000960 0.001950 0.001428 0.001345 0.001401 0.001505 0.001738 0.001689 0.001442 0.001532 0.001542 0.002957 0.002919 0.002865 0.002800 0.002057 0.001959 0.002170 0.002158 0.002336 0.002549 0.004441 0.004214 0.004981 0.005118 0.004967
0.000441 0.000603 0.000317 0.001057 0.000486 0.000768 0.000430 0.000473 0.000499 0.000537 0.000558 0.000537 0.000543 0.000377 0.000861 0.000707 0.000747 0.000881 0.000707 0.000966 0.000902 0.001157 0.001006 0.001413 0.001352 0.000659 0.001120 0.000896 0.001053 0.001142 0.001178 0.001384 0.000751 0.001270 0.000885 0.001147 0.001689 0.001742 0.001254 0.002304 0.001933 0.001500 0.001528 0.002226 0.002175 0.002165 0.002090 0.001878 0.002402 0.003080 0.003600 0.003074 0.003309 0.002784 0.002960 0.003271 0.003677 0.003501 0.004060 0.005747 0.006606 0.006918 0.006956 0.005484
0.000310 0.000398 0.000215 0.000725 0.000336 0.000548 0.000289 0.000354 0.000379 0.000416 0.000404 0.000417 0.000443 0.000302 0.000680 0.000540 0.000492 0.000691 0.000782 0.000782 0.000692 0.000785 0.001083 0.001032 0.000703 0.000487 0.000903 0.000809 0.000753 0.000800 0.000928 0.001074 0.001010 0.001140 0.001238 0.001561 0.001564 0.001456 0.001847 0.001951 0.001710 0.001629 0.001939 0.002308 0.002317 0.002384 0.002147 0.003128 0.003332 0.003019 0.003022 0.003306 0.002975 0.002897 0.002833 0.003391 0.003759 0.003988 0.005046 0.005527 0.005239 0.005178 0.006476 0.004473
0.000413 0.000506 0.000252 0.000876 0.000415 0.000645 0.000354 0.000431 0.000479 0.000441 0.000483 0.000516 0.000489 0.000352 0.000706 0.000545 0.000602 0.000811 0.000772 0.000976 0.000876 0.000914 0.001058 0.001322 0.000788 0.000643 0.000983 0.000892 0.000943 0.000924 0.001053 0.001092 0.001149 0.001294 0.001305 0.001509 0.001833 0.001599 0.002160 0.002105 0.001885 0.001746 0.002042 0.002371 0.002698 0.002299 0.002251 0.003699 0.004145 0.003152 0.003452 0.003003 0.003176 0.003285 0.003126 0.003408 0.003804 0.003823 0.004376 0.005106 0.005057 0.006101 0.006196 0.005131
0.000252 0.000338 0.000160 0.000582 0.000312 0.000366 0.000240 0.000270 0.000292 0.000297 0.000329 0.000370 0.000332 0.000217 0.000534 0.000451 0.000422 0.000517 0.000587 0.000670 0.000625 0.000757 0.000774 0.000980 0.000596 0.000418 0.000682 0.000588 0.000656 0.000623 0.000866 0.000895 0.000814 0.000899 0.000789 0.001407 0.001387 0.001218 0.001410 0.001906 0.001645 0.001545 0.001800 0.002230 0.002264 0.002120 0.001972 0.003735 0.003786 0.002609 0.002903 0.002827 0.003197 0.002741 0.002903 0.003008 0.003393 0.003437 0.003898 0.004764 0.005135 0.005257 0.005934 0.004342
0.000277 0.000387 0.000193 0.000667 0.000276 0.000465 0.000241 0.000297 0.000307 0.000297 0.000302 0.000397 0.000361 0.000213 0.000539 0.000398 0.000423 0.000537 0.000436 0.000688 0.000563 0.000696 0.000663 0.000973 0.001012 0.000467 0.000745 0.000654 0.000644 0.000641 0.000871 0.000857 0.000535 0.000860 0.000735 0.000832 0.001433 0.001116 0.000955 0.001762 0.001315 0.001298 0.001449 0.001541 0.001819 0.001654 0.001500 0.001541 0.001400 0.002938 0.003235 0.002773 0.002764 0.002058 0.002127 0.001962 0.002348 0.002554 0.002759 0.004731 0.004137 0.004729 0.004649 0.004351
0.000267 0.000330 0.000205 0.000633 0.000295 0.000486 0.000306 0.000291 0.000351 0.000318 0.000380 0.000438 0.000391 0.000239 0.000543 0.000512 0.000470 0.000667 0.000286 0.000466 0.000695 0.000821 0.000675 0.001179 0.001088 0.000519 0.000775 0.000611 0.000692 0.000721 0.000767 0.000934 0.000453 0.000829 0.000820 0.000694 0.001490 0.001077 0.001016 0.001887 0.001460 0.001511 0.001661 0.001873 0.002038 0.002137 0.002051 0.003305 0.003816 0.003121 0.003532 0.002828 0.003420 0.002197 0.002105 0.001976 0.002084 0.002417 0.002511 0.004573 0.004011 0.004405 0.004804 0.005806
0.000421 0.000558 0.000319 0.000960 0.000449 0.000806 0.000465 0.000471 0.000575 0.000551 0.000538 0.000603 0.000552 0.000366 0.001115 0.000829 0.000754 0.001048 0.000403 0.000851 0.000977 0.001189 0.001009 0.001473 0.001377 0.000819 0.001190 0.000997 0.001018 0.001132 0.001255 0.001386 0.000783 0.001337 0.001367 0.001081 0.002021 0.001942 0.001850 0.002554 0.002260 0.002477 0.002505 0.002599 0.002759 0.002517 0.002258 0.002736 0.003377 0.003446 0.003843 0.003459 0.003447 0.002776 0.003013 0.003164 0.002755 0.003732 0.003993 0.005623 0.005329 0.005412 0.006590 0.006148
