# mean(lg_P) also median/mode
1.931389 1.902252 1.893865 1.842443 1.748729 1.713476 1.670499 1.574600 1.550922 1.484795 1.477679 1.434500 1.362374 1.317993 1.251372 1.231044 1.179813 1.134886 1.082578 1.041419 0.957535 0.941316 0.884432 0.822065 0.786797 0.719421 0.677187 0.641301 0.595712 0.542254 0.495576 0.442469 0.386921 0.335422 0.300796 0.253617 0.211453 0.163908 0.118629 0.074619 0.031299 -0.008979 -0.056961 -0.084951 -0.127396 -0.171782 -0.223658 -0.249247 -0.299075 -0.339738 -0.380657 -0.419619 -0.460935 -0.491893 -0.526156 -0.570058 -0.612231 -0.643037 -0.685742 -0.719960 -0.747175 -0.783175 -0.827657 -0.852871
1.852840 1.828095 1.815607 1.760274 1.665360 1.628936 1.583262 1.491924 1.461917 1.396698 1.386969 1.341424 1.269152 1.220996 1.158609 1.138345 1.079369 1.029277 0.979001 0.938938 0.852308 0.836728 0.772469 0.711609 0.677784 0.604734 0.564552 0.525952 0.477884 0.422256 0.374288 0.322265 0.263742 0.211099 0.171222 0.122983 0.080946 0.028250 -0.020522 -0.070469 -0.110030 -0.159749 -0.207554 -0.241413 -0.284687 -0.333598 -0.382716 -0.418405 -0.460120 -0.501631 -0.545967 -0.592040 -0.632684 -0.677822 -0.705260 -0.751689 -0.797782 -0.839364 -0.876873 -0.916293 -0.947462 -0.990812 -1.025521 -1.064559
2.151021 2.126997 2.124338 2.072171 1.975970 1.952659 1.908761 1.817841 1.799319 1.731999 1.728662 1.688535 1.620025 1.584756 1.514871 1.497441 1.459501 1.409895 1.372355 1.345405 1.258386 1.247763 1.196514 1.149289 1.119096 1.057743 1.014861 0.982139 0.949447 0.903660 0.865540 0.835430 0.789344 0.745950 0.721164 0.678164 0.649748 0.610009 0.583984 0.552558 0.510166 0.483885 0.458232 0.422513 0.350998 0.312432 0.269234 0.245502 0.200649 0.172770 0.130667 0.095871 0.060908 0.051928 -0.000159 -0.045889 -0.082055 -0.104489 -0.159392 -0.198313 -0.223645 -0.282963 -0.297361 -0.356115
2.099262 2.068306 2.070936 2.019829 1.922076 1.889187 1.852626 1.759335 1.740288 1.673439 1.665677 1.623406 1.555392 1.517567 1.446950 1.429257 1.387466 1.338159 1.298171 1.263936 1.179972 1.167780 1.114521 1.062911 1.032040 0.968145 0.923283 0.894398 0.857766 0.813043 0.776000 0.740051 0.684355 0.647888 0.608853 0.564545 0.536807 0.495058 0.457165 0.417822 0.376382 0.343925 0.311133 0.282639 0.235820 0.187330 0.158964 0.117126 0.077293 0.057786 0.024427 -0.013363 -0.049716 -0.078894 -0.099247 -0.143032 -0.185574 -0.217815 -0.247930 -0.281133 -0.327940 -0.358652 -0.408585 -0.440156
1.971118 1.946679 1.942060 1.885621 1.787070 1.761419 1.716475 1.625226 1.602053 1.535615 1.528384 1.488665 1.416525 1.372890 1.312717 1.293502 1.241872 1.192948 1.149681 1.110682 1.029526 1.017012 0.954320 0.899388 0.867765 0.799223 0.758914 0.727164 0.683881 0.636267 0.593249 0.549699 0.493461 0.449379 0.409690 0.365043 0.332456 0.282321 0.241229 0.201254 0.156694 0.125575 0.085490 0.054134 -0.001714 -0.051694 -0.086122 -0.126953 -0.164669 -0.190451 -0.227530 -0.267279 -0.305022 -0.334610 -0.361780 -0.400488 -0.443811 -0.481216 -0.511913 -0.548882 -0.588154 -0.622132 -0.664866 -0.701229
2.067073 2.044526 2.039602 1.982563 1.887248 1.864231 1.817019 1.727886 1.707596 1.634209 1.635373 1.593173 1.521354 1.486492 1.419312 1.401296 1.355735 1.306632 1.264832 1.231947 1.149903 1.138828 1.079560 1.027752 0.998113 0.932637 0.891354 0.860137 0.820614 0.774956 0.735216 0.692617 0.641481 0.593996 0.565053 0.519245 0.488919 0.448481 0.410492 0.376241 0.328543 0.300196 0.272389 0.235622 0.179061 0.134806 0.080747 0.066675 0.018673 -0.017192 -0.057204 -0.092506 -0.128692 -0.142836 -0.178745 -0.226892 -0.274522 -0.295373 -0.342864 -0.388139 -0.412241 -0.455461 -0.473043 -0.522336
2.003819 1.983101 1.980456 1.923055 1.823500 1.803207 1.756383 1.665608 1.642751 1.574934 1.572399 1.532442 1.459982 1.420705 1.357893 1.339090 1.289663 1.241325 1.195988 1.160545 1.078102 1.067299 1.006500 0.953248 0.921311 0.854555 0.812824 0.780687 0.737628 0.691588 0.646914 0.604032 0.550153 0.503310 0.469384 0.427063 0.390763 0.344604 0.303979 0.266405 0.222405 0.192426 0.155958 0.122491 0.072933 0.028181 -0.014007 -0.039808 -0.083143 -0.111592 -0.150822 -0.191719 -0.230283 -0.257506 -0.287563 -0.324889 -0.368045 -0.404641 -0.433805 -0.473745 -0.514787 -0.545989 -0.587082 -0.614497
2.125085 2.095520 2.104080 2.050915 1.949156 1.927530 1.886290 1.800683 1.776151 1.709924 1.709549 1.668108 1.600955 1.565946 1.499973 1.482151 1.440934 1.392582 1.352883 1.323253 1.241044 1.233547 1.177822 1.131109 1.101229 1.039227 0.995716 0.970044 0.933522 0.888997 0.854816 0.821817 0.774484 0.731616 0.704311 0.664189 0.631213 0.593618 0.561292 0.528711 0.485312 0.455486 0.419501 0.391645 0.351837 0.314232 0.287873 0.245301 0.214672 0.189503 0.168594 0.124451 0.090714 0.057155 0.027483 -0.005371 -0.037062 -0.082011 -0.112398 -0.146185 -0.198825 -0.229286 -0.282847 -0.304897
2.218699 2.199774 2.204003 2.156627 2.060224 2.038580 2.000754 1.912908 1.893938 1.825819 1.827855 1.789973 1.724081 1.691251 1.626416 1.612145 1.575232 1.523416 1.493149 1.468422 1.388068 1.381329 1.327773 1.291037 1.260953 1.203724 1.158167 1.135413 1.105497 1.060255 1.030505 1.004048 0.963854 0.924106 0.902252 0.864841 0.838217 0.804731 0.781315 0.757245 0.725497 0.695739 0.666612 0.630025 0.575082 0.532998 0.495067 0.465349 0.449648 0.403282 0.374741 0.331809 0.301424 0.282611 0.230697 0.200243 0.151042 0.130235 0.072400 0.036683 0.004275 -0.058115 -0.084762 -0.131718
2.238576 2.219848 2.230182 2.180164 2.081605 2.064589 2.026073 1.937746 1.920157 1.851945 1.857053 1.820096 1.750516 1.724546 1.658478 1.645880 1.609840 1.557708 1.527028 1.502620 1.426379 1.418710 1.363117 1.329316 1.302844 1.243083 1.202531 1.178885 1.149880 1.110387 1.084464 1.057255 1.013564 0.980235 0.956463 0.919292 0.896071 0.864561 0.839150 0.818167 0.787493 0.758781 0.729394 0.694794 0.646034 0.608114 0.579176 0.548892 0.531652 0.492616 0.458707 0.431497 0.405226 0.377328 0.340215 0.295914 0.257083 0.232600 0.175235 0.134455 0.095317 0.041675 -0.001889 -0.042714
