# var(lg_P)
0.000626 0.000364 0.000313 0.000246 0.000235 0.000336 0.000145 0.000602 0.000325 0.000246 0.000255 0.000206 0.000195 0.000374 0.000238 0.000224 0.000219 0.000217 0.000216 0.000304 0.000275 0.000261 0.000238 0.000255 0.000274 0.000269 0.000222 0.000237 0.000244 0.000262 0.000341 0.000412 0.000401 0.000465 0.000358 0.000456 0.000536 0.000592 0.000637 0.000808 0.000672 0.000856 0.001154 0.000614 0.000301 0.000390 0.000999 0.000886 0.000868 0.000984 0.001479 0.001508 0.001618 0.002099 0.001559 0.001812 0.002298 0.002786 0.002627 0.002741 0.002803 0.002768 0.003113 0.002968
0.000852 0.000404 0.000358 0.000282 0.000310 0.000414 0.000143 0.000676 0.000379 0.000307 0.000258 0.000217 0.000207 0.000433 0.000256 0.000266 0.000237 0.000232 0.000261 0.000335 0.000296 0.000244 0.000256 0.000271 0.000278 0.000273 0.000273 0.000283 0.000265 0.000302 0.000319 0.000492 0.000417 0.000512 0.000390 0.000481 0.000595 0.000643 0.000689 0.000722 0.000669 0.000834 0.001193 0.000650 0.000360 0.000399 0.001105 0.000856 0.000996 0.001095 0.001423 0.001637 0.001850 0.001917 0.001749 0.002019 0.002249 0.003024 0.002713 0.002715 0.003144 0.002863 0.003168 0.003229
0.000745 0.000392 0.000337 0.000288 0.000282 0.000412 0.000168 0.000737 0.000398 0.000302 0.000318 0.000257 0.000241 0.000453 0.000279 0.000270 0.000245 0.000246 0.000273 0.000342 0.000310 0.000255 0.000303 0.000307 0.000288 0.000309 0.000276 0.000289 0.000319 0.000297 0.000316 0.000508 0.000405 0.000558 0.000438 0.000523 0.000624 0.000662 0.000801 0.000713 0.000771 0.001040 0.001249 0.000653 0.000431 0.000503 0.001034 0.000961 0.001130 0.001206 0.001562 0.001637 0.001850 0.002367 0.001966 0.002380 0.002544 0.002802 0.003018 0.002837 0.003011 0.003353 0.002868 0.003492
0.001183 0.000670 0.000677 0.000520 0.000446 0.000714 0.000232 0.001083 0.000563 0.000464 0.000493 0.000334 0.000357 0.000642 0.000419 0.000424 0.000441 0.000370 0.000429 0.000571 0.000447 0.000358 0.000439 0.000389 0.000462 0.000403 0.000413 0.000410 0.000448 0.000475 0.000468 0.000620 0.000576 0.000626 0.000583 0.000623 0.000730 0.000805 0.000964 0.001113 0.000865 0.001088 0.001216 0.000930 0.000642 0.000708 0.001405 0.001498 0.001423 0.001622 0.002330 0.001887 0.002250 0.002769 0.002582 0.003236 0.003089 0.003359 0.003773 0.003951 0.004029 0.003974 0.004253 0.004829
0.000762 0.000439 0.000398 0.000329 0.000307 0.000411 0.000167 0.000717 0.000405 0.000324 0.000307 0.000248 0.000211 0.000469 0.000300 0.000290 0.000256 0.000314 0.000328 0.000358 0.000356 0.000315 0.000290 0.000320 0.000284 0.000284 0.000313 0.000325 0.000313 0.000332 0.000360 0.000477 0.000430 0.000630 0.000422 0.000526 0.000594 0.000789 0.000838 0.000817 0.000761 0.000956 0.001104 0.000734 0.000385 0.000494 0.001200 0.000940 0.001163 0.001235 0.001761 0.001637 0.001815 0.002087 0.002050 0.002345 0.002428 0.003399 0.002934 0.003169 0.003625 0.003215 0.003346 0.003935
0.001066 0.000598 0.000466 0.000405 0.000384 0.000542 0.000204 0.001021 0.000522 0.000350 0.000382 0.000305 0.000280 0.000620 0.000296 0.000303 0.000320 0.000320 0.000307 0.000437 0.000424 0.000318 0.000323 0.000397 0.000340 0.000403 0.000364 0.000380 0.000417 0.000396 0.000422 0.000502 0.000513 0.000615 0.000495 0.000543 0.000723 0.000692 0.000896 0.000939 0.000946 0.000890 0.001350 0.000811 0.000475 0.000559 0.001262 0.001188 0.001328 0.001471 0.001870 0.001807 0.002005 0.002409 0.002047 0.002547 0.002986 0.003270 0.003397 0.003482 0.003378 0.003568 0.003867 0.004026
0.000606 0.000342 0.000318 0.000273 0.000283 0.000375 0.000139 0.000548 0.000315 0.000240 0.000252 0.000200 0.000183 0.000381 0.000197 0.000230 0.000223 0.000217 0.000229 0.000302 0.000286 0.000244 0.000224 0.000273 0.000237 0.000279 0.000208 0.000245 0.000272 0.000246 0.000292 0.000403 0.000387 0.000496 0.000392 0.000469 0.000545 0.000577 0.000632 0.000862 0.000596 0.000841 0.001106 0.000617 0.000318 0.000355 0.000887 0.000649 0.000884 0.001023 0.001313 0.001538 0.001382 0.002180 0.001588 0.001749 0.002076 0.002604 0.002807 0.002685 0.002838 0.002670 0.002753 0.002884
0.000666 0.000392 0.000329 0.000293 0.000252 0.000355 0.000145 0.000592 0.000327 0.000235 0.000265 0.000205 0.000195 0.000382 0.000227 0.000220 0.000212 0.000232 0.000220 0.000325 0.000311 0.000221 0.000253 0.000269 0.000262 0.000290 0.000243 0.000267 0.000246 0.000271 0.000278 0.000448 0.000428 0.000526 0.000389 0.000463 0.000568 0.000635 0.000706 0.000721 0.000650 0.000790 0.001042 0.000613 0.000355 0.000414 0.001073 0.000873 0.000860 0.001089 0.001596 0.001520 0.001772 0.001973 0.001795 0.001912 0.002257 0.002794 0.002759 0.002546 0.002942 0.002988 0.002738 0.003050
0.000669 0.000303 0.000334 0.000292 0.000267 0.000420 0.000174 0.000628 0.000383 0.000269 0.000270 0.000251 0.000220 0.000425 0.000239 0.000250 0.000251 0.000233 0.000278 0.000308 0.000289 0.000222 0.000316 0.000301 0.000291 0.000307 0.000255 0.000265 0.000272 0.000283 0.000320 0.000472 0.000408 0.000560 0.000437 0.000535 0.000628 0.000632 0.000824 0.000813 0.000694 0.000942 0.001148 0.000629 0.000384 0.000429 0.001117 0.000914 0.001127 0.001159 0.001710 0.001580 0.001875 0.002133 0.001771 0.002223 0.002509 0.002758 0.002829 0.002860 0.003105 0.003228 0.003180 0.003514
0.001110 0.000621 0.000529 0.000457 0.000390 0.000713 0.000237 0.000966 0.000597 0.000436 0.000404 0.000353 0.000321 0.000607 0.000346 0.000367 0.000403 0.000413 0.000387 0.000552 0.000475 0.000349 0.000431 0.000432 0.000448 0.000480 0.000422 0.000437 0.000401 0.000502 0.000514 0.000648 0.000628 0.000790 0.000604 0.000729 0.000905 0.001014 0.001139 0.001211 0.001101 0.001137 0.001587 0.001029 0.000574 0.000693 0.001548 0.001532 0.001508 0.001882 0.002244 0.002350 0.002629 0.002890 0.002856 0.003116 0.003315 0.003966 0.004286 0.003949 0.004408 0.003912 0.005675 0.004955
