# mode(P)
85.103730 79.691940 78.188731 69.482631 55.999974 51.606291 46.791409 37.429447 35.495464 30.495023 29.998006 27.166075 23.010461 20.755392 17.816556 17.003073 15.111553 13.626589 12.080378 10.982967 9.055282 8.723998 7.653909 6.629449 6.111744 5.233622 4.749801 4.372766 3.936859 3.480572 3.124579 2.763888 2.432190 2.159491 1.995136 1.788824 1.622625 1.453937 1.309667 1.182384 1.070910 0.975099 0.871730 0.819664 0.744581 0.671924 0.594350 0.560677 0.499949 0.454984 0.412989 0.377493 0.343036 0.318621 0.295294 0.266544 0.241256 0.224155 0.203334 0.187815 0.176349 0.162350 0.146276 0.138132
70.937821 67.168335 65.280362 57.494318 46.200441 42.460269 38.276613 30.929037 28.909801 24.888080 24.342992 21.924195 18.564210 16.595863 14.388631 13.731937 11.990135 10.684239 9.514812 8.672963 7.105999 6.857527 5.913992 5.140263 4.754928 4.018881 3.663717 3.351966 3.001045 2.639735 2.363491 2.094754 1.831395 1.621507 1.480214 1.323966 1.201090 1.063575 0.950370 0.846972 0.773445 0.689177 0.616168 0.571597 0.518183 0.462895 0.411851 0.379861 0.344816 0.313218 0.282331 0.253624 0.230704 0.207857 0.195305 0.175252 0.157412 0.142454 0.130882 0.119524 0.110994 0.100600 0.092722 0.084724
141.027838 133.688947 132.911056 117.898443 94.476131 89.476700 80.979446 65.485466 62.864239 53.864553 53.447898 48.746442 41.636030 38.345390 32.675988 31.391965 28.769754 25.664208 23.535630 22.111513 18.099707 17.667596 15.696990 14.079364 13.135075 11.403350 10.332974 9.582360 8.886131 7.997912 7.325096 6.827469 6.143427 5.554752 5.249957 4.752896 4.449499 4.059622 3.820658 3.555622 3.223971 3.030334 2.853352 2.636389 2.238746 2.047735 1.848647 1.751016 1.577782 1.479088 1.339892 1.236234 1.139328 1.112956 0.989272 0.888445 0.816747 0.774568 0.681802 0.623959 0.588060 0.512055 0.496632 0.432359
124.893017 116.617475 117.321149 104.383593 83.377743 77.186911 71.136379 57.127082 54.826785 47.029576 46.189405 41.940903 35.856686 32.816179 27.924521 26.809059 24.347331 21.742406 19.823668 18.307176 15.098781 14.687770 12.987015 11.534924 10.739330 9.272921 8.362438 7.824472 7.190102 6.485566 5.955559 5.478012 4.819793 4.430439 4.050513 3.656871 3.428666 3.113182 2.850657 2.601712 2.368048 2.194932 2.033919 1.907643 1.715302 1.533559 1.431296 1.299200 1.185814 1.132537 1.044871 0.960048 0.881258 0.821731 0.784889 0.707160 0.641673 0.594908 0.553836 0.512589 0.460026 0.428744 0.381611 0.353773
93.188505 88.240526 87.326000 76.712194 61.145206 57.606742 52.010360 42.031399 39.913469 34.266457 33.703697 30.767526 26.063854 23.540230 20.512901 19.626140 17.429452 15.567699 14.090474 12.878242 10.683303 10.382116 8.987783 7.918624 7.363951 6.288818 5.730529 5.326187 4.821258 4.320179 3.912197 3.536719 3.107926 2.804973 2.562823 2.311165 2.143327 1.907672 1.735000 1.582604 1.428701 1.328539 1.210453 1.128349 0.994032 0.885462 0.814918 0.742820 0.680226 0.640776 0.586699 0.535737 0.490679 0.457702 0.430032 0.392747 0.355303 0.324307 0.302922 0.277856 0.253221 0.234675 0.212534 0.194854
116.042870 110.446136 109.277162 95.858598 76.977508 72.943083 65.546617 53.153814 50.861984 42.993435 43.101473 39.126466 33.167165 30.553788 26.219854 25.153565 22.646313 20.225299 18.370628 17.019213 14.090498 13.743451 11.989901 10.637478 9.938691 8.544951 7.771715 7.232066 6.601657 5.943531 5.423050 4.914284 4.368167 3.913622 3.663647 3.296048 3.070824 2.798262 2.561108 2.366348 2.120141 1.986770 1.859010 1.712985 1.506489 1.359937 1.196300 1.158619 1.036611 0.953719 0.867941 0.800449 0.735683 0.710586 0.655454 0.585119 0.523122 0.497849 0.445978 0.401647 0.380172 0.343813 0.329650 0.294032
100.559389 96.009115 95.438277 83.642397 66.504123 63.437099 57.024806 46.168495 43.855640 37.530305 37.309540 34.039356 28.811080 26.292341 22.773967 21.805292 19.460271 17.411077 15.684165 14.449428 11.952120 11.661014 10.138753 8.966411 8.332298 7.143521 6.491493 6.027295 5.457600 4.909311 4.428349 4.009619 3.542113 3.178105 2.940912 2.666756 2.451926 2.204317 2.006895 1.838317 1.663535 1.550564 1.423673 1.321508 1.180864 1.065034 0.963718 0.909279 0.821904 0.769221 0.701704 0.637881 0.584163 0.546353 0.511423 0.468903 0.423813 0.388475 0.362855 0.331187 0.301077 0.280455 0.255024 0.239255
132.908398 124.341618 126.859256 112.264333 88.833257 84.472086 76.905354 62.996848 59.621048 51.213380 51.161072 46.519451 39.857239 36.733803 31.582735 30.314109 27.570512 24.663142 22.510037 21.013754 17.391175 17.101626 15.039735 13.504886 12.607420 10.928499 9.889083 9.320262 8.569490 7.733428 7.147882 6.618886 5.936046 5.375340 5.051425 4.603861 4.264878 3.909810 3.627992 3.365502 3.046598 2.842283 2.612771 2.456036 2.243988 2.057210 1.929315 1.751017 1.631895 1.538138 1.461903 1.321149 1.220767 1.128788 1.055235 0.977748 0.907277 0.815748 0.760763 0.704616 0.622874 0.580542 0.513864 0.487619
164.876857 158.152502 159.674071 143.203882 114.712198 109.046686 100.081422 81.556965 78.172764 66.865028 67.178913 61.573566 52.914489 49.008681 42.253814 40.885596 37.553880 33.333311 31.082018 29.357067 24.400767 24.033581 21.234715 19.513919 18.208853 15.959412 14.374079 13.639634 12.731232 11.471061 10.709471 10.068448 9.181488 8.371771 7.966090 7.304821 6.867044 6.357361 6.017512 5.693423 5.295406 4.938211 4.612844 4.251830 3.751439 3.404162 3.108093 2.905658 2.799324 2.515439 2.348579 2.128978 1.982012 1.895393 1.685079 1.567201 1.397220 1.330104 1.163819 1.071760 0.993405 0.859907 0.808939 0.724753
172.195300 165.355189 169.419874 151.046990 120.422579 115.597503 106.053852 86.202609 82.943427 70.948253 71.799709 65.960528 56.205252 52.862504 45.465486 44.160508 40.636075 36.037685 33.584403 31.721159 26.624715 26.176247 23.021069 21.297163 20.036021 17.457281 15.905994 15.061883 14.091472 12.859738 12.113799 11.370053 10.282961 9.515135 9.017225 8.272046 7.834057 7.281595 6.863206 6.537005 6.094774 5.703794 5.317898 4.925203 4.412786 4.041270 3.763662 3.510468 3.374269 3.078096 2.841443 2.667384 2.507105 2.347862 2.155948 1.944194 1.776029 1.672890 1.463409 1.334632 1.216653 1.078119 0.966149 0.882827
