# mean(lg_P) also median/mode
2.532772 2.497620 2.497748 2.458026 2.383725 2.356759 2.308875 2.224133 2.212358 2.151908 2.135011 2.089175 2.062078 2.037179 1.941363 1.930822 1.914084 1.846679 1.816493 1.791925 1.761083 1.711906 1.693588 1.678292 1.639722 1.586462 1.557269 1.526443 1.517283 1.457286 1.434491 1.402073 1.367406 1.336141 1.295882 1.276435 1.235358 1.208280 1.182796 1.153053 1.113489 1.080821 1.043768 1.017955 0.991073 0.955028 0.917904 0.884055 0.850868 0.818353 0.776170 0.738506 0.691744 0.650381 0.614018 0.568844 0.520270 0.470016 0.428213 0.377283 0.332175 0.278797 0.243304 0.182552
2.378789 2.349554 2.351045 2.304154 2.217361 2.189617 2.141467 2.056721 2.039657 1.975496 1.960859 1.920125 1.876035 1.847380 1.753357 1.746690 1.714892 1.654376 1.623301 1.599951 1.549534 1.512291 1.480952 1.459873 1.423898 1.363551 1.330757 1.296752 1.266169 1.204789 1.190522 1.162060 1.130864 1.070863 1.053846 1.023829 0.991285 0.957713 0.926108 0.893356 0.868737 0.830225 0.803736 0.770803 0.745830 0.707955 0.675739 0.651729 0.618155 0.575305 0.547380 0.510326 0.476476 0.437070 0.402086 0.349418 0.308084 0.264009 0.214388 0.180423 0.136452 0.089519 0.026448 -0.006085
2.747733 2.706776 2.702785 2.668884 2.610821 2.600436 2.535781 2.463927 2.452537 2.402531 2.386555 2.331550 2.319638 2.305442 2.216267 2.203023 2.188716 2.128196 2.103201 2.067903 2.060076 1.999489 1.988709 1.972144 1.945229 1.903057 1.887957 1.857540 1.851844 1.799742 1.779764 1.769504 1.731757 1.710308 1.681900 1.655627 1.627770 1.596179 1.575112 1.549630 1.488757 1.471885 1.410961 1.395228 1.344208 1.314636 1.275886 1.220520 1.173780 1.155942 1.095383 1.054593 1.008943 0.965187 0.919865 0.877110 0.826436 0.778141 0.742943 0.685595 0.640992 0.599794 0.570286 0.497695
2.718394 2.677967 2.675556 2.642300 2.580459 2.548581 2.508881 2.434007 2.422673 2.368472 2.349176 2.294001 2.280348 2.266247 2.177131 2.163066 2.142802 2.080824 2.053354 2.023208 2.008778 1.955628 1.950462 1.942910 1.917772 1.868163 1.851778 1.819548 1.823436 1.754734 1.745584 1.728559 1.693754 1.673245 1.623436 1.603472 1.573800 1.537775 1.507744 1.472324 1.435907 1.398448 1.365087 1.329876 1.303568 1.251379 1.212975 1.172664 1.136866 1.093750 1.054785 1.018080 0.968297 0.940229 0.907326 0.850454 0.780166 0.725460 0.676349 0.629259 0.581111 0.533124 0.487307 0.423204
2.564224 2.535259 2.538260 2.492070 2.410628 2.394410 2.347184 2.269268 2.255449 2.190359 2.177920 2.138354 2.105980 2.081766 1.989373 1.984299 1.963406 1.895997 1.867803 1.843398 1.813296 1.767888 1.748321 1.741574 1.712201 1.656489 1.630397 1.601124 1.604607 1.544813 1.525544 1.498160 1.457248 1.431384 1.385223 1.360284 1.331474 1.294534 1.259151 1.227475 1.196102 1.165549 1.135516 1.107993 1.078259 1.038774 1.005555 0.959051 0.936549 0.898543 0.860274 0.818794 0.777695 0.744047 0.707954 0.652937 0.595319 0.538298 0.498643 0.440801 0.390889 0.352431 0.314278 0.244587
2.612286 2.579869 2.581403 2.534778 2.465646 2.448932 2.395920 2.321080 2.308635 2.241252 2.234952 2.193660 2.166895 2.142233 2.045496 2.042029 2.027245 1.958626 1.930684 1.907596 1.886755 1.838515 1.820287 1.812825 1.777893 1.727996 1.704767 1.675111 1.666628 1.615273 1.597925 1.573605 1.537603 1.499551 1.468462 1.443339 1.413934 1.386646 1.354869 1.332109 1.288642 1.262131 1.222516 1.197218 1.159913 1.127809 1.092521 1.046951 1.019811 0.989542 0.949310 0.907711 0.863195 0.820152 0.778702 0.730621 0.682662 0.634548 0.597521 0.542302 0.494924 0.454468 0.412978 0.357232
2.594536 2.568943 2.573209 2.527185 2.447736 2.437734 2.382757 2.306341 2.292635 2.227603 2.219672 2.180785 2.152589 2.126637 2.030287 2.027117 2.008909 1.943638 1.914049 1.890955 1.865234 1.818348 1.798547 1.787807 1.755605 1.705861 1.677512 1.649009 1.648564 1.595526 1.570182 1.545893 1.508906 1.473713 1.441942 1.415811 1.381996 1.351043 1.322551 1.291842 1.261168 1.224934 1.195823 1.159386 1.135059 1.096587 1.062722 1.027202 0.995929 0.960834 0.916924 0.874140 0.830011 0.789189 0.748200 0.705186 0.653473 0.593237 0.556002 0.496180 0.443546 0.396480 0.366622 0.298936
2.711814 2.674107 2.679816 2.640859 2.571190 2.557382 2.504736 2.435956 2.420122 2.363982 2.355293 2.306821 2.291259 2.272727 2.181008 2.172659 2.154927 2.093256 2.065155 2.039395 2.022338 1.970618 1.955885 1.942588 1.919120 1.880135 1.853984 1.828688 1.833458 1.771297 1.759558 1.740895 1.706242 1.683760 1.652514 1.627958 1.599680 1.569640 1.543020 1.519650 1.482123 1.442925 1.416554 1.375271 1.351165 1.301760 1.266970 1.244651 1.201422 1.148969 1.118639 1.071516 1.026218 0.987346 0.945521 0.896496 0.842758 0.788651 0.740807 0.694339 0.640375 0.590596 0.558551 0.490622
2.825377 2.784987 2.783583 2.750194 2.697606 2.681172 2.630756 2.562592 2.548946 2.499342 2.491306 2.440008 2.426828 2.412536 2.332954 2.320550 2.306946 2.245713 2.219686 2.180359 2.180682 2.124664 2.119365 2.102117 2.076038 2.042784 2.026356 1.997468 1.979594 1.933171 1.922898 1.893532 1.874640 1.833007 1.822435 1.795643 1.766892 1.734840 1.703395 1.681325 1.635743 1.607717 1.560512 1.533972 1.486272 1.449984 1.412286 1.374281 1.316736 1.280348 1.237613 1.187859 1.143393 1.096614 1.056780 1.015141 0.959859 0.904073 0.845435 0.802996 0.752090 0.709276 0.657559 0.606000
2.839711 2.804309 2.808219 2.771123 2.713161 2.702469 2.654623 2.587306 2.573624 2.518228 2.513343 2.468597 2.455080 2.440936 2.351403 2.347280 2.336819 2.271046 2.243404 2.211458 2.215324 2.151539 2.148408 2.142278 2.119021 2.085456 2.069563 2.038946 2.029289 1.983346 1.970633 1.948488 1.927645 1.894709 1.874252 1.850244 1.824724 1.792777 1.755765 1.726531 1.685186 1.650792 1.614332 1.573692 1.542642 1.492750 1.454611 1.398216 1.354729 1.317472 1.271391 1.225572 1.182283 1.138341 1.104076 1.050907 1.001049 0.936712 0.892406 0.842623 0.793508 0.760937 0.721794 0.651353
