# mean(lg_P) also median/mode
2.764042 2.722331 2.706673 2.688656 2.634005 2.605152 2.541569 2.474427 2.464760 2.421623 2.396745 2.337804 2.322300 2.314269 2.229959 2.212817 2.194736 2.139414 2.107199 2.071088 2.064475 2.005353 2.004569 1.974044 1.950806 1.907612 1.893586 1.866135 1.844982 1.796494 1.770759 1.749898 1.725909 1.695214 1.664529 1.642046 1.600303 1.569906 1.539727 1.499106 1.464394 1.465566 1.389386 1.362065 1.318368 1.285756 1.247569 1.205487 1.172368 1.117545 1.070301 1.022617 0.975001 0.925872 0.884625 0.833028 0.793693 0.734907 0.676621 0.632862 0.572689 0.532263 0.481201 0.430002
2.571759 2.540259 2.530507 2.496385 2.426290 2.400999 2.339578 2.270764 2.252121 2.196808 2.177212 2.127915 2.102611 2.082314 1.986607 1.981627 1.957466 1.894959 1.863538 1.833044 1.807981 1.756955 1.737719 1.724868 1.695803 1.641759 1.622746 1.590899 1.571801 1.524069 1.502930 1.478583 1.450853 1.413424 1.389677 1.357766 1.321974 1.290226 1.263046 1.235788 1.209803 1.187189 1.136591 1.104562 1.067461 1.032816 1.006642 0.976842 0.949464 0.905455 0.862080 0.823034 0.784458 0.748905 0.710286 0.665914 0.607705 0.581152 0.531142 0.495642 0.444234 0.401728 0.356997 0.311499
2.982895 2.926256 2.902382 2.902143 2.857259 2.840595 2.759529 2.700356 2.701267 2.676278 2.651737 2.587621 2.567941 2.571846 2.525903 2.484865 2.470008 2.424788 2.404716 2.347576 2.364587 2.309171 2.323236 2.271704 2.254703 2.211058 2.204008 2.177858 2.163427 2.116918 2.104253 2.077172 2.056778 2.025081 1.996228 1.980391 1.940220 1.918432 1.878429 1.825090 1.788134 1.777950 1.714232 1.693350 1.627931 1.602366 1.560716 1.512021 1.470454 1.427652 1.372890 1.329141 1.287546 1.222003 1.195576 1.147232 1.110381 1.052137 0.988451 0.958318 0.876350 0.862574 0.818768 0.765107
2.968287 2.911927 2.891842 2.887955 2.846577 2.813990 2.753324 2.692651 2.690138 2.665283 2.635846 2.562923 2.550107 2.562813 2.525262 2.463503 2.441839 2.401317 2.382546 2.329686 2.344282 2.282790 2.286404 2.228804 2.218952 2.187661 2.175584 2.150464 2.127237 2.089588 2.066162 2.044050 2.024545 1.993557 1.951704 1.934232 1.901644 1.877715 1.819977 1.789959 1.754356 1.730177 1.665558 1.629432 1.585139 1.546100 1.507509 1.461801 1.428168 1.369549 1.320326 1.268142 1.217983 1.165603 1.134996 1.076076 1.033768 0.969559 0.915130 0.870344 0.815658 0.765030 0.714117 0.654940
2.799546 2.759253 2.746790 2.720285 2.663251 2.645906 2.587516 2.521400 2.507960 2.465370 2.444530 2.387538 2.372949 2.368196 2.297236 2.265021 2.245914 2.194206 2.168007 2.123316 2.124880 2.063877 2.057131 2.026603 2.010098 1.973157 1.963754 1.932213 1.911054 1.880321 1.850643 1.822295 1.804666 1.779546 1.754861 1.726444 1.685494 1.656983 1.615217 1.579764 1.538501 1.532586 1.462235 1.438656 1.385096 1.367195 1.334495 1.280424 1.246951 1.212179 1.157734 1.110177 1.061263 1.002639 0.968611 0.912160 0.872178 0.800744 0.743952 0.699589 0.634596 0.594211 0.542651 0.488970
2.824121 2.782795 2.769553 2.739973 2.689874 2.673277 2.609022 2.549756 2.536848 2.488829 2.474947 2.419695 2.405923 2.398912 2.320110 2.302329 2.285329 2.227685 2.199255 2.158200 2.163533 2.106266 2.104019 2.071785 2.054032 2.018719 2.011176 1.979053 1.959052 1.920271 1.898169 1.869240 1.851341 1.816757 1.790475 1.774650 1.735089 1.708944 1.670786 1.627258 1.593590 1.588048 1.525122 1.500346 1.447587 1.421022 1.382031 1.340750 1.301211 1.256760 1.211881 1.163063 1.113331 1.065449 1.031472 0.981167 0.945204 0.883545 0.830937 0.785704 0.727825 0.699159 0.656970 0.604274
2.833253 2.792580 2.780348 2.756642 2.698081 2.686299 2.621509 2.558926 2.545107 2.500014 2.483930 2.432449 2.417936 2.409065 2.329567 2.309939 2.295585 2.240911 2.211035 2.165668 2.174453 2.112231 2.109308 2.078769 2.059702 2.024419 2.014580 1.982612 1.965103 1.932409 1.904731 1.878839 1.859515 1.823785 1.793879 1.773599 1.736611 1.708664 1.671971 1.632280 1.588386 1.584823 1.515589 1.488870 1.437860 1.414970 1.380220 1.330983 1.293014 1.249109 1.203099 1.151170 1.103194 1.046365 1.013622 0.956443 0.919864 0.845894 0.787957 0.746431 0.675375 0.642311 0.584562 0.537963
2.941289 2.888817 2.876505 2.863576 2.812488 2.798118 2.731979 2.672499 2.663742 2.630379 2.611473 2.553824 2.540793 2.540813 2.483472 2.446078 2.430237 2.383111 2.360372 2.309652 2.326613 2.265960 2.267855 2.223803 2.207046 2.174528 2.158404 2.136393 2.121548 2.083899 2.070587 2.047792 2.024943 1.994939 1.963212 1.942098 1.911767 1.890830 1.847509 1.808626 1.772137 1.759941 1.696632 1.669604 1.625966 1.586073 1.552163 1.517163 1.470803 1.413111 1.368788 1.316967 1.272594 1.226893 1.191173 1.143116 1.108590 1.034714 0.983318 0.946816 0.890378 0.838374 0.775176 0.737446
3.070160 3.010971 2.993524 2.988846 2.951757 2.932330 2.856801 2.805268 2.804376 2.778153 2.768708 2.707116 2.681649 2.688092 2.654410 2.607868 2.597006 2.553252 2.529975 2.477927 2.500169 2.446239 2.446133 2.388372 2.373291 2.351877 2.332652 2.303795 2.284733 2.250641 2.240443 2.207558 2.183916 2.140838 2.107396 2.082823 2.065687 2.043609 1.995589 1.950676 1.911070 1.882558 1.834874 1.808579 1.768406 1.729339 1.689356 1.655481 1.614605 1.577004 1.540734 1.475037 1.422851 1.371282 1.309015 1.243708 1.206125 1.144058 1.066844 1.053220 0.969287 0.947255 0.898883 0.859450
3.089105 3.033748 3.017386 3.007481 2.975198 2.958190 2.887723 2.835390 2.831384 2.806307 2.794767 2.733210 2.709390 2.726714 2.686440 2.640840 2.629700 2.587951 2.566084 2.507028 2.537094 2.472499 2.472013 2.414995 2.403980 2.381113 2.372823 2.343313 2.321815 2.290210 2.275629 2.243107 2.222259 2.177713 2.148542 2.118120 2.105502 2.077918 2.035444 1.985213 1.942411 1.916090 1.859808 1.818156 1.772785 1.730054 1.691756 1.649699 1.617633 1.593132 1.548524 1.496787 1.439225 1.379692 1.334968 1.282849 1.238645 1.181009 1.097226 1.074474 0.988439 0.974088 0.927373 0.879445
