# var(lg_P)
0.000358 0.000373 0.000282 0.000255 0.000300 0.000737 0.000154 0.000349 0.000258 0.000233 0.000255 0.000236 0.000317 0.000348 0.000212 0.000243 0.000277 0.000267 0.000287 0.000250 0.000367 0.000250 0.000269 0.000376 0.000283 0.000269 0.000269 0.000307 0.000273 0.000253 0.000372 0.000341 0.000338 0.000390 0.000641 0.000632 0.000753 0.000772 0.000643 0.000959 0.001172 0.000981 0.000971 0.000787 0.000630 0.001008 0.000717 0.001325 0.001325 0.001275 0.001545 0.001420 0.001518 0.001243 0.001186 0.001411 0.001667 0.001893 0.002222 0.002265 0.002394 0.002500 0.003219 0.002701
0.000448 0.000402 0.000314 0.000293 0.000349 0.000909 0.000153 0.000391 0.000308 0.000296 0.000259 0.000259 0.000269 0.000406 0.000217 0.000295 0.000295 0.000258 0.000287 0.000297 0.000397 0.000257 0.000295 0.000400 0.000322 0.000266 0.000296 0.000369 0.000298 0.000295 0.000348 0.000411 0.000439 0.000424 0.000708 0.000608 0.000831 0.000858 0.000683 0.000911 0.001170 0.000991 0.001006 0.000812 0.000723 0.001027 0.000777 0.001560 0.001595 0.001440 0.001613 0.001555 0.001564 0.001261 0.001506 0.001703 0.001936 0.002018 0.002615 0.002510 0.002754 0.002929 0.003510 0.003495
0.000429 0.000356 0.000301 0.000299 0.000305 0.000892 0.000169 0.000420 0.000325 0.000291 0.000319 0.000304 0.000423 0.000438 0.000264 0.000301 0.000310 0.000271 0.000319 0.000306 0.000405 0.000284 0.000337 0.000386 0.000331 0.000308 0.000336 0.000375 0.000366 0.000293 0.000343 0.000355 0.000411 0.000417 0.000788 0.000734 0.000853 0.000855 0.000754 0.000834 0.001280 0.001207 0.001091 0.000812 0.000752 0.000967 0.000731 0.001215 0.001297 0.001379 0.001505 0.001532 0.001677 0.001551 0.001405 0.001641 0.001841 0.001958 0.002959 0.002947 0.002766 0.003598 0.003421 0.003164
0.000715 0.000671 0.000584 0.000541 0.000459 0.001621 0.000228 0.000615 0.000452 0.000444 0.000489 0.000379 0.000577 0.000604 0.000413 0.000472 0.000572 0.000392 0.000483 0.000487 0.000606 0.000377 0.000475 0.000524 0.000518 0.000437 0.000465 0.000530 0.000505 0.000476 0.000524 0.000602 0.000589 0.000663 0.001067 0.000907 0.001130 0.001166 0.000978 0.001370 0.001457 0.001294 0.001088 0.001084 0.000907 0.001130 0.001024 0.001664 0.001779 0.001862 0.002278 0.001804 0.002361 0.001836 0.002031 0.002089 0.001985 0.002867 0.003682 0.003577 0.003831 0.003724 0.004816 0.003896
0.000483 0.000426 0.000359 0.000342 0.000379 0.000903 0.000173 0.000408 0.000332 0.000314 0.000308 0.000288 0.000299 0.000440 0.000250 0.000320 0.000326 0.000317 0.000366 0.000333 0.000473 0.000324 0.000331 0.000440 0.000327 0.000322 0.000346 0.000428 0.000354 0.000326 0.000387 0.000415 0.000455 0.000451 0.000797 0.000804 0.000903 0.001023 0.000739 0.001032 0.001217 0.001111 0.001001 0.000938 0.000752 0.001044 0.000805 0.001585 0.001580 0.001620 0.001775 0.001457 0.001475 0.001476 0.001584 0.001866 0.001834 0.002082 0.002699 0.002921 0.003069 0.002956 0.003645 0.003231
0.000625 0.000605 0.000416 0.000423 0.000422 0.001223 0.000209 0.000578 0.000425 0.000340 0.000383 0.000371 0.000400 0.000587 0.000279 0.000334 0.000413 0.000371 0.000395 0.000386 0.000579 0.000327 0.000366 0.000568 0.000380 0.000439 0.000416 0.000502 0.000472 0.000396 0.000462 0.000471 0.000579 0.000514 0.000878 0.000789 0.001057 0.000934 0.000902 0.001065 0.001496 0.001043 0.001137 0.000978 0.000819 0.001086 0.000914 0.001577 0.001577 0.001669 0.001869 0.001815 0.001941 0.001768 0.001552 0.001802 0.002109 0.002519 0.003184 0.003106 0.003329 0.003836 0.004458 0.003351
0.000379 0.000353 0.000284 0.000283 0.000279 0.000842 0.000149 0.000316 0.000256 0.000227 0.000252 0.000232 0.000253 0.000353 0.000210 0.000252 0.000274 0.000239 0.000268 0.000254 0.000340 0.000244 0.000262 0.000386 0.000269 0.000256 0.000243 0.000318 0.000302 0.000239 0.000307 0.000322 0.000371 0.000357 0.000709 0.000656 0.000809 0.000813 0.000618 0.001003 0.000943 0.000973 0.000918 0.000800 0.000544 0.000938 0.000621 0.001242 0.001312 0.001291 0.001291 0.001191 0.001264 0.001328 0.001142 0.001154 0.001417 0.001497 0.002303 0.002561 0.002466 0.002711 0.003109 0.002971
0.000402 0.000322 0.000301 0.000303 0.000290 0.000813 0.000151 0.000337 0.000262 0.000225 0.000266 0.000238 0.000353 0.000358 0.000188 0.000235 0.000274 0.000249 0.000248 0.000253 0.000340 0.000208 0.000282 0.000392 0.000273 0.000281 0.000277 0.000336 0.000263 0.000263 0.000277 0.000305 0.000343 0.000383 0.000713 0.000647 0.000756 0.000845 0.000736 0.000966 0.001063 0.000923 0.000907 0.000755 0.000662 0.000886 0.000688 0.001093 0.001141 0.001308 0.001498 0.001350 0.001474 0.001259 0.001352 0.001307 0.001544 0.001799 0.002693 0.002558 0.002773 0.003050 0.002983 0.002753
0.000409 0.000430 0.000299 0.000302 0.000313 0.000925 0.000165 0.000370 0.000310 0.000257 0.000272 0.000285 0.000327 0.000408 0.000237 0.000294 0.000310 0.000232 0.000307 0.000311 0.000413 0.000265 0.000329 0.000380 0.000305 0.000279 0.000293 0.000350 0.000295 0.000267 0.000327 0.000363 0.000384 0.000401 0.000774 0.000753 0.000816 0.000779 0.000792 0.001031 0.001159 0.001089 0.001005 0.000843 0.000730 0.001035 0.000740 0.001235 0.001419 0.001396 0.001745 0.001490 0.001842 0.001488 0.001566 0.001713 0.001918 0.002117 0.002985 0.002767 0.003141 0.003644 0.003365 0.003647
0.000636 0.000613 0.000494 0.000477 0.000454 0.001524 0.000225 0.000573 0.000489 0.000423 0.000407 0.000405 0.000510 0.000593 0.000338 0.000432 0.000518 0.000435 0.000449 0.000489 0.000656 0.000386 0.000465 0.000578 0.000484 0.000498 0.000498 0.000587 0.000466 0.000493 0.000553 0.000569 0.000603 0.000640 0.001080 0.001062 0.001039 0.001244 0.001110 0.001436 0.001724 0.001307 0.001356 0.001230 0.000950 0.001367 0.001048 0.001778 0.001668 0.001914 0.002206 0.002128 0.002417 0.002330 0.002495 0.002722 0.002698 0.002990 0.004488 0.004555 0.004616 0.004921 0.005173 0.005277
