# cosmologies
# omega0 omegab hubble scalar_amp ns w0 wa mnu Neff alphas MWDM_inverse
.30 .045 .7 2.1e-9 .96 -1. 0. .2 3. 0. .3  # reference
.295 .045 .7 2.1e-9 .94 -1. -0.1 .225 2.9 -.0045 .5  # center
2.67000000e-01 4.50000000e-02 7.00000000e-01 2.10000000e-09 9.60000000e-01 -1.00000000e+00 0.00000000e+00 2.00000000e-01 3.00000000e+00 0.00000000e+00 3.00000000e-01  # 10% step varying one param at a time
2.74000000e-01 4.50000000e-02 7.00000000e-01 2.10000000e-09 9.60000000e-01 -1.00000000e+00 0.00000000e+00 2.00000000e-01 3.00000000e+00 0.00000000e+00 3.00000000e-01
2.81000000e-01 4.50000000e-02 7.00000000e-01 2.10000000e-09 9.60000000e-01 -1.00000000e+00 0.00000000e+00 2.00000000e-01 3.00000000e+00 0.00000000e+00 3.00000000e-01
2.88000000e-01 4.50000000e-02 7.00000000e-01 2.10000000e-09 9.60000000e-01 -1.00000000e+00 0.00000000e+00 2.00000000e-01 3.00000000e+00 0.00000000e+00 3.00000000e-01
2.95000000e-01 4.50000000e-02 7.00000000e-01 2.10000000e-09 9.60000000e-01 -1.00000000e+00 0.00000000e+00 2.00000000e-01 3.00000000e+00 0.00000000e+00 3.00000000e-01
3.02000000e-01 4.50000000e-02 7.00000000e-01 2.10000000e-09 9.60000000e-01 -1.00000000e+00 0.00000000e+00 2.00000000e-01 3.00000000e+00 0.00000000e+00 3.00000000e-01
3.09000000e-01 4.50000000e-02 7.00000000e-01 2.10000000e-09 9.60000000e-01 -1.00000000e+00 0.00000000e+00 2.00000000e-01 3.00000000e+00 0.00000000e+00 3.00000000e-01
3.16000000e-01 4.50000000e-02 7.00000000e-01 2.10000000e-09 9.60000000e-01 -1.00000000e+00 0.00000000e+00 2.00000000e-01 3.00000000e+00 0.00000000e+00 3.00000000e-01
3.23000000e-01 4.50000000e-02 7.00000000e-01 2.10000000e-09 9.60000000e-01 -1.00000000e+00 0.00000000e+00 2.00000000e-01 3.00000000e+00 0.00000000e+00 3.00000000e-01
3.00000000e-01 4.10000000e-02 7.00000000e-01 2.10000000e-09 9.60000000e-01 -1.00000000e+00 0.00000000e+00 2.00000000e-01 3.00000000e+00 0.00000000e+00 3.00000000e-01
3.00000000e-01 4.20000000e-02 7.00000000e-01 2.10000000e-09 9.60000000e-01 -1.00000000e+00 0.00000000e+00 2.00000000e-01 3.00000000e+00 0.00000000e+00 3.00000000e-01
3.00000000e-01 4.30000000e-02 7.00000000e-01 2.10000000e-09 9.60000000e-01 -1.00000000e+00 0.00000000e+00 2.00000000e-01 3.00000000e+00 0.00000000e+00 3.00000000e-01
3.00000000e-01 4.40000000e-02 7.00000000e-01 2.10000000e-09 9.60000000e-01 -1.00000000e+00 0.00000000e+00 2.00000000e-01 3.00000000e+00 0.00000000e+00 3.00000000e-01
3.00000000e-01 4.50000000e-02 7.00000000e-01 2.10000000e-09 9.60000000e-01 -1.00000000e+00 0.00000000e+00 2.00000000e-01 3.00000000e+00 0.00000000e+00 3.00000000e-01
3.00000000e-01 4.60000000e-02 7.00000000e-01 2.10000000e-09 9.60000000e-01 -1.00000000e+00 0.00000000e+00 2.00000000e-01 3.00000000e+00 0.00000000e+00 3.00000000e-01
3.00000000e-01 4.70000000e-02 7.00000000e-01 2.10000000e-09 9.60000000e-01 -1.00000000e+00 0.00000000e+00 2.00000000e-01 3.00000000e+00 0.00000000e+00 3.00000000e-01
3.00000000e-01 4.80000000e-02 7.00000000e-01 2.10000000e-09 9.60000000e-01 -1.00000000e+00 0.00000000e+00 2.00000000e-01 3.00000000e+00 0.00000000e+00 3.00000000e-01
3.00000000e-01 4.90000000e-02 7.00000000e-01 2.10000000e-09 9.60000000e-01 -1.00000000e+00 0.00000000e+00 2.00000000e-01 3.00000000e+00 0.00000000e+00 3.00000000e-01
3.00000000e-01 4.50000000e-02 6.52000000e-01 2.10000000e-09 9.60000000e-01 -1.00000000e+00 0.00000000e+00 2.00000000e-01 3.00000000e+00 0.00000000e+00 3.00000000e-01
3.00000000e-01 4.50000000e-02 6.64000000e-01 2.10000000e-09 9.60000000e-01 -1.00000000e+00 0.00000000e+00 2.00000000e-01 3.00000000e+00 0.00000000e+00 3.00000000e-01
3.00000000e-01 4.50000000e-02 6.76000000e-01 2.10000000e-09 9.60000000e-01 -1.00000000e+00 0.00000000e+00 2.00000000e-01 3.00000000e+00 0.00000000e+00 3.00000000e-01
3.00000000e-01 4.50000000e-02 6.88000000e-01 2.10000000e-09 9.60000000e-01 -1.00000000e+00 0.00000000e+00 2.00000000e-01 3.00000000e+00 0.00000000e+00 3.00000000e-01
3.00000000e-01 4.50000000e-02 7.00000000e-01 2.10000000e-09 9.60000000e-01 -1.00000000e+00 0.00000000e+00 2.00000000e-01 3.00000000e+00 0.00000000e+00 3.00000000e-01
3.00000000e-01 4.50000000e-02 7.12000000e-01 2.10000000e-09 9.60000000e-01 -1.00000000e+00 0.00000000e+00 2.00000000e-01 3.00000000e+00 0.00000000e+00 3.00000000e-01
3.00000000e-01 4.50000000e-02 7.24000000e-01 2.10000000e-09 9.60000000e-01 -1.00000000e+00 0.00000000e+00 2.00000000e-01 3.00000000e+00 0.00000000e+00 3.00000000e-01
3.00000000e-01 4.50000000e-02 7.36000000e-01 2.10000000e-09 9.60000000e-01 -1.00000000e+00 0.00000000e+00 2.00000000e-01 3.00000000e+00 0.00000000e+00 3.00000000e-01
3.00000000e-01 4.50000000e-02 7.48000000e-01 2.10000000e-09 9.60000000e-01 -1.00000000e+00 0.00000000e+00 2.00000000e-01 3.00000000e+00 0.00000000e+00 3.00000000e-01
3.00000000e-01 4.50000000e-02 7.00000000e-01 1.62000000e-09 9.60000000e-01 -1.00000000e+00 0.00000000e+00 2.00000000e-01 3.00000000e+00 0.00000000e+00 3.00000000e-01
3.00000000e-01 4.50000000e-02 7.00000000e-01 1.74000000e-09 9.60000000e-01 -1.00000000e+00 0.00000000e+00 2.00000000e-01 3.00000000e+00 0.00000000e+00 3.00000000e-01
3.00000000e-01 4.50000000e-02 7.00000000e-01 1.86000000e-09 9.60000000e-01 -1.00000000e+00 0.00000000e+00 2.00000000e-01 3.00000000e+00 0.00000000e+00 3.00000000e-01
3.00000000e-01 4.50000000e-02 7.00000000e-01 1.98000000e-09 9.60000000e-01 -1.00000000e+00 0.00000000e+00 2.00000000e-01 3.00000000e+00 0.00000000e+00 3.00000000e-01
3.00000000e-01 4.50000000e-02 7.00000000e-01 2.10000000e-09 9.60000000e-01 -1.00000000e+00 0.00000000e+00 2.00000000e-01 3.00000000e+00 0.00000000e+00 3.00000000e-01
3.00000000e-01 4.50000000e-02 7.00000000e-01 2.22000000e-09 9.60000000e-01 -1.00000000e+00 0.00000000e+00 2.00000000e-01 3.00000000e+00 0.00000000e+00 3.00000000e-01
3.00000000e-01 4.50000000e-02 7.00000000e-01 2.34000000e-09 9.60000000e-01 -1.00000000e+00 0.00000000e+00 2.00000000e-01 3.00000000e+00 0.00000000e+00 3.00000000e-01
3.00000000e-01 4.50000000e-02 7.00000000e-01 2.46000000e-09 9.60000000e-01 -1.00000000e+00 0.00000000e+00 2.00000000e-01 3.00000000e+00 0.00000000e+00 3.00000000e-01
3.00000000e-01 4.50000000e-02 7.00000000e-01 2.58000000e-09 9.60000000e-01 -1.00000000e+00 0.00000000e+00 2.00000000e-01 3.00000000e+00 0.00000000e+00 3.00000000e-01
3.00000000e-01 4.50000000e-02 7.00000000e-01 2.10000000e-09 8.92000000e-01 -1.00000000e+00 0.00000000e+00 2.00000000e-01 3.00000000e+00 0.00000000e+00 3.00000000e-01
3.00000000e-01 4.50000000e-02 7.00000000e-01 2.10000000e-09 9.04000000e-01 -1.00000000e+00 0.00000000e+00 2.00000000e-01 3.00000000e+00 0.00000000e+00 3.00000000e-01
3.00000000e-01 4.50000000e-02 7.00000000e-01 2.10000000e-09 9.16000000e-01 -1.00000000e+00 0.00000000e+00 2.00000000e-01 3.00000000e+00 0.00000000e+00 3.00000000e-01
3.00000000e-01 4.50000000e-02 7.00000000e-01 2.10000000e-09 9.28000000e-01 -1.00000000e+00 0.00000000e+00 2.00000000e-01 3.00000000e+00 0.00000000e+00 3.00000000e-01
3.00000000e-01 4.50000000e-02 7.00000000e-01 2.10000000e-09 9.40000000e-01 -1.00000000e+00 0.00000000e+00 2.00000000e-01 3.00000000e+00 0.00000000e+00 3.00000000e-01
3.00000000e-01 4.50000000e-02 7.00000000e-01 2.10000000e-09 9.52000000e-01 -1.00000000e+00 0.00000000e+00 2.00000000e-01 3.00000000e+00 0.00000000e+00 3.00000000e-01
3.00000000e-01 4.50000000e-02 7.00000000e-01 2.10000000e-09 9.64000000e-01 -1.00000000e+00 0.00000000e+00 2.00000000e-01 3.00000000e+00 0.00000000e+00 3.00000000e-01
3.00000000e-01 4.50000000e-02 7.00000000e-01 2.10000000e-09 9.76000000e-01 -1.00000000e+00 0.00000000e+00 2.00000000e-01 3.00000000e+00 0.00000000e+00 3.00000000e-01
3.00000000e-01 4.50000000e-02 7.00000000e-01 2.10000000e-09 9.88000000e-01 -1.00000000e+00 0.00000000e+00 2.00000000e-01 3.00000000e+00 0.00000000e+00 3.00000000e-01
3.00000000e-01 4.50000000e-02 7.00000000e-01 2.10000000e-09 9.60000000e-01 -1.24000000e+00 0.00000000e+00 2.00000000e-01 3.00000000e+00 0.00000000e+00 3.00000000e-01
3.00000000e-01 4.50000000e-02 7.00000000e-01 2.10000000e-09 9.60000000e-01 -1.18000000e+00 0.00000000e+00 2.00000000e-01 3.00000000e+00 0.00000000e+00 3.00000000e-01
3.00000000e-01 4.50000000e-02 7.00000000e-01 2.10000000e-09 9.60000000e-01 -1.12000000e+00 0.00000000e+00 2.00000000e-01 3.00000000e+00 0.00000000e+00 3.00000000e-01
3.00000000e-01 4.50000000e-02 7.00000000e-01 2.10000000e-09 9.60000000e-01 -1.06000000e+00 0.00000000e+00 2.00000000e-01 3.00000000e+00 0.00000000e+00 3.00000000e-01
3.00000000e-01 4.50000000e-02 7.00000000e-01 2.10000000e-09 9.60000000e-01 -1.00000000e+00 0.00000000e+00 2.00000000e-01 3.00000000e+00 0.00000000e+00 3.00000000e-01
3.00000000e-01 4.50000000e-02 7.00000000e-01 2.10000000e-09 9.60000000e-01 -9.40000000e-01 0.00000000e+00 2.00000000e-01 3.00000000e+00 0.00000000e+00 3.00000000e-01
3.00000000e-01 4.50000000e-02 7.00000000e-01 2.10000000e-09 9.60000000e-01 -8.80000000e-01 0.00000000e+00 2.00000000e-01 3.00000000e+00 0.00000000e+00 3.00000000e-01
3.00000000e-01 4.50000000e-02 7.00000000e-01 2.10000000e-09 9.60000000e-01 -8.20000000e-01 0.00000000e+00 2.00000000e-01 3.00000000e+00 0.00000000e+00 3.00000000e-01
3.00000000e-01 4.50000000e-02 7.00000000e-01 2.10000000e-09 9.60000000e-01 -7.60000000e-01 0.00000000e+00 2.00000000e-01 3.00000000e+00 0.00000000e+00 3.00000000e-01
3.00000000e-01 4.50000000e-02 7.00000000e-01 2.10000000e-09 9.60000000e-01 -1.00000000e+00 -3.80000000e-01 2.00000000e-01 3.00000000e+00 0.00000000e+00 3.00000000e-01
3.00000000e-01 4.50000000e-02 7.00000000e-01 2.10000000e-09 9.60000000e-01 -1.00000000e+00 -2.60000000e-01 2.00000000e-01 3.00000000e+00 0.00000000e+00 3.00000000e-01
3.00000000e-01 4.50000000e-02 7.00000000e-01 2.10000000e-09 9.60000000e-01 -1.00000000e+00 -1.40000000e-01 2.00000000e-01 3.00000000e+00 0.00000000e+00 3.00000000e-01
3.00000000e-01 4.50000000e-02 7.00000000e-01 2.10000000e-09 9.60000000e-01 -1.00000000e+00 -2.00000000e-02 2.00000000e-01 3.00000000e+00 0.00000000e+00 3.00000000e-01
3.00000000e-01 4.50000000e-02 7.00000000e-01 2.10000000e-09 9.60000000e-01 -1.00000000e+00 1.00000000e-01 2.00000000e-01 3.00000000e+00 0.00000000e+00 3.00000000e-01
3.00000000e-01 4.50000000e-02 7.00000000e-01 2.10000000e-09 9.60000000e-01 -1.00000000e+00 2.20000000e-01 2.00000000e-01 3.00000000e+00 0.00000000e+00 3.00000000e-01
3.00000000e-01 4.50000000e-02 7.00000000e-01 2.10000000e-09 9.60000000e-01 -1.00000000e+00 3.40000000e-01 2.00000000e-01 3.00000000e+00 0.00000000e+00 3.00000000e-01
3.00000000e-01 4.50000000e-02 7.00000000e-01 2.10000000e-09 9.60000000e-01 -1.00000000e+00 4.60000000e-01 2.00000000e-01 3.00000000e+00 0.00000000e+00 3.00000000e-01
3.00000000e-01 4.50000000e-02 7.00000000e-01 2.10000000e-09 9.60000000e-01 -1.00000000e+00 5.80000000e-01 2.00000000e-01 3.00000000e+00 0.00000000e+00 3.00000000e-01
3.00000000e-01 4.50000000e-02 7.00000000e-01 2.10000000e-09 9.60000000e-01 -1.00000000e+00 0.00000000e+00 4.50000000e-02 3.00000000e+00 0.00000000e+00 3.00000000e-01
3.00000000e-01 4.50000000e-02 7.00000000e-01 2.10000000e-09 9.60000000e-01 -1.00000000e+00 0.00000000e+00 9.00000000e-02 3.00000000e+00 0.00000000e+00 3.00000000e-01
3.00000000e-01 4.50000000e-02 7.00000000e-01 2.10000000e-09 9.60000000e-01 -1.00000000e+00 0.00000000e+00 1.35000000e-01 3.00000000e+00 0.00000000e+00 3.00000000e-01
3.00000000e-01 4.50000000e-02 7.00000000e-01 2.10000000e-09 9.60000000e-01 -1.00000000e+00 0.00000000e+00 1.80000000e-01 3.00000000e+00 0.00000000e+00 3.00000000e-01
3.00000000e-01 4.50000000e-02 7.00000000e-01 2.10000000e-09 9.60000000e-01 -1.00000000e+00 0.00000000e+00 2.25000000e-01 3.00000000e+00 0.00000000e+00 3.00000000e-01
3.00000000e-01 4.50000000e-02 7.00000000e-01 2.10000000e-09 9.60000000e-01 -1.00000000e+00 0.00000000e+00 2.70000000e-01 3.00000000e+00 0.00000000e+00 3.00000000e-01
3.00000000e-01 4.50000000e-02 7.00000000e-01 2.10000000e-09 9.60000000e-01 -1.00000000e+00 0.00000000e+00 3.15000000e-01 3.00000000e+00 0.00000000e+00 3.00000000e-01
3.00000000e-01 4.50000000e-02 7.00000000e-01 2.10000000e-09 9.60000000e-01 -1.00000000e+00 0.00000000e+00 3.60000000e-01 3.00000000e+00 0.00000000e+00 3.00000000e-01
3.00000000e-01 4.50000000e-02 7.00000000e-01 2.10000000e-09 9.60000000e-01 -1.00000000e+00 0.00000000e+00 4.05000000e-01 3.00000000e+00 0.00000000e+00 3.00000000e-01
3.00000000e-01 4.50000000e-02 7.00000000e-01 2.10000000e-09 9.60000000e-01 -1.00000000e+00 0.00000000e+00 2.00000000e-01 2.34000000e+00 0.00000000e+00 3.00000000e-01
3.00000000e-01 4.50000000e-02 7.00000000e-01 2.10000000e-09 9.60000000e-01 -1.00000000e+00 0.00000000e+00 2.00000000e-01 2.48000000e+00 0.00000000e+00 3.00000000e-01
3.00000000e-01 4.50000000e-02 7.00000000e-01 2.10000000e-09 9.60000000e-01 -1.00000000e+00 0.00000000e+00 2.00000000e-01 2.62000000e+00 0.00000000e+00 3.00000000e-01
3.00000000e-01 4.50000000e-02 7.00000000e-01 2.10000000e-09 9.60000000e-01 -1.00000000e+00 0.00000000e+00 2.00000000e-01 2.76000000e+00 0.00000000e+00 3.00000000e-01
3.00000000e-01 4.50000000e-02 7.00000000e-01 2.10000000e-09 9.60000000e-01 -1.00000000e+00 0.00000000e+00 2.00000000e-01 2.90000000e+00 0.00000000e+00 3.00000000e-01
3.00000000e-01 4.50000000e-02 7.00000000e-01 2.10000000e-09 9.60000000e-01 -1.00000000e+00 0.00000000e+00 2.00000000e-01 3.04000000e+00 0.00000000e+00 3.00000000e-01
3.00000000e-01 4.50000000e-02 7.00000000e-01 2.10000000e-09 9.60000000e-01 -1.00000000e+00 0.00000000e+00 2.00000000e-01 3.18000000e+00 0.00000000e+00 3.00000000e-01
3.00000000e-01 4.50000000e-02 7.00000000e-01 2.10000000e-09 9.60000000e-01 -1.00000000e+00 0.00000000e+00 2.00000000e-01 3.32000000e+00 0.00000000e+00 3.00000000e-01
3.00000000e-01 4.50000000e-02 7.00000000e-01 2.10000000e-09 9.60000000e-01 -1.00000000e+00 0.00000000e+00 2.00000000e-01 3.46000000e+00 0.00000000e+00 3.00000000e-01
3.00000000e-01 4.50000000e-02 7.00000000e-01 2.10000000e-09 9.60000000e-01 -1.00000000e+00 0.00000000e+00 2.00000000e-01 3.00000000e+00 -2.09000000e-02 3.00000000e-01
3.00000000e-01 4.50000000e-02 7.00000000e-01 2.10000000e-09 9.60000000e-01 -1.00000000e+00 0.00000000e+00 2.00000000e-01 3.00000000e+00 -1.68000000e-02 3.00000000e-01
3.00000000e-01 4.50000000e-02 7.00000000e-01 2.10000000e-09 9.60000000e-01 -1.00000000e+00 0.00000000e+00 2.00000000e-01 3.00000000e+00 -1.27000000e-02 3.00000000e-01
3.00000000e-01 4.50000000e-02 7.00000000e-01 2.10000000e-09 9.60000000e-01 -1.00000000e+00 0.00000000e+00 2.00000000e-01 3.00000000e+00 -8.60000000e-03 3.00000000e-01
3.00000000e-01 4.50000000e-02 7.00000000e-01 2.10000000e-09 9.60000000e-01 -1.00000000e+00 0.00000000e+00 2.00000000e-01 3.00000000e+00 -4.50000000e-03 3.00000000e-01
3.00000000e-01 4.50000000e-02 7.00000000e-01 2.10000000e-09 9.60000000e-01 -1.00000000e+00 0.00000000e+00 2.00000000e-01 3.00000000e+00 -4.00000000e-04 3.00000000e-01
3.00000000e-01 4.50000000e-02 7.00000000e-01 2.10000000e-09 9.60000000e-01 -1.00000000e+00 0.00000000e+00 2.00000000e-01 3.00000000e+00 3.70000000e-03 3.00000000e-01
3.00000000e-01 4.50000000e-02 7.00000000e-01 2.10000000e-09 9.60000000e-01 -1.00000000e+00 0.00000000e+00 2.00000000e-01 3.00000000e+00 7.80000000e-03 3.00000000e-01
3.00000000e-01 4.50000000e-02 7.00000000e-01 2.10000000e-09 9.60000000e-01 -1.00000000e+00 0.00000000e+00 2.00000000e-01 3.00000000e+00 1.19000000e-02 3.00000000e-01
3.00000000e-01 4.50000000e-02 7.00000000e-01 2.10000000e-09 9.60000000e-01 -1.00000000e+00 0.00000000e+00 2.00000000e-01 3.00000000e+00 0.00000000e+00 1.00000000e-01
3.00000000e-01 4.50000000e-02 7.00000000e-01 2.10000000e-09 9.60000000e-01 -1.00000000e+00 0.00000000e+00 2.00000000e-01 3.00000000e+00 0.00000000e+00 2.00000000e-01
3.00000000e-01 4.50000000e-02 7.00000000e-01 2.10000000e-09 9.60000000e-01 -1.00000000e+00 0.00000000e+00 2.00000000e-01 3.00000000e+00 0.00000000e+00 3.00000000e-01
3.00000000e-01 4.50000000e-02 7.00000000e-01 2.10000000e-09 9.60000000e-01 -1.00000000e+00 0.00000000e+00 2.00000000e-01 3.00000000e+00 0.00000000e+00 4.00000000e-01
3.00000000e-01 4.50000000e-02 7.00000000e-01 2.10000000e-09 9.60000000e-01 -1.00000000e+00 0.00000000e+00 2.00000000e-01 3.00000000e+00 0.00000000e+00 5.00000000e-01
3.00000000e-01 4.50000000e-02 7.00000000e-01 2.10000000e-09 9.60000000e-01 -1.00000000e+00 0.00000000e+00 2.00000000e-01 3.00000000e+00 0.00000000e+00 6.00000000e-01
3.00000000e-01 4.50000000e-02 7.00000000e-01 2.10000000e-09 9.60000000e-01 -1.00000000e+00 0.00000000e+00 2.00000000e-01 3.00000000e+00 0.00000000e+00 7.00000000e-01
3.00000000e-01 4.50000000e-02 7.00000000e-01 2.10000000e-09 9.60000000e-01 -1.00000000e+00 0.00000000e+00 2.00000000e-01 3.00000000e+00 0.00000000e+00 8.00000000e-01
3.00000000e-01 4.50000000e-02 7.00000000e-01 2.10000000e-09 9.60000000e-01 -1.00000000e+00 0.00000000e+00 2.00000000e-01 3.00000000e+00 0.00000000e+00 9.00000000e-01
