# mode(P)
3273.783376 3088.686396 2856.121976 2616.104920 2381.107151 2102.679217 1909.156295 1729.019540 1568.552024 1457.771484 1357.547553 1252.598042 1126.943896 1005.673140 854.482626 719.984518 601.883114 532.708177 486.490960 427.661160 359.724140 297.942142 255.946165 225.165481 190.693012 158.888838 136.419988 114.654256 97.544645 82.724467 69.693911 59.135723 50.160900 42.094311 35.719791 30.330624 25.756362 21.914140 18.680914 15.939828 13.635804 11.708247 10.068930 8.685403 7.519059 6.530525 5.690830 4.978495 4.361341 3.838769 3.381774 2.984193 2.644210 2.343510 2.081412 1.846636 1.638900 1.451733 1.282652 1.129722 0.992336 0.867322 0.755437 0.655755
3368.413012 3166.149216 2916.118532 2659.406785 2410.872525 2120.328855 1919.392454 1734.524200 1570.175336 1457.482605 1355.127328 1247.559564 1117.675458 992.410226 838.170730 703.271873 587.094040 520.436774 474.826084 414.951048 346.462538 286.444923 246.475900 216.082746 181.513052 151.287602 129.700265 108.425019 92.106435 77.840094 65.384919 55.276057 46.762868 39.090498 33.071516 27.985822 23.662048 20.065363 17.043289 14.476547 12.334990 10.546653 9.032541 7.757348 6.685068 5.780524 5.014270 4.366816 3.807733 3.336177 2.925177 2.571788 2.269753 2.003521 1.773353 1.569588 1.388393 1.227515 1.082440 0.952675 0.836521 0.729869 0.636421 0.552785
3397.886433 3158.879125 2873.976252 2587.049248 2316.766651 2013.809766 1809.034356 1627.113177 1471.628674 1368.487752 1276.516553 1175.665794 1046.572413 916.680693 760.701944 629.754426 525.793192 471.657629 432.806009 373.889535 306.133342 252.475829 219.942765 191.984964 158.702735 132.849438 113.941216 94.337699 80.267987 67.488960 56.564990 47.638640 40.169105 33.459938 28.205720 23.783264 20.019709 16.903820 14.292992 12.081357 10.242781 8.709872 7.416196 6.336003 5.425488 4.663973 4.019522 3.477926 3.011928 2.619608 2.285497 1.995514 1.752363 1.540473 1.359294 1.199259 1.058269 0.934495 0.823868 0.725908 0.639070 0.561163 0.489837 0.427547
3375.052728 3148.504328 2874.933197 2598.393915 2335.580204 2037.322106 1834.572163 1652.317586 1494.999587 1389.815409 1295.567229 1193.780398 1065.210156 937.419404 782.161746 650.048644 542.616711 485.021217 444.767232 385.934024 317.908911 262.262642 227.700547 199.263638 165.537441 138.363729 118.775461 98.657552 83.929013 70.720923 59.337815 50.050968 42.264117 35.258573 29.768714 25.140228 21.200995 17.933818 15.192205 12.866996 10.932165 9.317339 7.951413 6.807908 5.844128 5.035713 4.351038 3.774387 3.277507 2.858208 2.499695 2.188296 1.925725 1.696314 1.499442 1.325058 1.171041 1.035354 0.913473 0.804863 0.708699 0.621137 0.542502 0.473177
3350.272050 3135.324298 2873.306941 2606.774078 2351.527905 2058.476584 1857.549461 1675.463448 1516.886735 1409.767032 1313.669315 1210.933738 1083.149030 957.167654 802.852296 669.754336 559.062866 498.241280 456.373504 397.634944 329.489078 271.989674 235.407506 206.427369 172.450739 143.897248 123.573609 102.986149 87.602245 73.957323 62.120274 52.480230 44.379655 37.080532 31.350984 26.516907 22.400396 18.983657 16.108700 13.673097 11.639949 9.939868 8.501707 7.294504 6.277060 5.420347 4.695951 4.083237 3.554695 3.108482 2.723762 2.390464 2.107773 1.860443 1.646891 1.457329 1.289673 1.141234 1.007461 0.887938 0.781231 0.684005 0.597410 0.520755
3323.413174 3119.950377 2868.910362 2612.430742 2364.795488 2076.761061 1878.443345 1696.779415 1537.301647 1428.620122 1330.743705 1226.982881 1100.088890 975.912643 822.642679 688.880509 575.141730 511.168486 467.753224 408.988305 340.791315 281.628978 243.029300 213.451403 179.230286 149.426248 128.347427 107.292540 91.265415 77.195077 64.904532 54.930357 46.499568 38.913686 32.949153 27.911525 23.624277 20.051044 17.043263 14.495154 12.363076 10.579712 9.066621 7.794861 6.723515 5.818756 5.052215 4.403542 3.842657 3.368637 2.957968 2.601344 2.298459 2.031974 1.801177 1.596201 1.413771 1.251851 1.105774 0.974222 0.856860 0.749335 0.654500 0.569128
3294.913962 3102.362271 2862.225156 2615.533784 2375.109879 2092.589518 1897.021213 1716.077176 1556.026420 1446.069002 1346.750522 1242.290557 1116.110684 993.633935 841.440032 707.243150 590.891190 523.856551 478.797413 419.951680 351.903693 291.211850 250.599038 220.334024 185.905196 154.943412 133.077532 111.598268 94.930177 80.423733 67.703053 57.382666 48.638042 40.766421 34.560816 29.318271 24.863441 21.132153 17.995104 15.332493 13.099593 11.233141 9.646506 8.309259 7.183169 6.229224 5.421762 4.735077 4.141690 3.639338 3.202183 2.822308 2.497585 2.211185 1.962062 1.740104 1.543447 1.367016 1.207710 1.063923 0.934983 0.817345 0.712953 0.619328
3265.144767 3082.899819 2853.282264 2616.025383 2383.046671 2106.246781 1913.689588 1733.791816 1573.355931 1462.284676 1361.757640 1256.617262 1131.154892 1010.328039 859.578338 725.027676 606.199335 536.245775 489.538342 430.605981 362.737579 300.605811 258.067574 227.082930 192.590549 160.456561 137.753964 115.877443 98.581575 83.641152 70.495321 59.839617 50.772564 42.622292 36.184733 30.738032 26.115612 22.229314 18.957418 16.185451 13.851334 11.900618 10.238557 8.836396 7.655032 6.652512 5.801052 5.077244 4.450288 3.919245 3.454507 3.050453 2.704307 2.397643 2.129321 1.889817 1.677868 1.486170 1.313501 1.156844 1.015400 0.887376 0.772658 0.670790
3233.841561 3061.908337 2842.359461 2614.479194 2388.882680 2117.764928 1928.415026 1749.782658 1589.340422 1477.459785 1375.688298 1269.836168 1145.303497 1026.188785 876.755913 742.165711 621.089099 548.399243 499.981730 440.966425 373.338538 309.937408 265.451400 233.686659 199.239269 165.923058 142.374899 120.126230 102.231236 86.849942 73.292628 62.290997 52.913414 44.488740 37.815461 32.167071 27.378740 23.336653 19.934270 17.048707 14.615851 12.580625 10.843592 9.374900 8.137779 7.085613 6.191081 5.429082 4.769048 4.209033 3.715946 3.288022 2.917827 2.590213 2.302957 2.045028 1.816715 1.609683 1.422372 1.251868 1.098121 0.959251 0.834191 0.722576
3201.436820 3038.871603 2829.539225 2610.631842 2392.521901 2127.257128 1941.161985 1764.146193 1603.882182 1491.474738 1388.724809 1282.413221 1158.460315 1041.150256 893.071314 758.707341 635.648514 560.278547 510.240629 450.956456 383.641307 319.171578 272.740959 240.141527 205.672337 171.354028 146.955173 124.338100 105.852194 90.036425 76.079779 64.743321 55.056605 46.358201 39.451369 33.605446 28.649158 24.456675 20.920825 17.925083 15.389582 13.269917 11.461436 9.924907 8.633223 7.529427 6.592648 5.790482 5.097001 4.506441 3.986042 3.532621 3.139328 2.789620 2.481340 2.205435 1.959794 1.736182 1.533885 1.349529 1.182443 1.032342 0.896427 0.775683
3168.109015 3014.695929 2815.080800 2605.102379 2394.131506 2135.183902 1952.322640 1777.191943 1617.379698 1504.329265 1400.620763 1294.104304 1170.514527 1055.225647 908.835635 774.604355 649.813238 571.873744 520.198832 460.610394 393.702624 328.237963 279.939562 246.518752 212.130814 176.746919 151.451248 128.515976 109.464977 93.204238 78.857672 67.191078 57.200250 48.227758 41.091453 35.048564 29.929898 25.581465 21.915727 18.810074 16.177619 13.973959 12.087538 10.486193 9.136762 7.984158 7.002441 6.160348 5.433356 4.812958 4.263801 3.785520 3.366888 2.994953 2.666041 2.369826 2.107279 1.866130 1.648707 1.449634 1.268747 1.106837 0.959841 0.829495
3303.261499 3124.624665 2899.339434 2665.431245 2436.381267 2162.170970 1973.428203 1794.695161 1633.709377 1520.129125 1414.059798 1301.189916 1165.866827 1037.899983 883.294711 749.402336 632.525879 562.957495 512.007399 446.287172 374.979481 313.676756 271.167463 236.959168 200.011144 168.316952 144.335126 121.209459 103.559517 87.751936 74.130492 62.967520 53.476363 44.966127 38.219656 32.514720 27.677887 23.592751 20.149836 17.237449 14.781232 12.724646 10.970781 9.486137 8.236820 7.172294 6.268021 5.497591 4.827919 4.262143 3.764137 3.331493 2.957497 2.625410 2.333425 2.071725 1.839787 1.629221 1.439594 1.266591 1.109997 0.969926 0.843199 0.729938
3295.815825 3115.732597 2888.402087 2653.039733 2422.520991 2147.140726 1957.183587 1778.093957 1617.280918 1504.447116 1399.871009 1288.950953 1156.156733 1029.793769 875.904358 741.934741 624.750867 555.332661 505.631747 441.596588 371.103649 309.640300 267.301694 233.984055 197.651295 165.930658 142.330763 119.531564 102.025591 86.469471 72.998298 61.988601 52.634998 44.232744 37.578993 31.956865 27.184217 23.160200 19.773859 16.904693 14.486303 12.464262 10.738203 9.278217 8.051371 7.005922 6.119871 5.363265 4.707365 4.152883 3.665059 3.241370 2.876425 2.551986 2.267836 2.013816 1.787773 1.583518 1.399380 1.231496 1.079980 0.943654 0.820599 0.710991
3288.425640 3106.712877 2877.595987 2640.572201 2408.800166 2132.130813 1941.009350 1761.663115 1600.941452 1488.896928 1385.800014 1276.746958 1146.329007 1021.731798 868.797896 734.463624 616.984830 547.661866 499.259295 436.941013 367.247191 305.650847 263.471276 231.026529 195.287858 163.531158 140.337440 117.881811 100.509770 85.204098 71.886752 61.028067 51.793889 43.511345 36.952905 31.407030 26.699732 22.739001 19.403779 16.576476 14.197549 12.206597 10.510072 9.076263 7.870886 6.844014 5.973621 5.232618 4.589476 4.045502 3.567831 3.153869 2.796545 2.480719 2.204109 1.956912 1.737183 1.538703 1.359926 1.197037 1.050375 0.917928 0.798619 0.692577
3281.199301 3097.676621 2866.830443 2628.257594 2394.863239 2117.291992 1925.040774 1745.110512 1584.702998 1473.347194 1371.626070 1264.659360 1136.598383 1013.677705 861.538535 727.183190 609.385887 540.178063 492.934846 432.268566 363.421987 301.762092 259.688149 228.102411 193.039291 161.196539 138.377948 116.259272 99.025651 83.956592 70.786587 60.073260 50.974830 42.792230 36.332512 30.863963 26.223867 22.323081 19.038921 16.254796 13.914628 11.955290 10.288098 8.878964 7.692990 6.685119 5.830752 5.103455 4.473708 3.941065 3.473244 3.068528 2.719802 2.411742 2.141609 1.900667 1.687354 1.494270 1.320683 1.162804 1.020710 0.892286 0.776806 0.674113
3273.731941 3088.793670 2855.977966 2616.123813 2381.008642 2102.609228 1909.222747 1728.929257 1568.607825 1457.787194 1357.565426 1252.562440 1127.014710 1005.672654 854.437913 720.047625 601.881000 532.712637 486.491650 427.616927 359.707025 297.954519 255.935470 225.160760 190.721823 158.879759 136.428209 114.652594 97.540655 82.728192 69.699010 59.134964 50.157538 42.090203 35.719966 30.330090 25.757044 21.915208 18.681291 15.940127 13.634767 11.709141 10.068526 8.683712 7.519783 6.530451 5.691278 4.978557 4.361197 3.838722 3.381451 2.984410 2.644008 2.343261 2.080826 1.846304 1.638715 1.451675 1.282657 1.130028 0.992386 0.867376 0.755569 0.655927
3266.527848 3079.701124 2845.420763 2603.890367 2367.533070 2087.996932 1893.452480 1712.885061 1552.507824 1442.368754 1343.454993 1240.575591 1117.329773 997.708691 847.497231 712.914544 594.418362 525.284746 480.149952 423.000500 355.982748 294.180871 252.204743 222.254670 188.438647 156.601678 134.480093 113.081161 96.084325 81.505995 68.630986 58.212962 49.361467 41.398611 35.115879 29.808801 25.296456 21.513258 18.328657 15.630508 13.361289 11.469313 9.854191 8.494830 7.348917 6.378598 5.554530 4.855505 4.250662 3.738627 3.291297 2.902846 2.570873 2.277474 2.021630 1.793559 1.591100 1.409540 1.245131 1.097029 0.963921 0.842596 0.734308 0.637959
3259.198070 3070.883422 2834.737556 2591.803137 2354.007829 2073.672461 1877.780663 1696.892900 1536.607463 1426.906729 1329.419948 1228.491375 1107.696950 989.723164 840.546286 705.981323 587.123735 517.931985 473.798067 418.373868 352.358635 290.500522 248.537209 219.318408 186.244334 154.343308 132.553111 111.513048 94.638899 80.304159 67.573122 57.298040 48.568475 40.717841 34.524522 29.289633 24.844841 21.117107 17.984046 15.326029 13.093913 11.231044 9.643930 8.309019 7.182817 6.229250 5.421508 4.735708 4.143670 3.641090 3.203033 2.823747 2.499049 2.212747 1.963802 1.741623 1.544999 1.368655 1.208655 1.065354 0.936293 0.818682 0.713628 0.619881
3251.999135 3061.873904 2824.085174 2579.778072 2340.530617 2059.472454 1862.422827 1680.985902 1520.669861 1411.672162 1315.376654 1216.695212 1098.110748 981.905848 833.674534 699.139001 579.887237 510.642959 467.440115 413.802451 348.772236 286.845120 244.877093 216.423519 184.073614 152.118769 130.642161 109.980288 93.203197 79.113056 66.525887 56.398739 47.779831 40.044134 33.940884 28.782311 24.397406 20.728267 17.643413 15.026051 12.831316 10.997959 9.438236 8.126395 7.020092 6.083732 5.291160 4.618559 4.037831 3.544942 3.117665 2.746329 2.428797 2.150041 1.907269 1.690818 1.499716 1.328469 1.173343 1.033809 0.909241 0.794468 0.693206 0.602739
3244.816696 3053.069993 2813.551141 2567.897519 2327.228765 2045.296613 1847.035699 1665.298809 1504.797232 1396.393211 1301.321852 1204.748327 1088.615045 973.943584 826.774773 692.372517 572.752037 503.434477 461.124190 409.225372 345.238741 283.242813 241.258499 213.534875 181.919198 149.927489 128.748732 108.475926 91.793606 77.942513 65.491931 55.510057 47.010424 39.383804 33.365230 28.280895 23.959871 20.347569 17.310411 14.734300 12.573990 10.770755 9.236306 7.947816 6.860551 5.941913 5.163416 4.503867 3.934542 3.451976 3.033251 2.670362 2.360557 2.088614 1.852188 1.641767 1.455498 1.289016 1.138201 1.003017 0.882490 0.771379 0.673258 0.585534
2987.510065 2804.387946 2579.837960 2350.355087 2126.243891 1866.485150 1681.895778 1511.667070 1360.736285 1256.463143 1165.007953 1073.462491 967.720440 865.573488 736.149767 616.747870 509.172474 444.281153 403.671631 357.813653 303.092216 248.655628 209.919152 184.592392 157.744924 129.920891 110.589672 93.291276 78.586742 66.457919 55.698760 46.998580 39.647425 33.072675 27.888221 23.535563 19.840031 16.752329 14.168140 11.991526 10.169930 8.649339 7.370864 6.296662 5.393893 4.638194 3.999673 3.459979 2.998085 2.605668 2.276483 1.987006 1.745492 1.536371 1.355744 1.196127 1.056317 0.933353 0.823124 0.725982 0.639523 0.561956 0.490678 0.429021
3059.420098 2875.611481 2648.897911 2416.457356 2189.489357 1924.976795 1738.158552 1565.233347 1411.979927 1306.106893 1212.472106 1117.607621 1007.104478 900.024262 765.185182 641.816125 531.641933 465.703362 423.862918 374.837305 316.806926 260.479979 220.964659 194.428258 165.705294 136.803265 116.769864 98.384260 83.094796 70.322147 59.009760 49.861187 42.127164 35.188656 29.719785 25.122518 21.216715 17.949864 15.211402 12.899747 10.964662 9.348822 7.985747 6.838862 5.874421 5.064404 4.379770 3.799978 3.301873 2.879945 2.521786 2.207499 1.944151 1.714345 1.515920 1.339627 1.185282 1.048328 0.925331 0.815916 0.718674 0.629932 0.550718 0.480316
3131.188564 2946.749329 2717.975783 2482.897632 2253.104241 1983.871157 1794.653148 1619.269985 1463.653623 1356.181570 1260.454145 1162.209656 1046.731990 934.883127 794.547891 667.447805 554.548453 487.593860 444.417183 392.179210 330.844406 272.628513 232.335598 204.461875 173.828388 143.947594 123.148827 103.640665 87.748903 74.321765 62.455470 52.844080 44.707496 37.395521 31.639640 26.781056 22.657300 19.208547 16.309908 13.859671 11.806448 10.091453 8.638327 7.416635 6.387425 5.520800 4.787103 4.165321 3.629820 3.175667 2.786847 2.446828 2.159318 1.907823 1.689664 1.495975 1.324684 1.172828 1.035694 0.913090 0.803905 0.703527 0.614429 0.535318
3202.698317 3017.786883 2787.052460 2549.602542 2316.950782 2043.032012 1851.770791 1673.992487 1515.892641 1406.763537 1308.838383 1207.229234 1086.696864 970.117019 824.326644 693.511025 577.958129 509.957822 465.301027 409.747462 345.112255 285.133521 243.988543 214.699630 182.232880 151.309421 129.690390 109.066026 92.574831 78.459330 66.014492 55.932551 47.383026 39.698230 33.636871 28.522313 24.172071 20.528505 17.464260 14.874188 12.696078 10.877544 9.333256 8.031572 6.935710 6.009799 5.223975 4.558284 3.982545 3.495176 3.072861 2.705382 2.392794 2.117286 1.878220 1.664502 1.476096 1.307131 1.154656 1.017861 0.894823 0.782770 0.683061 0.594026
3273.636783 3088.676511 2856.072760 2616.224203 2381.020984 2102.629221 1909.125712 1729.011596 1568.559276 1457.768366 1357.540578 1252.587719 1127.006842 1005.636686 854.505415 719.986640 601.833621 532.722955 486.520071 427.620584 359.682364 297.927546 255.938155 225.158786 190.671613 158.884317 136.426533 114.657077 97.550950 82.729437 69.698238 59.138405 50.158755 42.093741 35.722229 30.332759 25.757588 21.914693 18.680716 15.940242 13.635641 11.709230 10.068548 8.684964 7.518205 6.530357 5.691295 4.978490 4.361262 3.838700 3.381588 2.984311 2.644184 2.343541 2.081081 1.846350 1.638712 1.451624 1.282721 1.129948 0.992269 0.867269 0.755441 0.655753
3344.512372 3159.189715 2924.999981 2682.829276 2445.446841 2162.411261 1967.045769 1784.334084 1621.662909 1509.219355 1406.587280 1298.315333 1167.494221 1041.535161 884.997498 746.986525 626.196099 555.978202 508.047508 445.734654 374.523315 311.072781 268.205401 235.815543 199.356867 166.692670 143.325187 120.398344 102.676894 87.122299 73.507732 62.454713 53.038502 44.574185 37.885410 32.220823 27.412181 23.364929 19.956182 17.061531 14.625245 12.588866 10.847553 9.377832 8.139393 7.084970 6.190097 5.428156 4.767179 4.207081 3.712752 3.284601 2.914825 2.586497 2.299344 2.041753 1.813451 1.606128 1.419319 1.249020 1.095105 0.956969 0.831566 0.720876
3414.735774 3229.217972 2993.910150 2749.525417 2509.867248 2222.550171 2025.044537 1840.273782 1675.033716 1561.016528 1455.968411 1344.173463 1208.231829 1077.653783 915.846358 774.342251 650.978080 579.570393 529.886206 464.053012 389.675557 324.550278 280.693350 246.638122 208.240714 174.723864 150.381879 126.311153 107.945736 91.641140 77.432807 65.877228 56.015796 47.158760 40.139948 34.186229 29.139208 24.881283 21.289688 18.239441 15.667204 13.514391 11.670787 10.111764 8.798425 7.675970 6.721748 5.907431 5.200175 4.600873 4.068078 3.605467 3.205119 2.847442 2.532680 2.250346 1.999486 1.770812 1.564051 1.375018 1.203911 1.050658 0.911504 0.788201
3484.592160 3298.803160 3062.242607 2815.998381 2574.438324 2282.980236 2083.255884 1896.394434 1728.752198 1613.135510 1505.762493 1390.299457 1249.175061 1114.159944 947.104881 802.169701 676.185710 603.523737 551.929123 482.596087 405.058097 338.311072 293.463378 257.665195 217.373597 182.987872 157.612062 132.360247 113.371808 96.292382 81.489303 69.411424 59.084699 49.827397 42.479106 36.233073 30.940406 26.464741 22.686565 19.474607 16.762830 14.489070 12.539551 10.889298 9.497437 8.302205 7.287223 6.418130 5.662145 5.021456 4.446068 3.949302 3.514459 3.126352 2.781358 2.473050 2.197181 1.944664 1.717281 1.507541 1.317954 1.148617 0.994772 0.858165
3553.968181 3367.788171 3130.548830 2882.307700 2638.765696 2343.264147 2141.675267 1952.769377 1782.712622 1665.469573 1555.702636 1436.486139 1290.471270 1150.933870 978.618502 830.369436 701.756197 627.864047 574.374465 501.419629 420.769094 352.381530 306.563076 268.844173 226.557263 191.428812 164.988139 138.588442 118.942291 101.062068 85.653937 73.053475 62.264432 52.588615 44.902195 38.357927 32.817142 28.115466 24.146801 20.769171 17.913831 15.515253 13.456173 11.706851 10.236131 8.967596 7.887026 6.960853 6.152747 5.468612 4.851029 4.315358 3.844868 3.421819 3.046232 2.708457 2.406270 2.128854 1.877596 1.646989 1.436190 1.249998 1.080031 0.929853
2526.463410 2381.514812 2201.830026 2016.889153 1835.105446 1624.128023 1473.046314 1333.445388 1210.527792 1123.825942 1046.262139 965.736141 870.512306 775.261889 658.727982 554.062065 463.490439 409.649286 374.044536 329.092903 276.242846 228.101930 195.720865 172.332919 145.670748 120.744624 103.524833 86.788658 73.486639 62.088862 52.082560 43.984823 37.091267 30.946030 26.091907 22.009050 18.543757 15.638700 13.211842 11.176242 9.465500 8.036931 6.837489 5.830936 4.987698 4.277056 3.681931 3.178255 2.745671 2.383882 2.077032 1.807492 1.584300 1.392489 1.227730 1.082306 0.954606 0.844466 0.744105 0.656105 0.579860 0.510820 0.446789 0.391196
2713.084737 2558.017001 2365.023228 2166.502318 1971.305358 1743.767659 1581.979946 1432.203921 1299.981747 1207.166998 1123.881950 1037.286551 934.528045 832.716235 707.539443 595.418329 497.991447 440.305264 402.075336 353.637041 296.969011 245.457255 210.656661 185.444977 156.888634 130.175247 111.632220 93.645479 79.392856 67.147173 56.393146 47.679894 40.270838 33.646951 28.413879 24.010914 20.270613 17.136314 14.512382 12.304519 10.447552 8.897267 7.591572 6.493815 5.572776 4.795568 4.142298 3.588649 3.113844 2.713776 2.371766 2.071994 1.822181 1.605837 1.419603 1.254246 1.108734 0.981854 0.866437 0.764477 0.674841 0.592665 0.518494 0.453493
2900.123200 2735.025538 2528.847309 2316.356300 2107.958747 1863.578373 1691.204889 1531.104351 1389.519875 1290.789483 1201.823004 1109.105974 998.764403 890.342931 756.535815 636.890889 532.623698 471.080114 430.231136 378.290495 317.864745 262.876778 225.692571 198.635330 168.135829 139.686409 119.834901 100.591274 85.376887 72.285861 60.776578 51.443034 43.513152 36.407693 30.796347 26.067326 22.054588 18.683794 15.859760 13.475307 11.470163 9.798087 8.382839 7.191761 6.190024 5.344799 4.630762 4.025621 3.506032 3.066332 2.688033 2.356589 2.078573 1.835999 1.626056 1.439337 1.274772 1.129349 0.997623 0.879978 0.775413 0.679661 0.594642 0.518559
3087.011422 2912.058770 2692.638079 2466.348235 2244.624256 1983.142441 1800.139945 1630.136108 1479.202218 1374.344502 1279.743977 1180.900588 1062.995672 948.096082 805.557221 678.457741 567.227629 501.891482 458.342220 402.984191 338.767669 280.390620 240.800573 211.893472 179.440843 149.250809 128.107268 107.594581 91.435802 77.477093 65.208364 55.262012 46.809560 39.222476 33.231318 28.175912 23.879881 20.276756 17.249638 14.687368 12.534967 10.735682 9.208685 7.921748 6.838497 5.922634 5.148002 4.488982 3.922033 3.442057 3.024752 2.661044 2.352593 2.082161 1.846915 1.637492 1.451730 1.286218 1.136758 1.002002 0.881634 0.771340 0.673502 0.586174
3273.670467 3088.615205 2856.061835 2616.174049 2381.044827 2102.507221 1909.137450 1729.034073 1568.580276 1457.827406 1357.623799 1252.623800 1126.975014 1005.611080 854.479279 720.015353 601.872658 532.733976 486.513257 427.623037 359.694353 297.947986 255.953903 225.166988 190.681247 158.889102 136.405652 114.660679 97.548951 82.724507 69.699771 59.136819 50.158847 42.096305 35.719918 30.335172 25.754725 21.913947 18.680977 15.941377 13.636540 11.708556 10.069001 8.684610 7.518939 6.530607 5.691113 4.978331 4.361018 3.838597 3.381586 2.984434 2.643963 2.343479 2.081011 1.846514 1.638653 1.451423 1.282657 1.129752 0.992145 0.867164 0.755321 0.655829
3460.233254 3264.851722 3019.244117 2765.550778 2517.121486 2221.627073 2017.910873 1827.507658 1657.682933 1540.993661 1435.118422 1324.096643 1190.799302 1063.135449 903.272879 761.544756 636.401609 563.550380 514.651812 452.293038 380.572544 315.513419 271.097398 238.462063 201.898285 168.544970 144.784303 121.759227 103.702489 88.019510 74.233762 63.060969 53.554883 45.008451 38.257788 32.537380 27.678550 23.592226 20.152772 17.231299 14.775432 12.719377 10.962389 9.479671 8.230063 7.165707 6.262180 5.492630 4.823114 4.256608 3.757561 3.326311 2.952056 2.619627 2.328076 2.067171 1.835277 1.624604 1.434942 1.262410 1.106542 0.966013 0.839073 0.726844
3646.334097 3440.687065 3182.372325 2914.661337 2653.185269 2340.483995 2126.164099 1926.040893 1746.746718 1624.093808 1512.740837 1395.488995 1254.530691 1120.617195 952.038608 802.969905 670.908879 594.342567 542.737807 476.886921 401.520200 333.094834 286.296826 251.768446 213.256185 178.251107 153.176006 128.934414 109.907320 93.373367 78.821248 67.036485 56.998447 47.972261 40.845896 34.787198 29.644409 25.317159 21.666626 18.562290 15.952129 13.765608 11.890359 10.307594 8.972056 7.829794 6.859015 6.032069 5.306871 4.695748 4.154541 3.686106 3.276660 2.910579 2.588138 2.298316 2.040574 1.805104 1.593478 1.399952 1.223438 1.067253 0.924688 0.798804
3832.412280 3616.571544 3345.130975 3063.561703 2789.259487 2459.390672 2234.752372 2024.447300 1835.636914 1707.099817 1590.230895 1467.061189 1318.104763 1178.057311 1000.858224 844.572056 705.439160 625.177520 570.885957 501.580892 422.480742 350.727357 301.537652 265.158454 224.557840 188.057967 161.644530 136.156819 116.176253 98.778740 83.473022 71.071494 60.493784 50.990153 43.485799 37.089169 31.658246 27.082127 23.219716 19.935313 17.168738 14.847747 12.852230 11.169104 9.746767 8.524352 7.484908 6.596541 5.812755 5.156264 4.569347 4.062955 3.615715 3.215157 2.859755 2.539973 2.254693 1.991830 1.756456 1.540725 1.344084 1.170084 1.011213 0.871136
4018.663903 3792.894190 3508.680603 3213.346318 2925.846914 2578.420685 2343.605661 2123.100753 1924.870624 1790.534446 1667.952683 1538.736970 1381.859877 1235.578930 1049.877201 886.214708 740.141327 656.199657 599.144950 526.304513 443.536229 368.495225 316.917442 278.595012 236.065720 197.929267 170.187688 143.457153 122.518264 104.260861 88.176755 75.167205 64.062063 54.063714 46.190332 39.452826 33.723145 28.897602 24.821322 21.350651 18.429136 15.973300 13.854694 12.065829 10.555182 9.249525 8.139189 7.189285 6.343007 5.637485 5.003636 4.457258 3.970689 3.534512 3.144713 2.791587 2.476698 2.184873 1.925050 1.686593 1.467284 1.274923 1.099462 0.945061
3514.343288 3297.208599 3030.892355 2757.867255 2495.087693 2187.491022 1974.945096 1778.722036 1602.717742 1480.905658 1370.996960 1257.521995 1123.589633 997.227621 842.420970 705.896929 586.338425 516.362634 468.465785 409.301932 342.259704 282.024785 240.900924 210.636784 176.972956 146.905588 125.438069 104.756135 88.609011 74.730209 62.521379 52.727143 44.475658 37.059891 31.258500 26.370670 22.212480 18.773269 15.894601 13.449527 11.418165 9.728316 8.296863 7.100920 6.093991 5.248327 4.532052 3.930359 3.412953 2.976263 2.601042 2.278190 2.003503 1.763450 1.556030 1.373418 1.211893 1.068388 0.940649 0.826398 0.725010 0.632887 0.550536 0.477747
3470.649317 3259.584835 2999.208417 2732.384189 2474.635866 2172.290490 1963.197286 1769.832129 1596.554512 1476.768766 1368.688327 1256.516518 1124.130911 998.756398 844.466090 708.380135 589.053100 519.196608 471.613941 412.473637 345.291095 284.744240 243.471244 213.125441 179.224780 148.938665 127.308448 106.446851 90.122792 76.084560 63.735608 53.804752 45.430337 37.900840 32.007677 27.031504 22.799339 19.293937 16.355837 13.860168 11.782708 10.053239 8.586435 7.359643 6.325294 5.456494 4.719788 4.099120 3.565705 3.114570 2.726325 2.390122 2.105550 1.856255 1.639575 1.448673 1.279545 1.129359 0.995200 0.874783 0.767472 0.669904 0.583438 0.506296
3427.461445 3222.041768 2967.886467 2707.037513 2454.166087 2157.189422 1951.518956 1761.035067 1590.425444 1472.713990 1366.267791 1255.702152 1124.669916 1000.309476 846.549149 710.835215 591.752792 522.084782 474.729587 415.650011 348.311123 287.541894 246.116573 215.661073 181.652944 151.013903 129.212483 108.148726 91.671549 77.458242 64.971177 54.908822 46.405969 38.764256 32.769274 27.710449 23.407098 19.828551 16.831361 14.283523 12.158408 10.388073 8.885938 7.626322 6.565947 5.672026 4.914208 4.275729 3.724183 3.258941 2.856112 2.508235 2.212053 1.952370 1.726753 1.527518 1.350548 1.193145 1.052046 0.925163 0.812251 0.709008 0.617597 0.536126
3384.861514 3185.295457 2936.948493 2682.124285 2434.197672 2142.269566 1939.806539 1752.103489 1584.592501 1468.611846 1363.860736 1254.880197 1125.287040 1001.685215 848.751095 713.357029 594.497318 524.980985 477.912315 418.876335 351.365723 290.335884 248.745630 218.208749 184.084686 153.117477 131.127875 109.889086 93.236965 78.865321 66.230846 56.032845 47.404747 39.643911 33.550432 28.403555 24.025230 20.377716 17.316616 14.717176 12.546214 10.734434 9.195119 7.902916 6.813678 5.895113 5.116559 4.457827 3.889317 3.408632 2.991671 2.630573 2.323408 2.053259 1.817500 1.609240 1.424066 1.259672 1.111494 0.977773 0.858877 0.749687 0.653266 0.567452
3342.700651 3148.689829 2906.195024 2657.221565 2413.917771 2127.316849 1928.266795 1743.382015 1578.565990 1464.551737 1361.542007 1254.029084 1125.921290 1003.162063 850.860073 715.829907 597.209048 527.855530 481.192843 422.164628 354.486879 293.153233 251.416600 220.780866 186.531565 155.271297 133.091439 111.650416 94.825657 80.291008 67.507764 57.174909 48.413524 40.546664 34.347938 29.111857 24.660226 20.941659 17.816398 15.164885 12.943709 11.089025 9.513605 8.187779 7.069879 6.126383 5.325347 4.647307 4.060951 3.564698 3.132771 2.759283 2.439562 2.158355 1.913149 1.695258 1.502305 1.329252 1.173546 1.032805 0.907001 0.792231 0.690568 0.599500
3301.127832 3112.605526 2876.128803 2632.364209 2394.316220 2112.356535 1916.838683 1734.681781 1572.487397 1460.506249 1359.148789 1253.173428 1126.552546 1004.692867 853.055969 718.373917 600.022670 530.771296 484.340449 425.434412 357.580869 296.034462 254.132522 223.397509 189.044637 157.432482 135.087736 113.445076 96.447234 81.739854 68.812964 58.346379 49.456912 41.470688 35.163535 29.836946 25.310918 21.521267 18.331074 15.626243 13.355012 11.457200 9.843792 8.483713 7.336898 6.365448 5.542603 4.843420 4.238567 3.727534 3.280381 2.892661 2.560544 2.267909 2.012407 1.784481 1.582831 1.401838 1.238278 1.090349 0.957624 0.836804 0.728616 0.632802
3260.110544 3076.809834 2846.224677 2608.082050 2374.459529 2097.632908 1905.383683 1726.024917 1566.584473 1456.521806 1356.729197 1252.348069 1127.278022 1006.208845 855.184358 720.888011 602.808973 533.702276 487.567257 428.770670 360.767089 298.912171 256.853050 226.065163 191.500743 159.605861 137.092352 115.266618 98.106235 83.220697 70.141515 59.537293 50.513122 42.408861 35.997145 30.583275 25.983993 22.114207 18.859065 16.099911 13.777561 11.836919 10.182668 8.786587 7.610759 6.613627 5.767379 5.046947 4.423838 3.895645 3.433177 3.031399 2.686771 2.382152 2.115678 1.878282 1.667064 1.477153 1.305666 1.149876 1.009798 0.882611 0.769108 0.667635
3219.567348 3041.515153 2816.457797 2583.744391 2355.102794 2083.187977 1894.084436 1717.450218 1560.653011 1452.428734 1354.386876 1251.470425 1127.697379 1007.640297 857.339964 723.334288 605.580784 536.662810 490.865185 432.082931 363.923323 301.822282 259.629337 228.726039 194.068440 161.858096 139.147891 117.115991 99.773991 84.730091 71.501585 60.753673 51.589873 43.367100 36.854184 31.342573 26.666627 22.725675 19.401210 16.587677 14.213063 12.226333 10.533001 9.100918 7.895763 6.870319 5.999553 5.257733 4.615778 4.070450 3.592207 3.176019 2.818735 2.501501 2.223998 1.975570 1.755539 1.556231 1.375367 1.211917 1.064439 0.930909 0.810785 0.703348
3179.591184 3006.401418 2787.190588 2560.004357 2335.691443 2068.642922 1882.744470 1709.014863 1554.717322 1448.357175 1352.084736 1250.613190 1128.335538 1009.144612 859.594742 725.903864 608.346040 539.642024 494.115838 435.492987 367.128569 304.762573 262.398432 231.436724 196.662324 164.088863 141.223594 118.991039 101.474297 86.257905 72.880108 61.994798 52.694000 44.355083 37.729834 32.122461 27.372205 23.348286 19.957713 17.088288 14.660715 12.629485 10.895068 9.425826 8.189140 7.135372 6.240934 5.476682 4.815745 4.252780 3.757988 3.327549 2.955661 2.625972 2.336470 2.076471 1.846558 1.637956 1.448573 1.276726 1.121089 0.981043 0.853554 0.740548
3335.463514 3146.226957 2910.168757 2665.312931 2426.000955 2141.941033 1944.602690 1761.567211 1597.884162 1485.180961 1382.383737 1275.616695 1147.445731 1024.186470 870.047313 733.402700 612.976580 542.746332 495.429457 435.556424 366.362156 303.538783 260.807999 229.370086 194.116760 161.968139 139.115719 116.904342 99.503124 84.421005 71.151969 60.379728 51.231402 43.032787 36.523641 31.028127 26.363121 22.452826 19.151050 16.346344 13.995306 12.024655 10.351539 8.934314 7.742250 6.729525 5.869755 5.136778 4.505603 3.967061 3.498599 3.092065 2.739373 2.428909 2.156218 1.913539 1.696254 1.502393 1.327754 1.168636 1.023420 0.893169 0.777078 0.673259
3325.606943 3136.819894 2900.736426 2656.705618 2418.089865 2134.986579 1938.202290 1755.807392 1592.672032 1480.336005 1377.759247 1271.420230 1143.728972 1020.771405 867.308000 730.946086 610.987436 540.861130 493.709624 434.080563 365.176988 302.527111 259.908625 228.608692 193.363358 161.395906 138.619340 116.512250 99.147727 84.115011 70.888060 60.158900 51.043751 42.865414 36.383488 30.905150 26.256218 22.357678 19.069984 16.277330 13.934337 11.973562 10.303481 8.892395 7.704929 6.695395 5.839877 5.111111 4.481631 3.946762 3.478859 3.073543 2.723538 2.414187 2.143362 1.902410 1.686908 1.494149 1.319736 1.161264 1.018406 0.888766 0.773002 0.670177
3312.354094 3124.234947 2889.239935 2646.114549 2408.481966 2126.436988 1930.770378 1748.824015 1586.273105 1474.402700 1372.575653 1266.529705 1139.350513 1016.915653 864.085594 728.163639 608.662876 538.714558 491.895881 432.482387 363.839578 301.407277 258.893034 227.751988 192.752198 160.774131 138.064271 116.058391 98.743979 83.773854 70.591539 59.900914 50.825264 42.671472 36.220593 30.766488 26.135251 22.249584 18.975455 16.194087 13.861854 11.907477 10.247847 8.842706 7.659877 6.656545 5.805131 5.080314 4.452893 3.921160 3.455424 3.052454 2.704927 2.397221 2.128917 1.889138 1.676030 1.484359 1.311101 1.153407 1.012199 0.883946 0.769252 0.667193
3295.510680 3108.676799 2874.746638 2633.045281 2396.423613 2116.050866 1921.396614 1740.168716 1578.606097 1467.277254 1366.145492 1260.645296 1134.060199 1012.178562 860.014777 724.699966 605.739579 536.176440 489.659689 430.416377 362.058020 299.951459 257.648580 226.640617 191.897604 159.968830 137.371965 115.465616 98.233654 83.330394 70.213127 59.583217 50.541334 42.424115 36.010690 30.584115 25.975716 22.109122 18.849486 16.086304 13.765668 11.824313 10.171360 8.775375 7.599930 6.602587 5.756323 5.037071 4.413869 3.886694 3.423823 3.023119 2.678601 2.374482 2.108638 1.870912 1.660284 1.470889 1.299129 1.143330 1.004301 0.877219 0.763416 0.662820
3273.757063 3088.751779 2856.091306 2616.162778 2381.054167 2102.532613 1909.026962 1728.991308 1568.639511 1457.821815 1357.545997 1252.605937 1126.963795 1005.678081 854.471416 720.000581 601.870100 532.752484 486.517521 427.599048 359.642871 297.932618 255.945758 225.180553 190.718392 158.872066 136.425981 114.662523 97.550473 82.722412 69.698336 59.134240 50.157412 42.091372 35.718159 30.331608 25.757158 21.913362 18.681056 15.940324 13.636000 11.708217 10.067946 8.685485 7.518488 6.529724 5.690877 4.978490 4.361483 3.838726 3.381251 2.984515 2.644533 2.343229 2.081114 1.846472 1.638843 1.451649 1.282700 1.129652 0.992291 0.867302 0.755649 0.655898
3245.331016 3062.241029 2831.438966 2593.545419 2360.529484 2084.627428 1892.727202 1714.055278 1555.074307 1445.216918 1345.788045 1241.869600 1117.310943 996.930728 846.950322 713.677328 596.565841 528.040733 482.214786 423.850863 356.408643 295.264232 253.645551 223.108273 188.957812 157.423285 135.139924 113.545180 96.610120 81.899876 68.995555 58.531445 49.641476 41.643292 35.327397 29.993716 25.463661 21.656034 18.454052 15.743312 13.460776 11.554578 9.931071 8.562768 7.411206 6.433117 5.604471 4.900895 4.291449 3.776172 3.324773 2.933562 2.598217 2.302960 2.044670 1.814485 1.610052 1.425880 1.260480 1.111547 0.975916 0.853683 0.744522 0.646488
3208.118736 3027.098830 2798.686040 2563.501873 2333.159996 2060.836070 1870.896152 1694.362675 1537.185381 1428.540524 1330.052309 1227.358171 1104.383238 985.133159 836.964922 705.149488 589.545516 521.764411 476.472349 418.775599 352.132074 291.695825 250.567796 220.370974 186.606167 155.477482 133.439840 112.105333 95.359247 80.823492 68.085123 57.745606 48.947247 41.057608 34.820659 29.550867 25.081074 21.320298 18.160764 15.488993 13.235183 11.355339 9.754075 8.406275 7.271152 6.308950 5.494393 4.801259 4.203093 3.695863 3.253670 2.868511 2.540121 2.250921 1.997972 1.773124 1.573703 1.393866 1.233042 1.087480 0.955409 0.835842 0.729714 0.634063
3159.728817 2981.203074 2756.020207 2524.499996 2297.721477 2029.746032 1842.336241 1668.602767 1513.900805 1406.826791 1309.775812 1208.660235 1087.718084 970.158402 824.176912 694.282752 580.462649 513.666672 469.088633 412.331226 346.668865 287.087775 246.603925 216.910038 183.638104 152.975855 131.275120 110.270084 93.773139 79.445663 66.912466 56.736292 48.075277 40.308062 34.168481 28.988797 24.596931 20.894589 17.789297 15.164548 12.949062 11.101779 9.531877 8.208973 7.096448 6.152021 5.354224 4.676483 4.091319 3.595841 3.162792 2.786905 2.466599 2.185615 1.939534 1.720895 1.527250 1.353270 1.197448 1.056679 0.928850 0.813445 0.710301 0.618268
3097.179609 2921.265242 2700.909219 2474.195235 2251.987709 1989.907708 1805.987628 1635.885189 1484.034810 1379.030062 1283.792311 1184.615903 1066.330335 950.981195 807.880336 680.483924 568.971643 503.351125 459.669330 404.102349 339.812178 281.282298 241.553476 212.493532 179.874217 149.785397 128.509589 107.950464 91.719355 77.722393 65.424902 55.463487 46.967790 39.365236 33.352734 28.277029 23.983531 20.359938 17.320495 14.757292 12.589766 10.782763 9.253550 7.960961 6.876088 5.956325 5.179671 4.519169 3.949926 3.468400 3.048779 2.684185 2.375084 2.102881 1.865939 1.655769 1.469352 1.301470 1.151958 1.016823 0.894916 0.784277 0.685765 0.597474
3325.814369 3137.302011 2901.255296 2657.493884 2418.980965 2135.748819 1939.431503 1756.777584 1593.456351 1481.031948 1378.934363 1272.422694 1144.499649 1021.541703 868.046319 731.652015 611.545821 541.190101 494.220685 434.369085 365.458182 302.865092 260.098181 228.811266 193.834907 161.514759 138.700279 116.602550 99.250014 84.172585 70.954073 60.206577 51.105816 42.880592 36.412362 30.934893 26.273833 22.366187 19.078323 16.285008 13.940675 11.980931 10.307972 8.901109 7.708415 6.699266 5.842009 5.116038 4.483199 3.948641 3.479972 3.076155 2.725649 2.416011 2.145785 1.903477 1.689024 1.494453 1.319945 1.162932 1.020041 0.890521 0.775210 0.672011
3314.158842 3126.211255 2890.791545 2647.638288 2410.035961 2128.084504 1931.976644 1750.235832 1587.522305 1475.609963 1373.533663 1267.409770 1140.108021 1017.572076 864.492492 728.633299 609.070630 539.051101 492.237868 432.655754 363.983297 301.591263 259.047715 227.886536 192.924533 160.863321 138.122090 116.119449 98.800759 83.802542 70.634742 59.932956 50.856944 42.679167 36.235894 30.783883 26.143742 22.253331 18.977823 16.198951 13.862683 11.912897 10.247654 8.845254 7.660676 6.656705 5.804363 5.080806 4.452097 3.921360 3.455534 3.053861 2.705854 2.397325 2.128878 1.888486 1.675861 1.483055 1.309802 1.153334 1.012189 0.883462 0.768745 0.667261
3298.029663 3110.918770 2876.699034 2634.952593 2398.252537 2117.715361 1922.798210 1741.561554 1579.781716 1468.444115 1366.982014 1261.404112 1134.820126 1012.709359 860.383574 725.065404 606.127321 536.514719 489.883957 430.616350 362.255787 300.140431 257.796576 226.772896 192.008013 160.068782 137.446967 115.534207 98.296202 83.366804 70.255983 59.616480 50.572633 42.443867 36.026678 30.599366 25.989057 22.118250 18.860363 16.097635 13.774293 11.831277 10.178280 8.781398 7.605366 6.607172 5.760121 5.040570 4.416698 3.889021 3.426605 3.027005 2.681304 2.376332 2.109657 1.871890 1.661001 1.470706 1.299063 1.143922 1.003923 0.876751 0.763322 0.662435
3277.668029 3092.138539 2859.357546 2619.137892 2383.804550 2105.144174 1911.437638 1730.996730 1570.357111 1459.546964 1359.167515 1254.052214 1128.243720 1006.889801 855.448799 720.840043 602.525330 533.317161 487.091368 428.123963 360.105806 298.308250 256.253982 225.443173 190.916498 159.078063 136.578830 114.808544 97.669385 82.832293 69.795728 59.217234 50.228459 42.149388 35.773015 30.376782 25.797076 21.949209 18.709549 15.966251 13.659153 11.731220 10.086735 8.700067 7.533208 6.542609 5.703167 4.989201 4.370443 3.846798 3.389108 2.991769 2.651069 2.348829 2.085834 1.850808 1.642478 1.455074 1.285199 1.132114 0.993875 0.868867 0.756703 0.657029
3251.542458 3068.001166 2836.775404 2598.474406 2364.951316 2088.668604 1896.144267 1717.143602 1557.891170 1447.827487 1348.246180 1244.078163 1119.345936 998.763293 848.671560 715.078443 597.673579 529.006048 483.146455 424.716725 357.161222 295.785653 254.085666 223.579923 189.291627 157.705388 135.417232 113.790903 96.799546 82.090582 69.151133 58.665085 49.753092 41.741580 35.413467 30.065500 25.520627 21.712681 18.503607 15.783689 13.497711 11.586716 9.960011 8.589659 7.432987 6.453275 5.622862 4.916715 4.306175 3.788477 3.336697 2.942818 2.607215 2.310841 2.052711 1.821261 1.616681 1.432454 1.265723 1.115142 0.980004 0.857049 0.747108 0.648693
3216.435218 3034.297356 2805.349804 2569.694726 2338.628276 2065.541141 1875.230754 1698.112516 1540.590169 1431.717901 1332.918391 1229.940883 1106.933203 987.546925 839.118645 706.809807 590.855435 522.956059 477.609776 419.831281 353.037621 292.314185 251.084867 220.968685 187.028781 155.787746 133.770547 112.396934 95.592749 81.045503 68.262827 57.895177 49.081722 41.172463 34.918794 29.633716 25.148535 21.383911 18.215972 15.531872 13.276257 11.390783 9.786670 8.434670 7.295401 6.330343 5.513515 4.818181 4.218400 3.708789 3.264533 2.877297 2.549514 2.259422 2.006530 1.780118 1.580313 1.400592 1.237751 1.091526 0.959695 0.839477 0.732574 0.636597
3167.416278 2987.365293 2762.139342 2529.836539 2302.448900 2033.840474 1846.163772 1672.053717 1516.848948 1409.623267 1312.158800 1210.824984 1089.754765 972.121302 825.863733 695.739899 581.576529 514.767556 470.049403 413.263765 347.437896 287.630365 247.031243 217.405609 183.883732 153.241001 131.538519 110.518110 93.951504 79.643099 67.056246 56.863317 48.187882 40.410210 34.251543 29.057908 24.653413 20.950542 17.836550 15.201755 12.984069 11.130043 9.558777 8.231949 7.115941 6.169871 5.370170 4.689512 4.102929 3.605194 3.171738 2.793964 2.473612 2.190982 1.945922 1.726945 1.531718 1.358439 1.200816 1.059674 0.932029 0.816112 0.712531 0.619708
3098.615650 2922.352366 2701.959368 2475.107298 2252.441740 1989.975098 1806.339899 1635.897371 1484.167454 1378.956647 1283.665385 1184.581516 1066.449923 951.064275 808.049207 680.656805 569.078176 503.526440 459.761041 404.254533 339.942116 281.379770 241.558703 212.526975 179.730190 149.800511 128.529699 108.004246 91.742563 77.762830 65.440482 55.479695 46.979855 39.383590 33.362470 28.286774 23.990837 20.368647 17.329136 14.758887 12.594533 10.785608 9.255412 7.961839 6.878029 5.956178 5.179832 4.519155 3.949168 3.467541 3.047999 2.683543 2.374115 2.101306 1.865147 1.654870 1.467940 1.301999 1.151547 1.016262 0.894667 0.784336 0.685808 0.597288
2999.210583 2828.132359 2614.984197 2395.503768 2180.154377 1926.865806 1748.970147 1583.653739 1436.705634 1334.697689 1242.735025 1147.131289 1032.676654 920.941445 782.600129 659.094627 551.021667 487.477138 445.047338 391.380782 329.054614 272.387018 233.744483 205.601942 173.931032 144.877846 124.250779 104.385435 88.573633 75.062980 63.130549 53.494183 45.246985 37.922793 32.092468 27.185368 23.037563 19.538715 16.604112 14.128772 12.040023 10.294250 8.823746 7.578957 6.537863 5.652801 4.909371 4.276373 3.731115 3.271052 2.871427 2.525641 2.230775 1.972410 1.749775 1.552194 1.375932 1.221088 1.079919 0.953718 0.840951 0.737713 0.646653 0.564174
3440.488177 3253.734671 3017.396449 2772.106043 2529.827012 2239.123072 2037.444627 1848.372926 1678.822852 1561.821278 1455.410660 1344.004181 1210.528165 1082.598126 922.123091 778.989393 651.570621 576.580047 526.291038 463.230301 390.863067 324.307441 278.361757 244.957107 207.966737 173.526831 149.029030 125.516330 106.904432 90.781767 76.614991 65.106096 55.333582 46.506869 39.550178 33.653647 28.641027 24.426762 20.873175 17.852645 15.318058 13.199433 11.378682 9.848894 8.550364 7.451280 6.513012 5.713708 5.021964 4.431046 3.917269 3.468359 3.079387 2.732654 2.428918 2.157643 1.915006 1.694704 1.496919 1.315923 1.152631 1.006352 0.873518 0.755575
3391.659012 3205.605694 2970.787879 2727.033229 2487.283091 2200.076847 2001.118813 1814.688728 1647.806895 1532.713304 1428.043008 1318.607866 1187.379249 1061.369940 903.477642 762.688830 637.875432 564.442702 515.374873 453.459823 382.314770 317.044211 272.206630 239.534227 203.281326 169.475023 145.561453 122.527309 104.331334 88.570446 74.711670 63.463993 53.907932 45.290938 38.494465 32.737959 27.843677 23.731590 20.266969 17.323320 14.853636 12.788256 11.015158 9.524446 8.263808 7.194854 6.283904 5.509467 4.838380 4.266469 3.767401 3.333371 2.957751 2.624708 2.332401 2.071370 1.838198 1.627657 1.437766 1.264863 1.108546 0.968278 0.841131 0.728755
3342.537454 3157.060520 2923.444001 2681.586387 2443.828327 2160.359839 1963.730792 1779.812165 1615.728457 1502.501372 1399.755655 1292.088752 1163.088710 1039.086358 883.813169 745.581428 623.439540 551.747271 503.846749 443.124118 373.221765 309.432939 265.700530 233.786470 198.264063 165.239311 141.897864 119.380654 101.620165 86.229089 72.711515 61.732426 52.404036 44.005240 37.383094 31.769996 27.008797 23.002648 19.630886 16.767900 14.363110 12.353510 10.634362 9.187091 7.962594 6.926894 6.044631 5.295047 4.645730 4.093739 3.611850 3.192311 2.831160 2.511071 2.230871 1.980834 1.758178 1.557226 1.375677 1.210653 1.062040 0.927633 0.807543 0.699825
3294.448551 3109.703301 2876.607144 2636.139262 2400.246750 2120.283809 1926.101694 1744.549332 1583.033662 1471.554825 1370.604003 1264.877727 1138.197961 1016.036781 863.572970 727.954761 608.544197 538.650300 491.906308 432.423880 363.871348 301.489968 258.969892 227.847822 193.059875 160.867078 138.130479 116.125053 98.808765 83.807483 70.633319 59.940936 50.860450 42.689611 36.236424 30.780277 26.146380 22.251497 18.975695 16.197042 13.860643 11.907802 10.243629 8.840346 7.655901 6.652871 5.800329 5.076101 4.449121 3.917298 3.452863 3.048177 2.701397 2.395470 2.127619 1.887645 1.675590 1.484199 1.311716 1.154908 1.013936 0.885892 0.771628 0.669520
3248.379933 3063.110656 2830.797048 2591.479742 2357.340840 2080.662147 1888.366035 1709.481039 1550.431900 1440.605905 1341.302895 1237.264893 1113.019828 992.629654 843.092633 710.095596 593.462116 525.333411 479.740436 421.562121 354.427012 293.499228 252.145822 221.793957 187.765466 156.379357 134.283340 112.809310 95.957647 81.358768 68.527540 58.122177 49.281276 41.346200 35.073107 29.771566 25.272552 21.492389 18.313102 15.619284 13.353595 11.458309 9.849254 8.490285 7.347557 6.377373 5.555301 4.855978 4.251908 3.740480 3.292691 2.904806 2.572165 2.279050 2.023055 1.794839 1.592575 1.411090 1.246428 1.098295 0.965043 0.843431 0.735322 0.638679
3204.930887 3018.375909 2786.435572 2547.951489 2315.451439 2041.853867 1851.604366 1675.013560 1518.201017 1409.969391 1312.279715 1210.091568 1087.819377 969.582622 822.650476 692.255392 578.405689 512.022566 467.599215 410.695334 344.930546 285.448243 245.276480 215.690421 182.431817 151.931521 130.415903 109.490092 93.093167 78.888846 66.411967 56.299911 47.706769 40.002890 33.907902 28.760497 24.397503 20.732104 17.651468 15.041427 12.847878 11.012053 9.457716 8.143430 7.038931 6.103233 5.311298 4.637495 4.056172 3.564736 3.134504 2.761767 2.444126 2.164684 1.920432 1.702714 1.510904 1.338773 1.182617 1.042333 0.916490 0.800996 0.699289 0.607905
3164.254491 2976.098141 2744.409313 2506.626335 2275.301563 2004.655505 1816.064772 1641.560116 1486.942705 1380.192825 1283.974002 1183.491011 1063.293318 946.851467 802.761180 674.745891 563.607126 498.909578 455.565177 399.916266 335.524892 277.482006 238.498038 209.690377 177.192961 147.503300 126.601000 106.203827 90.264360 76.453374 64.323665 54.498759 46.148031 38.672928 32.759584 27.770398 23.537745 19.984386 16.999294 14.475513 12.350786 10.574490 9.073315 7.803524 6.738755 5.836050 5.072841 4.424200 3.865327 3.393267 2.980229 2.623375 2.319289 2.052583 1.820008 1.613085 1.430899 1.267431 1.120022 0.987683 0.869057 0.759801 0.663619 0.577271
3126.493140 2936.527658 2705.007557 2467.567132 2237.226263 1969.228653 1782.133054 1609.600146 1456.967150 1351.554608 1256.732555 1157.806093 1039.638573 924.896039 783.245776 657.911243 549.180780 486.117267 443.805225 389.409660 326.365633 269.725368 231.858950 203.773174 171.981612 143.156380 122.857808 102.993210 87.488566 74.068515 62.282646 52.737222 44.625980 37.378603 31.638649 26.799353 22.699346 19.256762 16.366821 13.923932 11.868219 10.149502 8.700132 7.474786 6.447373 5.577333 4.842553 4.217784 3.681092 3.226959 2.831062 2.489026 2.198423 1.944691 1.723824 1.526347 1.353670 1.198693 1.059457 0.934346 0.822870 0.719793 0.628991 0.547834
3091.439924 2900.658584 2668.749871 2431.731264 2202.124512 1936.364199 1750.513799 1579.622489 1428.797307 1324.463237 1230.922837 1133.499010 1017.130550 903.851220 764.631526 641.607866 535.350529 473.836582 432.536821 379.307375 317.494959 262.195215 225.448058 198.076693 167.007535 138.963539 119.251187 99.875875 84.801970 71.755666 60.307936 51.030663 43.150219 36.124830 30.556008 25.862821 21.890486 18.555356 15.756673 13.393125 11.403220 9.740103 8.341999 7.157870 6.168779 5.329944 4.622296 4.020672 3.505342 3.068580 2.689221 2.362089 2.084155 1.841981 1.631889 1.444003 1.280014 1.133738 1.001266 0.883439 0.778987 0.681734 0.596169 0.519478
3407.729867 3219.682486 2983.667607 2738.019566 2497.816017 2211.588465 2015.952230 1833.322335 1670.663575 1558.699262 1454.702453 1342.410487 1204.047383 1070.212153 907.105300 766.751861 646.645170 578.140493 528.741759 460.545546 384.958063 321.509052 279.348899 244.703204 205.949989 173.237713 148.985384 124.843812 106.873335 90.571760 76.580742 65.078603 55.347442 46.538632 39.607470 33.724066 28.722286 24.518872 20.971358 17.954047 15.414870 13.291453 11.473589 9.934230 8.638955 7.534472 6.592491 5.792530 5.096838 4.506447 3.983786 3.531083 3.137036 2.786953 2.477034 2.201268 1.954785 1.730697 1.527647 1.343320 1.176271 1.026543 0.890460 0.770539
3378.590006 3191.379675 2955.646406 2711.142882 2472.123580 2187.565305 1992.292242 1810.089700 1647.941184 1536.226741 1433.182895 1322.427453 1187.027840 1055.936205 895.506754 756.246085 636.578622 567.934547 519.345020 453.262850 379.349712 316.171046 274.067995 240.374343 202.470246 169.963653 146.184521 122.549902 104.773069 88.810749 75.028909 63.738948 54.174265 45.533821 38.725883 32.950213 28.048242 23.926918 20.448690 17.494579 15.011273 12.928555 11.152261 9.646681 8.381555 7.303346 6.385124 5.604914 4.927124 4.352445 3.844580 3.404913 3.022629 2.684101 2.385439 2.119241 1.881115 1.666330 1.471074 1.294163 1.134191 0.990368 0.859627 0.744589
3349.712631 3163.171725 2928.055523 2684.823303 2446.806468 2163.971985 1969.253553 1787.457703 1625.842751 1514.387425 1412.208754 1303.095500 1170.339599 1042.048412 884.119506 746.110057 626.794873 558.046495 510.186291 446.157709 373.847204 311.027957 268.960995 236.152625 199.179744 166.840265 143.453304 120.346529 102.740497 87.105759 73.531344 62.440223 53.044500 44.561318 37.877469 32.214192 27.400687 23.356382 19.947596 17.053822 14.617252 12.582233 10.843523 9.372744 8.134803 7.082309 6.186413 5.425098 4.764451 4.205202 3.711034 3.283665 2.914528 2.586259 2.297865 2.041303 1.811931 1.605393 1.417572 1.247397 1.093646 0.955499 0.830480 0.719400
3321.306060 3135.284913 2901.258085 2659.143742 2422.263941 2140.953627 1946.689639 1765.419018 1604.307181 1493.055056 1391.591339 1284.017866 1154.078869 1028.415994 873.022795 736.246785 617.343234 548.469982 501.256913 439.208835 368.519657 306.047758 264.025661 232.030735 195.933932 163.821894 140.798160 118.179709 100.773566 85.451157 72.076974 61.188242 51.950677 43.626387 37.057694 31.498076 26.776077 22.808269 19.466082 16.629768 14.243194 12.250065 10.546699 9.109730 7.899560 6.871099 5.997251 5.254306 4.610152 4.064212 3.585032 3.168722 2.810701 2.493446 2.214813 1.966597 1.745824 1.546528 1.366130 1.202477 1.054797 0.921817 0.801908 0.695250
3293.460180 3108.016435 2874.640180 2633.956430 2398.049522 2118.378211 1924.565611 1743.975482 1583.271768 1472.313916 1371.638331 1265.507713 1138.048407 1014.997437 862.106375 726.702344 608.194806 539.211515 492.591143 432.443104 363.338148 301.293341 259.259521 227.986726 192.890115 160.909226 138.217401 116.098867 98.864961 83.834560 70.675694 59.976381 50.892892 42.716224 36.269017 30.810911 26.174018 22.280900 19.001417 16.221318 13.883396 11.930006 10.263772 8.857592 7.674026 6.668415 5.815561 5.090483 4.462350 3.930935 3.463848 3.059749 2.712106 2.404214 2.135608 1.895530 1.682114 1.489906 1.317029 1.159464 1.017908 0.889296 0.774051 0.672083
3265.866628 3080.988127 2848.648299 2609.242209 2374.337790 2096.478327 1903.086447 1723.061959 1562.736312 1452.124074 1352.051531 1247.484027 1122.481136 1001.967878 851.460613 717.413831 599.331259 530.194890 484.097269 425.749584 358.253273 296.632771 254.640696 224.031751 189.813443 158.084203 135.709762 114.088650 97.026999 82.284530 69.316520 58.802882 49.872136 41.847330 35.503907 30.143554 25.594271 21.771314 18.557369 15.829336 13.538630 11.623249 9.991494 8.616294 7.458044 6.475161 5.642601 4.933974 4.321334 3.802256 3.349070 2.955279 2.617903 2.319970 2.059745 1.827414 1.621900 1.436677 1.269181 1.118236 0.982125 0.858611 0.748130 0.649388
3238.872638 3054.569772 2823.175260 2584.962370 2351.223092 2074.883100 1882.079655 1702.573736 1542.806878 1432.414743 1332.983215 1229.847919 1107.308331 989.121735 841.053939 708.378621 590.811620 521.457184 475.858990 419.200247 353.301317 292.172472 250.150801 220.214864 186.913076 155.380812 133.268718 112.125756 95.256536 80.775652 68.002528 57.670691 48.880338 41.000205 34.767394 29.504088 25.033419 21.279824 18.124243 15.452739 13.206008 11.328318 9.730975 8.384962 7.251479 6.290408 5.476566 4.784892 4.187120 3.680609 3.239100 2.856125 2.528219 2.239307 1.987821 1.762984 1.564105 1.385231 1.224289 1.078720 0.948026 0.828726 0.722274 0.627682
3212.305741 3028.082720 2798.249942 2561.115567 2328.536247 2053.807109 1861.541867 1682.721954 1523.415614 1413.149061 1314.340628 1212.622502 1092.446066 976.664855 830.972893 699.571145 582.518171 513.073818 467.838948 412.867141 348.517872 287.847674 245.833319 216.437167 184.109094 152.759910 130.895136 110.234940 93.521367 79.309083 66.740538 56.576883 47.926955 40.184270 34.056632 28.885892 24.493290 20.808231 17.710551 15.089913 12.886753 11.047733 9.480627 8.164802 7.053499 6.113291 5.318067 4.642573 4.058266 3.563513 3.134293 2.761189 2.442617 2.162235 1.918502 1.700975 1.508926 1.336342 1.181008 1.040768 0.915101 0.800214 0.697999 0.606687
3186.022417 3002.167376 2773.597591 2537.721547 2306.365790 2033.252552 1841.621730 1663.319706 1504.380408 1394.517248 1296.161024 1195.855979 1077.866265 964.296396 821.115302 691.102256 574.567934 504.864009 459.992955 406.565370 343.820368 283.690401 241.612211 212.762939 181.378784 150.229933 128.581549 108.406725 91.864123 77.898252 65.511017 55.512241 47.007808 39.392118 33.369616 28.288286 23.975642 20.354006 17.314040 14.741702 12.580818 10.775108 9.239914 7.951103 6.864059 5.943776 5.166183 4.505708 3.935411 3.451982 3.034330 2.671323 2.361020 2.088910 1.853220 1.642115 1.456494 1.289745 1.139249 1.004407 0.883521 0.772393 0.674215 0.586273
3236.491058 3058.517612 2833.009921 2599.576365 2369.482358 2095.209930 1904.116506 1725.556392 1566.964933 1456.948891 1357.225804 1252.517650 1127.052167 1005.470644 853.913839 719.170161 600.843077 531.285116 484.854478 425.622637 357.544258 295.762363 253.718096 222.796764 188.266977 156.603136 134.213193 112.527584 95.547777 80.809210 67.914438 57.470440 48.626406 40.685666 34.421149 29.145158 24.657685 20.911777 17.767937 15.104675 12.877553 11.017843 9.439602 8.114916 6.996339 6.052762 5.254720 4.578593 3.994538 3.501104 3.073737 2.703848 2.386711 2.108678 1.865900 1.650836 1.460308 1.289989 1.135907 0.998683 0.875282 0.762206 0.662807 0.574292
3243.830420 3064.369326 2837.430728 2602.660704 2371.848297 2096.755784 1904.965377 1726.339554 1567.260287 1457.067236 1357.311373 1252.489533 1126.974249 1005.355728 854.087031 719.321543 601.029453 531.591344 485.138689 426.039515 357.963993 296.190126 254.150490 223.263216 188.758638 157.057054 134.636047 112.949100 95.951257 81.186991 68.261947 57.789825 48.923979 40.955123 34.669189 29.372570 24.866359 21.103822 17.943014 15.265685 13.022680 11.150698 9.560473 8.225085 7.095222 6.144573 5.337709 4.654934 4.063656 3.565009 3.131749 2.756955 2.435337 2.153232 1.906784 1.687973 1.493944 1.320593 1.163712 1.023385 0.897333 0.781711 0.680446 0.589700
3251.009365 3070.430256 2842.064053 2606.068105 2373.987364 2098.293850 1906.063676 1727.000176 1567.572410 1457.290893 1357.414307 1252.424476 1127.039852 1005.517440 854.141443 719.517853 601.243742 531.890260 485.468560 426.426359 358.388538 296.605218 254.599891 223.727401 189.235706 157.493562 135.067719 113.368121 96.330814 81.556035 68.607827 58.113037 49.222202 41.229590 34.925297 29.605531 25.083176 21.298290 18.120329 15.427188 13.170300 11.284400 9.683043 8.333775 7.196786 6.235756 5.422299 4.732472 4.134442 3.630421 3.191424 2.810827 2.485129 2.198253 1.948455 1.725604 1.528393 1.351600 1.192063 1.048706 0.919903 0.802369 0.698182 0.605344
3258.403751 3076.207003 2846.532372 2609.151093 2376.275977 2099.647124 1907.064071 1727.509485 1567.904634 1457.491889 1357.348560 1252.536921 1126.962732 1005.541593 854.221352 719.646376 601.381462 532.172744 485.797138 426.823778 358.785904 297.000982 255.017305 224.187516 189.698948 157.958302 135.509673 113.784158 96.715156 81.929407 68.955814 58.440988 49.521963 41.505464 35.179111 29.837710 25.300063 21.495298 18.298817 15.591887 13.317762 11.420333 9.805077 8.445091 7.299444 6.329886 5.507404 4.810590 4.206698 3.696437 3.251871 2.866050 2.535533 2.244439 1.990215 1.764147 1.563209 1.383962 1.220928 1.074356 0.943002 0.822948 0.716332 0.621463
3265.725775 3082.111884 2851.163610 2612.401789 2378.563816 2100.992880 1908.056146 1728.200010 1568.204033 1457.568071 1357.443376 1252.603250 1126.971473 1005.562082 854.416963 719.872559 601.613511 532.403855 486.146124 427.189592 359.211573 297.460326 255.452410 224.651075 190.187359 158.408783 135.944280 114.197938 97.111079 82.301693 69.310411 58.774476 49.824125 41.784286 35.436099 30.073968 25.514194 21.694144 18.479921 15.756132 13.468523 11.557236 9.929748 8.558543 7.402894 6.424861 5.594312 4.890524 4.279828 3.763050 3.313129 2.921723 2.586681 2.290627 2.033352 1.803212 1.599534 1.416014 1.249715 1.100481 0.966168 0.843903 0.734945 0.637843
3272.986784 3088.197697 2855.577534 2615.725391 2380.721383 2102.436843 1909.054863 1728.940499 1568.484043 1457.794367 1357.597918 1252.586297 1126.967749 1005.659842 854.459729 720.008171 601.838160 532.710315 486.495093 427.583404 359.650905 297.897710 255.898706 225.110325 190.599492 158.855619 136.382008 114.609306 97.514964 82.686575 69.665132 59.101399 50.133884 42.067805 35.694220 30.307119 25.734634 21.894391 18.663659 15.923257 13.620330 11.695829 10.056064 8.673951 7.508807 6.520933 5.682317 4.971213 4.353774 3.832085 3.375400 2.978900 2.638837 2.339017 2.076851 1.842897 1.635428 1.448843 1.279809 1.127148 0.989634 0.865204 0.753503 0.654292
3280.414711 3094.203215 2860.263458 2619.116382 2383.167750 2103.830211 1910.039938 1729.489346 1568.868602 1457.947398 1357.653356 1252.624375 1127.033199 1005.710384 854.555596 720.096868 602.019310 532.980105 486.818048 427.963846 360.082582 298.342778 256.331073 225.584118 191.092833 159.287305 136.821064 115.031365 97.901127 83.062004 70.023193 59.437592 50.435856 42.345238 35.954394 30.547239 25.956160 22.097117 18.848865 16.091282 13.773733 11.836785 10.183268 8.789488 7.616011 6.618498 5.771755 5.052147 4.429552 3.901113 3.438299 3.037214 2.692070 2.387217 2.121151 1.883002 1.672052 1.481485 1.310092 1.154071 1.014071 0.886556 0.772419 0.670966
3287.648050 3100.013960 2864.687069 2622.419396 2385.413132 2105.354159 1910.934365 1730.190010 1569.094536 1458.116695 1357.682307 1252.694349 1126.939336 1005.697395 854.680906 720.368354 602.247697 533.261893 487.177251 428.384660 360.493696 298.753337 256.793435 226.058134 191.595142 159.739957 137.253787 115.457149 98.305793 83.451595 70.378518 59.777047 50.751232 42.633080 36.217136 30.788443 26.180039 22.300674 19.034263 16.262904 13.928381 11.978586 10.313784 8.906454 7.723445 6.716848 5.862593 5.134967 4.505829 3.971243 3.502432 3.095929 2.746140 2.436792 2.166154 1.924083 1.709638 1.516046 1.340622 1.181228 1.038064 0.908651 0.791616 0.687828
3295.017887 3105.904287 2869.383290 2625.584987 2387.825020 2106.764488 1912.181824 1730.870723 1569.430124 1458.313532 1357.674642 1252.733176 1126.903995 1005.750676 854.725059 720.448340 602.425421 533.508668 487.466456 428.772492 360.879511 299.201185 257.195881 226.499525 192.113927 160.190435 137.700489 115.880096 98.691833 83.833363 70.735966 60.108312 51.056476 42.915090 36.482577 31.030463 26.404701 22.505881 19.223015 16.435637 14.087138 12.122322 10.443781 9.025924 7.833493 6.817807 5.954132 5.218693 4.584543 4.042775 3.567395 3.156308 2.800597 2.486644 2.212109 1.965385 1.747906 1.550060 1.371659 1.209271 1.063281 0.930818 0.811686 0.704873
3273.739778 3088.098217 2856.000310 2615.930998 2381.185323 2102.582738 1909.002791 1728.903037 1568.549416 1457.790250 1357.670060 1252.651143 1126.936710 1005.693827 854.492043 719.994739 601.886417 532.705175 486.446754 427.631281 359.699206 297.962233 255.956582 225.165543 190.644314 158.892867 136.411195 114.660502 97.543311 82.724998 69.689421 59.139902 50.161244 42.094488 35.718034 30.332257 25.757182 21.911875 18.679624 15.940319 13.633831 11.709205 10.068096 8.684839 7.518900 6.529990 5.691115 4.978509 4.360755 3.838304 3.381811 2.984800 2.644385 2.344134 2.080900 1.846745 1.638940 1.451104 1.282715 1.129668 0.991908 0.866844 0.754701 0.655041
3273.767085 3088.450579 2855.989947 2616.003290 2381.009090 2102.448651 1909.012981 1728.991161 1568.534643 1457.812536 1357.596369 1252.616491 1126.980921 1005.627417 854.425559 720.025926 601.877428 532.737525 486.495972 427.614360 359.698583 297.944560 255.950833 225.169555 190.695266 158.893309 136.415752 114.652518 97.541295 82.722441 69.697185 59.135474 50.153255 42.094698 35.715064 30.332779 25.755333 21.914574 18.681295 15.939958 13.634496 11.709047 10.067584 8.683591 7.519239 6.530436 5.690982 4.978123 4.361350 3.838662 3.381302 2.984622 2.644410 2.344000 2.081075 1.846230 1.638659 1.451720 1.282551 1.129525 0.992095 0.867456 0.755313 0.655530
3273.743991 3088.699519 2856.063216 2616.148067 2381.056664 2102.537199 1909.227050 1728.993584 1568.595293 1457.795055 1357.540678 1252.674749 1127.009554 1005.598536 854.501174 719.970612 601.865325 532.733452 486.523042 427.637934 359.693728 297.923702 255.949013 225.178173 190.711687 158.883142 136.415709 114.655432 97.545329 82.721545 69.697816 59.132154 50.159194 42.090850 35.721071 30.331542 25.756419 21.913563 18.681077 15.938938 13.635800 11.709666 10.067420 8.684538 7.518784 6.530121 5.691379 4.978359 4.360897 3.838527 3.381623 2.984431 2.644425 2.343186 2.081355 1.846691 1.638720 1.451908 1.282655 1.129667 0.992151 0.866996 0.755534 0.655848
3273.722665 3088.874751 2856.278935 2616.276818 2380.927496 2102.642981 1909.247248 1729.019341 1568.587685 1457.839121 1357.593016 1252.602778 1126.941949 1005.697516 854.458826 720.006291 601.860073 532.772085 486.539183 427.639954 359.703678 297.930845 255.940469 225.179090 190.718958 158.887912 136.422834 114.655038 97.536818 82.724323 69.701708 59.129843 50.153709 42.090139 35.717351 30.334916 25.759392 21.915219 18.681467 15.939552 13.636591 11.708326 10.068938 8.684306 7.518862 6.529591 5.691719 4.978309 4.360838 3.839206 3.380666 2.984572 2.644090 2.343035 2.080942 1.846427 1.638664 1.452011 1.282975 1.129865 0.992473 0.867106 0.755709 0.656268
3273.699314 3088.827151 2856.324790 2616.126941 2381.098963 2102.719802 1909.405331 1729.065940 1568.464673 1457.821000 1357.580127 1252.579697 1127.000492 1005.697425 854.432116 719.998468 601.890500 532.756413 486.583727 427.668394 359.693468 297.962513 255.915007 225.160580 190.717762 158.873370 136.429924 114.659303 97.542606 82.734707 69.706074 59.134501 50.169664 42.090403 35.720611 30.332661 25.754795 21.915004 18.683284 15.939523 13.636497 11.708592 10.069154 8.684356 7.518756 6.530351 5.691498 4.978139 4.362204 3.839947 3.380961 2.984771 2.644126 2.343715 2.080319 1.846435 1.638593 1.451977 1.282531 1.129872 0.992840 0.867590 0.756098 0.656582
3273.789739 3088.782800 2856.403028 2616.396855 2381.013612 2102.721595 1909.511754 1729.009127 1568.542958 1457.790291 1357.478801 1252.599933 1127.015337 1005.641617 854.461955 719.958917 601.841843 532.774849 486.589215 427.683773 359.695578 297.950183 255.909532 225.157431 190.726939 158.875296 136.428676 114.654609 97.546137 82.728122 69.709834 59.133732 50.168009 42.092654 35.721529 30.329518 25.754774 21.916983 18.682964 15.939845 13.636486 11.709955 10.069094 8.683814 7.518969 6.529804 5.691463 4.978055 4.362030 3.840312 3.380234 2.983747 2.644026 2.342847 2.080997 1.846592 1.638400 1.451634 1.282848 1.130094 0.992791 0.867618 0.756227 0.657139
3273.765211 3088.575304 2856.409006 2616.431523 2380.977619 2102.886525 1909.532317 1729.110393 1568.532093 1457.778933 1357.498232 1252.599717 1126.987351 1005.718824 854.515983 720.010455 601.870775 532.783076 486.629984 427.658933 359.689293 297.948597 255.937984 225.186094 190.738464 158.872137 136.424523 114.657269 97.546985 82.726135 69.718165 59.134943 50.170679 42.089210 35.721053 30.330225 25.755775 21.917420 18.683732 15.938597 13.636400 11.708510 10.069704 8.683816 7.518828 6.530267 5.691335 4.977792 4.362578 3.840681 3.380814 2.984518 2.643586 2.342769 2.080763 1.846608 1.638317 1.451749 1.282774 1.130236 0.992812 0.867772 0.756608 0.657472
3273.708761 3088.441488 2856.607160 2616.577794 2381.205459 2103.050794 1909.688462 1729.072441 1568.540094 1457.754621 1357.570403 1252.582655 1126.953211 1005.651445 854.486784 719.999715 601.826295 532.807161 486.654940 427.699908 359.662582 297.922137 255.911667 225.163569 190.750544 158.859848 136.429297 114.648982 97.535372 82.729553 69.726631 59.133071 50.172865 42.091088 35.721034 30.327753 25.754206 21.917669 18.683681 15.939596 13.637752 11.708319 10.070189 8.684334 7.519064 6.530843 5.692065 4.977598 4.363066 3.841642 3.379938 2.984148 2.644012 2.342957 2.080795 1.846556 1.638258 1.451754 1.282851 1.130105 0.993460 0.868529 0.757029 0.657859
3273.711385 3088.141682 2856.748522 2616.614538 2380.907825 2102.961788 1909.833454 1729.200172 1568.406473 1457.821334 1357.490613 1252.612832 1127.000253 1005.622638 854.546425 720.063286 601.854679 532.818528 486.715139 427.709027 359.680312 297.946887 255.918696 225.167021 190.771349 158.851125 136.430210 114.650262 97.539165 82.730826 69.722878 59.128766 50.176570 42.091177 35.720229 30.328086 25.753673 21.919664 18.683645 15.939702 13.637798 11.708944 10.069948 8.683014 7.519144 6.530362 5.691925 4.976708 4.363545 3.842427 3.380105 2.983949 2.643694 2.342223 2.080390 1.846406 1.638367 1.451589 1.282716 1.130445 0.993407 0.868397 0.757253 0.658276
