# mean(lg_P) also median/mode
3.515050 3.489774 3.455777 3.417655 3.376779 3.322773 3.280842 3.237800 3.195499 3.163690 3.132755 3.097812 3.051903 3.002457 2.931704 2.857324 2.779512 2.726490 2.687075 2.631100 2.555970 2.474132 2.408149 2.352502 2.280339 2.201095 2.134878 2.059391 1.989204 1.917634 1.843195 1.771851 1.700366 1.624224 1.552909 1.481882 1.410885 1.340725 1.271398 1.202485 1.134681 1.068493 1.002984 0.938791 0.876164 0.814949 0.755176 0.697099 0.639621 0.584193 0.529146 0.474830 0.422299 0.369869 0.318360 0.266383 0.214555 0.161890 0.108115 0.052978 -0.003336 -0.061813 -0.121790 -0.183247
3.527425 3.500532 3.464805 3.424785 3.382175 3.326403 3.283164 3.239181 3.195948 3.163604 3.131980 3.096062 3.048316 2.996692 2.923333 2.847124 2.768708 2.716368 2.676535 2.617997 2.539657 2.457041 2.391775 2.334621 2.258912 2.179805 2.112941 2.035130 1.964290 1.891204 1.815478 1.742538 1.669902 1.592072 1.519454 1.446938 1.374053 1.302447 1.231554 1.160666 1.091139 1.023115 0.955810 0.889714 0.825106 0.761968 0.700208 0.640166 0.580668 0.523250 0.466154 0.410239 0.355981 0.301796 0.248797 0.195788 0.142515 0.089031 0.034410 -0.021049 -0.077518 -0.136748 -0.196243 -0.257430
3.531209 3.499533 3.458483 3.412805 3.364883 3.304019 3.257447 3.211418 3.167798 3.136241 3.106027 3.070284 3.019770 2.962218 2.881215 2.799172 2.720815 2.673627 2.636294 2.572744 2.485911 2.402220 2.342310 2.283268 2.200588 2.123361 2.056681 1.974686 1.904543 1.829233 1.752548 1.677960 1.603893 1.524526 1.450337 1.376272 1.301459 1.227985 1.155124 1.082117 1.010418 0.940012 0.870182 0.801816 0.734439 0.668757 0.604175 0.541321 0.478846 0.418237 0.358982 0.300058 0.243627 0.187656 0.133315 0.078915 0.024599 -0.029420 -0.084136 -0.139112 -0.194446 -0.250903 -0.309938 -0.369004
3.528281 3.498105 3.458628 3.414705 3.368395 3.309060 3.263535 3.218094 3.174641 3.142957 3.112460 3.076925 3.027436 2.971934 2.893297 2.812946 2.734493 2.685761 2.648133 2.586513 2.502303 2.418737 2.357364 2.299429 2.218900 2.141023 2.074727 1.994131 1.923913 1.849548 1.773332 1.699413 1.625972 1.547265 1.473760 1.400370 1.326357 1.253673 1.181621 1.109478 1.038707 0.969293 0.900445 0.833014 0.766720 0.702062 0.638594 0.576847 0.515545 0.456095 0.397888 0.340110 0.284597 0.229508 0.175932 0.122237 0.068575 0.015092 -0.039298 -0.094272 -0.149533 -0.206806 -0.265589 -0.324965
3.525080 3.496283 3.458382 3.416104 3.371350 3.313546 3.268941 3.224135 3.180953 3.149147 3.118486 3.083121 3.034689 2.980988 2.904636 2.825916 2.747461 2.697440 2.659321 2.599485 2.517841 2.434553 2.371821 2.314768 2.236668 2.158054 2.091926 2.012780 1.942516 1.868981 1.793234 1.719997 1.647184 1.569146 1.496251 1.423523 1.350257 1.278380 1.207061 1.135868 1.065952 0.997381 0.929507 0.862997 0.797757 0.734028 0.671724 0.611005 0.550803 0.492549 0.435171 0.378486 0.323826 0.269618 0.216667 0.163559 0.110482 0.057378 0.003235 -0.051611 -0.107215 -0.164932 -0.223717 -0.283355
3.521584 3.494148 3.457717 3.417045 3.373794 3.317387 3.273798 3.229626 3.186759 3.154917 3.124095 3.088839 3.041428 2.989411 2.915212 2.838144 2.759775 2.708564 2.670017 2.611711 2.532489 2.449678 2.385659 2.329300 2.253416 2.174428 2.108387 2.030570 1.960307 1.887590 1.812275 1.739813 1.667449 1.590103 1.517845 1.445784 1.373359 1.302137 1.231553 1.161224 1.092127 1.024474 0.957446 0.891809 0.827597 0.764831 0.703482 0.643803 0.584632 0.527455 0.470995 0.415201 0.361439 0.307920 0.255558 0.203090 0.150382 0.097556 0.043672 -0.011336 -0.067085 -0.125317 -0.184078 -0.244779
3.517844 3.491693 3.456704 3.417561 3.375684 3.320684 3.278072 3.234537 3.192017 3.160189 3.129287 3.094224 3.047708 2.997227 2.925024 2.849569 2.771508 2.719213 2.680152 2.623200 2.546424 2.464209 2.398980 2.343082 2.269295 2.190174 2.124105 2.047658 1.977405 1.905384 1.830609 1.758782 1.686977 1.610303 1.538584 1.467139 1.395562 1.324944 1.255155 1.185614 1.117258 1.050502 0.984371 0.919563 0.856317 0.794435 0.734141 0.675328 0.617178 0.561023 0.505448 0.450608 0.397523 0.344627 0.292714 0.240577 0.188494 0.135778 0.081969 0.026916 -0.029191 -0.087588 -0.146928 -0.208067
3.513903 3.488960 3.455345 3.417642 3.377133 3.323509 3.281872 3.238997 3.196827 3.165032 3.134100 3.099203 3.053523 3.004463 2.934286 2.860355 2.782616 2.729364 2.689787 2.634080 2.559593 2.477998 2.411734 2.356185 2.284639 2.205359 2.139104 2.064000 1.993796 1.922420 1.848161 1.776990 1.705630 1.629637 1.558526 1.487676 1.416901 1.346926 1.277780 1.209126 1.141492 1.075570 1.010239 0.946276 0.883948 0.822986 0.763507 0.705629 0.648389 0.593203 0.538388 0.484368 0.432059 0.379787 0.328243 0.276422 0.224761 0.172072 0.118436 0.063281 0.006643 -0.051886 -0.112001 -0.173402
3.509719 3.485992 3.453679 3.417385 3.378195 3.325878 3.285201 3.242984 3.201217 3.169516 3.138520 3.103748 3.058921 3.011228 2.942879 2.870501 2.793154 2.739097 2.698955 2.644406 2.572103 2.491274 2.423985 2.368634 2.299379 2.219908 2.153434 2.079639 2.009584 1.938770 1.865061 1.794426 1.723566 1.648251 1.577670 1.507412 1.437414 1.368039 1.299601 1.231692 1.164825 1.099703 1.035174 0.971967 0.910506 0.850378 0.791767 0.734727 0.678432 0.624183 0.570071 0.516938 0.465062 0.413337 0.362287 0.310702 0.259289 0.206744 0.153019 0.097565 0.040655 -0.018061 -0.078723 -0.141104
3.505345 3.482713 3.451716 3.416746 3.378856 3.327820 3.288062 3.246535 3.205173 3.173616 3.142616 3.108028 3.063882 3.017514 2.950887 2.880075 2.803217 2.748404 2.707775 2.654135 2.583926 2.504025 2.435751 2.380468 2.313180 2.233896 2.167185 2.094605 2.024700 1.954419 1.881270 1.811196 1.740810 1.666127 1.596062 1.526410 1.457113 1.388398 1.320579 1.253462 1.187227 1.122869 1.059240 0.996727 0.936174 0.876763 0.819061 0.762716 0.707316 0.653835 0.600544 0.548100 0.496839 0.445547 0.394688 0.343496 0.292213 0.239599 0.185799 0.130188 0.072785 0.013832 -0.047474 -0.110304
3.500800 3.479244 3.449491 3.415825 3.379148 3.329436 3.290552 3.249735 3.208812 3.177343 3.146321 3.111970 3.068377 3.023346 2.958486 2.889080 2.812789 2.757301 2.716170 2.663334 2.595169 2.516189 2.447065 2.391851 2.326607 2.247353 2.180273 2.108958 2.039276 1.969436 1.896844 1.827312 1.757399 1.683298 1.613752 1.544671 1.476106 1.407926 1.340756 1.274391 1.208915 1.145320 1.082338 1.020619 0.960793 0.902230 0.845250 0.789606 0.735069 0.682413 0.629798 0.578129 0.527232 0.476392 0.425868 0.374718 0.323724 0.270946 0.217150 0.161265 0.103380 0.044092 -0.017790 -0.081174
3.518943 3.494798 3.462299 3.425768 3.386745 3.334890 3.295222 3.253991 3.213175 3.181881 3.150468 3.114341 3.066649 3.016156 2.946106 2.874715 2.801079 2.750476 2.709277 2.649615 2.574008 2.496483 2.433238 2.374674 2.301058 2.226129 2.159372 2.083537 2.015190 1.943257 1.869997 1.799117 1.728162 1.652886 1.582287 1.512080 1.442134 1.372779 1.304272 1.236474 1.169711 1.104646 1.040238 0.977090 0.915760 0.855659 0.797131 0.740174 0.683761 0.629629 0.575667 0.522643 0.470927 0.419199 0.367996 0.316334 0.264770 0.211983 0.158246 0.102642 0.045327 -0.013254 -0.074059 -0.136703
3.517963 3.493560 3.460658 3.423744 3.384268 3.331861 3.291632 3.249955 3.208786 3.177377 3.146088 3.110237 3.063017 3.012751 2.942457 2.870366 2.795707 2.744554 2.703835 2.645026 2.569496 2.490858 2.427002 2.369187 2.295904 2.219928 2.153299 2.077483 2.008710 1.936863 1.863313 1.792313 1.721275 1.645744 1.574945 1.504565 1.434318 1.364743 1.296092 1.228008 1.160958 1.095667 1.030932 0.967465 0.905870 0.845466 0.786743 0.729430 0.672779 0.618351 0.564082 0.510732 0.458856 0.406880 0.355613 0.304022 0.252315 0.199627 0.145942 0.090439 0.033421 -0.025180 -0.085858 -0.148124
3.516988 3.492301 3.459030 3.421698 3.381801 3.328814 3.288028 3.245923 3.204376 3.172865 3.141701 3.106105 3.059310 3.009337 2.938919 2.865971 2.790275 2.738513 2.698327 2.640423 2.564959 2.485226 2.420734 2.363662 2.290679 2.213602 2.147174 2.071448 2.002209 1.930461 1.856649 1.785530 1.714279 1.638603 1.567649 1.497027 1.426508 1.356772 1.287887 1.219493 1.152214 1.086595 1.021606 0.957908 0.896024 0.835312 0.776238 0.718720 0.661764 0.606973 0.552406 0.498848 0.446624 0.394580 0.343235 0.291573 0.239848 0.187158 0.133522 0.078113 0.021350 -0.037183 -0.097649 -0.159521
3.516033 3.491036 3.457402 3.419668 3.379281 3.325781 3.284440 3.241823 3.199948 3.168305 3.137236 3.101974 3.055608 3.005900 2.935275 2.861644 2.784893 2.732537 2.692790 2.635754 2.560412 2.479665 2.414452 2.358130 2.285650 2.207357 2.141067 2.065428 1.995748 1.924055 1.849951 1.778682 1.707356 1.631365 1.560296 1.489452 1.418698 1.348755 1.279643 1.210982 1.143472 1.077561 1.012336 0.948363 0.886096 0.825110 0.765725 0.707865 0.650669 0.595614 0.540737 0.486934 0.434540 0.382333 0.330742 0.278908 0.227209 0.174432 0.120805 0.065513 0.008907 -0.049488 -0.109676 -0.171257
3.515043 3.489789 3.455755 3.417658 3.376761 3.322759 3.280857 3.237777 3.195515 3.163694 3.132761 3.097800 3.051930 3.002457 2.931681 2.857362 2.779511 2.726493 2.687076 2.631055 2.555949 2.474150 2.408131 2.352493 2.280404 2.201070 2.134904 2.059385 1.989186 1.917654 1.843227 1.771845 1.700337 1.624181 1.552911 1.481874 1.410897 1.340746 1.271407 1.202493 1.134648 1.068526 1.002966 0.938706 0.876206 0.814944 0.755210 0.697105 0.639607 0.584188 0.529105 0.474862 0.422266 0.369823 0.318238 0.266305 0.214506 0.161873 0.108117 0.053095 -0.003315 -0.061785 -0.121715 -0.183133
3.514086 3.488509 3.454147 3.415623 3.374296 3.319730 3.277255 3.233728 3.191034 3.159076 3.128223 3.093624 3.048182 2.999004 2.928139 2.853038 2.774093 2.720395 2.681377 2.626341 2.551429 2.468615 2.401754 2.346851 2.275173 2.194798 2.128658 2.053391 1.982653 1.911190 1.836521 1.765021 1.693389 1.616986 1.545504 1.474345 1.403061 1.332707 1.263131 1.193974 1.125849 1.059538 0.993622 0.929155 0.866224 0.804726 0.744648 0.686235 0.628457 0.572713 0.517369 0.462828 0.410084 0.357455 0.305704 0.253718 0.201700 0.149081 0.095221 0.040225 -0.015954 -0.074373 -0.134111 -0.195196
3.513111 3.487264 3.452513 3.413602 3.371808 3.316740 3.273645 3.229655 3.186563 3.154396 3.123662 3.089372 3.044422 2.995514 2.924562 2.848794 2.768730 2.714273 2.675594 2.621565 2.546985 2.463147 2.395392 2.341076 2.270087 2.188489 2.122390 2.047326 1.976070 1.904738 1.829774 1.758141 1.686355 1.609785 1.538128 1.466714 1.395237 1.324635 1.254888 1.185431 1.117070 1.050421 0.984255 0.919551 0.856295 0.794436 0.734121 0.675386 0.617386 0.561232 0.505563 0.450829 0.397777 0.344934 0.293099 0.240956 0.188931 0.136298 0.082308 0.027500 -0.028584 -0.086876 -0.146518 -0.207680
3.512151 3.485987 3.450878 3.411583 3.369315 3.313756 3.270078 3.225564 3.182035 3.149734 3.119050 3.085182 3.040647 2.992070 2.920997 2.844564 2.763344 2.708118 2.669726 2.616793 2.542542 2.457648 2.388949 2.335305 2.264996 2.182184 2.116084 2.041316 1.969431 1.898248 1.822991 1.751270 1.679245 1.602539 1.530723 1.459126 1.387345 1.316563 1.246583 1.176846 1.108272 1.041313 0.974891 0.909899 0.846343 0.784171 0.723551 0.664507 0.606149 0.549610 0.493831 0.438756 0.385394 0.332449 0.280414 0.228099 0.176012 0.123355 0.069432 0.014446 -0.041316 -0.099916 -0.159128 -0.219859
3.511190 3.484737 3.449255 3.409578 3.366839 3.310757 3.266476 3.221492 3.177478 3.145008 3.114385 3.080897 3.036875 2.988534 2.917388 2.840340 2.757967 2.701943 2.663818 2.611963 2.538120 2.452159 2.382483 2.329469 2.259882 2.175883 2.109743 2.035334 1.962813 1.891775 1.816188 1.744372 1.672195 1.595318 1.523294 1.451494 1.379485 1.308513 1.238308 1.168330 1.099474 1.032247 0.965499 0.900249 0.836360 0.773927 0.712938 0.653587 0.594895 0.538069 0.481910 0.426574 0.373017 0.319860 0.267687 0.215314 0.163014 0.110262 0.056225 0.001314 -0.054285 -0.112724 -0.171807 -0.232437
3.475309 3.447838 3.411593 3.371134 3.327613 3.271025 3.225799 3.179456 3.133774 3.099150 3.066329 3.030787 2.985750 2.937304 2.866967 2.790108 2.706865 2.647658 2.606029 2.553657 2.481575 2.395599 2.322053 2.266214 2.197959 2.113680 2.043715 1.969842 1.895350 1.822547 1.745846 1.672086 1.598216 1.519470 1.445421 1.371725 1.297543 1.224076 1.151313 1.078875 1.007318 0.936984 0.867519 0.799111 0.731903 0.666350 0.602025 0.539074 0.476845 0.415920 0.357266 0.298203 0.241921 0.186498 0.132180 0.077779 0.023797 -0.029951 -0.084529 -0.139068 -0.194139 -0.250290 -0.309192 -0.367511
3.485639 3.458730 3.423065 3.383179 3.340343 3.284426 3.240090 3.194579 3.149829 3.115979 3.083672 3.048290 3.003075 2.954255 2.883767 2.807411 2.725619 2.668110 2.627226 2.573843 2.500795 2.415775 2.344323 2.288760 2.219340 2.136098 2.067331 1.992926 1.919574 1.847092 1.770924 1.697763 1.624563 1.546403 1.473046 1.400064 1.326679 1.254062 1.182170 1.110582 1.039996 0.970757 0.902316 0.834985 0.768966 0.704529 0.641452 0.579782 0.518761 0.459385 0.401710 0.343904 0.288733 0.234100 0.180678 0.126986 0.073824 0.020501 -0.033697 -0.088349 -0.143463 -0.200699 -0.259060 -0.318462
3.495709 3.469343 3.434246 3.394959 3.352782 3.297514 3.253981 3.209319 3.165439 3.132318 3.100527 3.065285 3.019836 2.970758 2.900121 2.824418 2.743940 2.688059 2.647791 2.593485 2.519624 2.435572 2.366116 2.310613 2.240124 2.158206 2.090431 2.015531 1.943242 1.871116 1.795571 1.722997 1.650381 1.572820 1.500232 1.427828 1.355209 1.283495 1.212452 1.141754 1.072120 1.003954 0.936430 0.870208 0.805326 0.742003 0.680073 0.619650 0.559886 0.501836 0.445115 0.388607 0.334320 0.280540 0.227802 0.174926 0.122115 0.069238 0.015238 -0.039480 -0.094790 -0.152712 -0.211518 -0.271376
3.505516 3.479689 3.445145 3.406473 3.364917 3.310275 3.267587 3.223754 3.180669 3.148221 3.116886 3.081790 3.036109 2.986824 2.916100 2.841054 2.761897 2.707535 2.667734 2.612517 2.537961 2.455049 2.387370 2.331832 2.260631 2.179867 2.112908 2.037690 1.966493 1.894645 1.819640 1.747665 1.675623 1.598772 1.526816 1.455185 1.383315 1.312358 1.242151 1.172434 1.103670 1.036531 0.970034 0.904801 0.841091 0.778861 0.718002 0.658802 0.600161 0.543470 0.487544 0.432232 0.378908 0.325781 0.273748 0.221286 0.169117 0.116323 0.062459 0.007694 -0.048258 -0.106358 -0.165530 -0.226183
3.515031 3.489773 3.455769 3.417675 3.376763 3.322763 3.280835 3.237798 3.195501 3.163689 3.132753 3.097808 3.051927 3.002441 2.931715 2.857325 2.779477 2.726502 2.687101 2.631059 2.555920 2.474111 2.408135 2.352489 2.280290 2.201082 2.134899 2.059402 1.989232 1.917660 1.843222 1.771870 1.700347 1.624218 1.552939 1.481912 1.410906 1.340736 1.271394 1.202496 1.134676 1.068529 1.002967 0.938769 0.876115 0.814938 0.755212 0.697099 0.639613 0.584185 0.529122 0.474847 0.422294 0.369875 0.318291 0.266316 0.214505 0.161858 0.108139 0.053064 -0.003366 -0.061838 -0.121788 -0.183248
3.524333 3.499576 3.466126 3.428593 3.388358 3.334939 3.293815 3.251476 3.209961 3.178753 3.148167 3.113381 3.067255 3.017674 2.946942 2.873313 2.796711 2.745058 2.705905 2.649077 2.573479 2.492862 2.428468 2.372573 2.299635 2.221918 2.156323 2.080621 2.011473 1.940130 1.866333 1.795566 1.724592 1.649084 1.578472 1.508137 1.437944 1.368565 1.300078 1.232019 1.165104 1.099987 1.035332 0.972103 0.910593 0.850339 0.791698 0.734653 0.678262 0.623982 0.569697 0.516486 0.464615 0.412714 0.361606 0.310005 0.258508 0.205783 0.152087 0.096575 0.039461 -0.019094 -0.080093 -0.142127
3.533357 3.509098 3.476239 3.439258 3.399651 3.346852 3.306435 3.264883 3.224024 3.193408 3.163152 3.128456 3.082151 3.032480 2.961823 2.888933 2.813567 2.763106 2.724183 2.666568 2.590704 2.511282 2.448232 2.392061 2.318570 2.242354 2.177196 2.101442 2.033206 1.962091 1.888925 1.818736 1.748311 1.673563 1.603577 1.533852 1.464479 1.395873 1.328170 1.261012 1.194992 1.130797 1.067101 1.004828 0.944406 0.885134 0.827483 0.771400 0.716019 0.662841 0.609391 0.556965 0.505847 0.454457 0.403582 0.352251 0.300921 0.248176 0.194257 0.138314 0.080600 0.021469 -0.040230 -0.103352
3.542152 3.518357 3.486040 3.449633 3.410683 3.358502 3.318743 3.277929 3.237733 3.207671 3.177757 3.143109 3.096624 3.046948 2.976399 2.904267 2.830066 2.780695 2.741884 2.683584 2.607518 2.529317 2.467554 2.411056 2.337211 2.262424 2.197590 2.121758 2.054505 1.983592 1.911101 1.841432 1.771476 1.697469 1.628176 1.559106 1.490527 1.422668 1.355769 1.289470 1.224348 1.161041 1.098282 1.037001 0.977607 0.919194 0.862563 0.807410 0.752982 0.700831 0.647978 0.596524 0.545861 0.495040 0.444259 0.393235 0.341868 0.288848 0.234847 0.178275 0.119906 0.060182 -0.002266 -0.066417
3.550714 3.527345 3.495621 3.459741 3.421401 3.369821 3.330754 3.290651 3.251082 3.221537 3.191927 3.157302 3.110749 3.061051 2.990614 2.919272 2.846187 2.797866 2.759195 2.700202 2.624044 2.547013 2.486520 2.429501 2.355182 2.282009 2.217453 2.141728 2.075337 2.004588 1.932748 1.863642 1.794241 1.720892 1.652268 1.583856 1.516102 1.448946 1.382860 1.317420 1.253189 1.190760 1.128922 1.068441 1.010136 0.952677 0.896914 0.842663 0.789070 0.737878 0.685835 0.635020 0.584884 0.534259 0.483765 0.432724 0.381347 0.328149 0.273609 0.216697 0.157217 0.096918 0.033448 -0.031574
3.402513 3.376853 3.342784 3.304682 3.263661 3.210620 3.168217 3.124975 3.082975 3.050699 3.019641 2.984859 2.939775 2.889449 2.818707 2.743559 2.666041 2.612413 2.572924 2.517319 2.441292 2.358129 2.291637 2.236369 2.163376 2.081869 2.015045 1.938464 1.866209 1.793014 1.716693 1.643304 1.569272 1.490605 1.416506 1.342602 1.268199 1.194201 1.120964 1.048297 0.976144 0.905091 0.834897 0.765739 0.697901 0.631146 0.566076 0.502190 0.438649 0.377286 0.317445 0.257080 0.199840 0.143794 0.089105 0.034352 -0.020173 -0.073414 -0.128359 -0.183020 -0.236671 -0.291724 -0.349887 -0.407595
3.433463 3.407904 3.373836 3.335759 3.294754 3.241489 3.199201 3.156005 3.113937 3.081767 3.050721 3.015899 2.970593 2.920497 2.849751 2.774823 2.697222 2.643754 2.604308 2.548558 2.472712 2.389976 2.323576 2.268216 2.195595 2.114530 2.047790 1.971488 1.899782 1.827028 1.751227 1.678336 1.604991 1.526946 1.453531 1.380409 1.306868 1.233918 1.161739 1.090066 1.019015 0.949257 0.880332 0.812501 0.746072 0.680841 0.617242 0.554932 0.493298 0.433575 0.375073 0.316392 0.260594 0.205703 0.152168 0.098385 0.044830 -0.007949 -0.062257 -0.116629 -0.170793 -0.227183 -0.285245 -0.343417
3.462417 3.436962 3.402923 3.364806 3.323862 3.270348 3.228196 3.185005 3.142865 3.110856 3.079841 3.044973 2.999464 2.949558 2.878830 2.804065 2.726421 2.673095 2.633702 2.577826 2.502243 2.419753 2.353518 2.298057 2.225664 2.145155 2.078584 2.002561 1.931341 1.859054 1.783737 1.711327 1.638621 1.561194 1.488499 1.416097 1.343500 1.271466 1.200297 1.129540 1.059570 0.991142 0.923392 0.856836 0.791693 0.727932 0.665653 0.604834 0.544817 0.486620 0.429436 0.372287 0.317768 0.263875 0.211137 0.158165 0.105435 0.052831 -0.001027 -0.055522 -0.110462 -0.167701 -0.225733 -0.285190
3.489538 3.464200 3.430178 3.392055 3.351144 3.297354 3.255306 3.212224 3.170028 3.138096 3.107123 3.072214 3.026532 2.976853 2.906097 2.831523 2.753758 2.700610 2.661190 2.605288 2.529902 2.447764 2.381658 2.326118 2.253925 2.173918 2.107574 2.031791 1.961117 1.889174 1.814304 1.742428 1.670335 1.593535 1.521548 1.449878 1.378033 1.306999 1.236780 1.166945 1.098124 1.030830 0.964198 0.898822 0.834961 0.772516 0.711639 0.652149 0.593512 0.536819 0.480692 0.425056 0.371549 0.318516 0.266449 0.214181 0.161888 0.109318 0.055674 0.000875 -0.054706 -0.112747 -0.171651 -0.231962
3.515035 3.489764 3.455768 3.417667 3.376768 3.322738 3.280837 3.237804 3.195507 3.163706 3.132780 3.097821 3.051915 3.002430 2.931702 2.857342 2.779505 2.726511 2.687095 2.631061 2.555934 2.474141 2.408162 2.352505 2.280311 2.201095 2.134833 2.059415 1.989223 1.917634 1.843232 1.771859 1.700348 1.624244 1.552911 1.481947 1.410858 1.340721 1.271400 1.202527 1.134705 1.068504 1.002987 0.938751 0.876157 0.814954 0.755198 0.697085 0.639589 0.584173 0.529122 0.474865 0.422258 0.369863 0.318276 0.266355 0.214489 0.161798 0.108117 0.052989 -0.003420 -0.061892 -0.121858 -0.183198
3.539105 3.513864 3.479898 3.441782 3.400904 3.346671 3.304902 3.261859 3.219502 3.187801 3.156888 3.121920 3.075839 3.026589 2.955819 2.881696 2.803732 2.750933 2.711514 2.655420 2.580438 2.499018 2.433126 2.377420 2.305137 2.226717 2.160722 2.085503 2.015790 1.944579 1.870602 1.799761 1.728800 1.653294 1.582720 1.512383 1.442144 1.372769 1.304335 1.236319 1.169541 1.104466 1.039906 0.976794 0.915404 0.855260 0.796726 0.739781 0.683328 0.629065 0.574907 0.521967 0.470127 0.418241 0.366999 0.315379 0.263704 0.210751 0.156841 0.101207 0.043973 -0.015010 -0.076189 -0.138547
3.561857 3.536645 3.502751 3.464588 3.423768 3.369306 3.327597 3.284666 3.242230 3.210611 3.179765 3.144727 3.098482 3.049458 2.978655 2.904700 2.826664 2.774037 2.734590 2.678416 2.603708 2.522568 2.456817 2.401002 2.328905 2.251033 2.185191 2.110370 2.041027 1.970223 1.896644 1.826312 1.755864 1.680991 1.611149 1.541420 1.471944 1.403415 1.335792 1.268632 1.202819 1.138796 1.075195 1.013158 0.952892 0.893751 0.836262 0.780467 0.724840 0.671706 0.618525 0.566571 0.515434 0.463982 0.412989 0.361412 0.309755 0.256506 0.202352 0.146119 0.087587 0.028275 -0.033993 -0.097548
3.583472 3.558297 3.524413 3.486227 3.445489 3.390828 3.349230 3.306307 3.263787 3.232259 3.201460 3.166449 3.119950 3.071167 3.000373 2.926637 2.848460 2.796004 2.756550 2.700341 2.625807 2.544970 2.479342 2.423506 2.351332 2.274293 2.208561 2.134040 2.065118 1.994664 1.921547 1.851696 1.781711 1.707487 1.638348 1.569248 1.500488 1.432683 1.365857 1.299624 1.234739 1.171661 1.108979 1.048019 0.988861 0.930662 0.874187 0.819317 0.764383 0.712336 0.659856 0.608846 0.558197 0.507204 0.456331 0.404831 0.353090 0.299256 0.244644 0.187731 0.128431 0.068225 0.004853 -0.059903
3.604082 3.578971 3.545144 3.506958 3.466252 3.411354 3.369885 3.326971 3.284402 3.252983 3.222184 3.187165 3.140465 3.091871 3.021139 2.947539 2.869315 2.817036 2.777532 2.721238 2.646930 2.566432 2.500947 2.444974 2.373037 2.296511 2.230928 2.156723 2.088201 2.018122 1.945355 1.876029 1.806601 1.732906 1.664551 1.596079 1.527929 1.460862 1.394825 1.329412 1.265505 1.203395 1.141597 1.081558 1.023466 0.966120 0.910582 0.856687 0.802296 0.751086 0.699287 0.649071 0.598869 0.548332 0.497583 0.445853 0.393876 0.339430 0.284449 0.227017 0.166520 0.105494 0.041192 -0.024529
3.545844 3.518147 3.481571 3.440574 3.397086 3.339947 3.295555 3.250108 3.204857 3.170528 3.137037 3.099516 3.050608 2.998795 2.925530 2.848742 2.768149 2.712955 2.670678 2.612044 2.534356 2.450288 2.381839 2.323535 2.247911 2.167040 2.098430 2.020180 1.947478 1.873496 1.796029 1.722035 1.648123 1.568904 1.494968 1.421122 1.346598 1.273540 1.201250 1.128708 1.057597 0.988038 0.918914 0.851315 0.784902 0.720022 0.656295 0.594433 0.533131 0.473672 0.415149 0.357594 0.301793 0.246365 0.192020 0.137805 0.083467 0.028732 -0.026566 -0.082805 -0.139650 -0.198667 -0.259204 -0.320791
3.540411 3.513162 3.477007 3.436542 3.393512 3.336918 3.292964 3.247932 3.203184 3.169313 3.136305 3.099169 3.050817 2.999460 2.926583 2.850267 2.770155 2.715332 2.673587 2.615397 2.538186 2.454455 2.386448 2.328636 2.253402 2.173009 2.104858 2.027134 1.954835 1.881297 1.804383 1.730821 1.657347 1.578649 1.505254 1.431871 1.357923 1.285421 1.213673 1.141769 1.071246 1.002307 0.933813 0.866857 0.801081 0.736914 0.673923 0.612692 0.552146 0.493399 0.435579 0.378424 0.323368 0.268640 0.214733 0.160973 0.107058 0.052836 -0.002084 -0.058094 -0.114932 -0.173980 -0.233994 -0.295582
3.534973 3.508131 3.472447 3.432494 3.389904 3.333888 3.290373 3.245768 3.201514 3.168119 3.135536 3.098887 3.051026 3.000135 2.927653 2.851769 2.772141 2.717741 2.676447 2.618728 2.541968 2.458701 2.391141 2.333772 2.259246 2.179018 2.111305 2.034022 1.962235 1.889068 1.812721 1.739643 1.666574 1.588432 1.515467 1.442644 1.369348 1.297291 1.226120 1.154836 1.084877 1.016536 0.948704 0.882316 0.817298 0.753739 0.691454 0.631011 0.571032 0.513077 0.455777 0.399372 0.344798 0.290564 0.237232 0.183988 0.130512 0.076696 0.022041 -0.033776 -0.090305 -0.149342 -0.209284 -0.270721
3.529541 3.503150 3.467896 3.428479 3.386356 3.330874 3.287759 3.243560 3.199918 3.166907 3.134770 3.098603 3.051264 3.000732 2.928781 2.853307 2.774150 2.720144 2.679349 2.622086 2.545760 2.462901 2.395756 2.338873 2.265021 2.185026 2.117695 2.040955 1.969589 1.896886 1.821061 1.748443 1.675822 1.598177 1.525698 1.453373 1.380668 1.309156 1.238463 1.167825 1.098513 1.030780 0.963558 0.897788 0.833382 0.770493 0.708979 0.649124 0.589874 0.532581 0.475915 0.420054 0.366128 0.312446 0.259476 0.206623 0.153532 0.100261 0.045913 -0.009756 -0.066064 -0.125113 -0.184900 -0.246060
3.524098 3.498130 3.463325 3.424428 3.382723 3.327832 3.285167 3.241393 3.198263 3.165705 3.134031 3.098308 3.051509 3.001371 2.929859 2.854810 2.776127 2.722515 2.682320 2.625482 2.549601 2.467095 2.400394 2.343962 2.270756 2.191092 2.124150 2.047861 1.976926 1.904667 1.829354 1.757206 1.684967 1.607955 1.535901 1.464070 1.391998 1.321011 1.250820 1.180840 1.112059 1.044894 0.978346 0.913167 0.849413 0.787205 0.726348 0.667202 0.608629 0.552024 0.495930 0.440800 0.387315 0.334125 0.281751 0.229237 0.176761 0.123611 0.069506 0.014024 -0.042387 -0.101141 -0.160783 -0.222199
3.518662 3.493124 3.458808 3.420346 3.379182 3.324767 3.282586 3.239220 3.196587 3.164504 3.133267 3.098012 3.051752 3.002034 2.930978 2.856351 2.778168 2.724908 2.685151 2.628833 2.553375 2.471343 2.405061 2.349079 2.276569 2.197096 2.130616 2.054786 1.984290 1.912434 1.837671 1.766015 1.694228 1.617742 1.546093 1.474755 1.403309 1.332868 1.263188 1.193855 1.125645 1.059079 0.993163 0.928587 0.865513 0.803830 0.743714 0.685153 0.627220 0.571423 0.515926 0.461301 0.408335 0.355628 0.303718 0.251514 0.199437 0.146701 0.092825 0.037572 -0.018799 -0.077369 -0.137490 -0.198720
3.513232 3.488101 3.454269 3.416321 3.375565 3.321730 3.279983 3.237047 3.194954 3.163317 3.132493 3.097725 3.052031 3.002688 2.932060 2.857868 2.780180 2.727299 2.688035 2.632225 2.557227 2.475544 2.409685 2.354234 2.282174 2.203050 2.137014 2.061704 1.991697 1.920232 1.845976 1.774790 1.703405 1.627457 1.556268 1.485484 1.414707 1.344672 1.275521 1.206824 1.139173 1.073239 1.007862 0.943821 0.881428 0.820440 0.760979 0.703030 0.645800 0.590580 0.535698 0.481647 0.429233 0.376972 0.325451 0.273763 0.221955 0.169429 0.115838 0.060657 0.004239 -0.054223 -0.114002 -0.175448
3.507798 3.483090 3.449703 3.412250 3.372010 3.318729 3.277400 3.234884 3.193307 3.162095 3.131743 3.097421 3.052193 3.003306 2.933154 2.859339 2.782172 2.729702 2.690963 2.635568 2.561010 2.479752 2.414354 2.359316 2.287959 2.209136 2.143477 2.068617 1.999018 1.928038 1.854316 1.783573 1.712565 1.637161 1.566487 1.496135 1.425969 1.356517 1.287829 1.219786 1.152688 1.087297 1.022553 0.959086 0.897395 0.836978 0.778119 0.720800 0.664246 0.609643 0.555363 0.501887 0.450057 0.398202 0.347136 0.295694 0.244413 0.192078 0.138425 0.083479 0.027127 -0.031085 -0.091082 -0.152818
3.502371 3.478047 3.445167 3.408241 3.368416 3.315686 3.274792 3.232746 3.191652 3.160876 3.131004 3.097123 3.052439 3.003954 2.934294 2.860879 2.784151 2.732106 2.693829 2.638982 2.564819 2.483962 2.418962 2.364433 2.293725 2.215080 2.149908 2.075515 2.006356 1.935799 1.862609 1.792356 1.721762 1.646944 1.576685 1.506809 1.437311 1.368255 1.300111 1.232700 1.166156 1.101386 1.037230 0.974320 0.913239 0.853417 0.795250 0.738519 0.682664 0.628674 0.574957 0.522128 0.470657 0.419292 0.368562 0.317328 0.266365 0.214306 0.160947 0.106103 0.049645 -0.008304 -0.068757 -0.130435
3.523156 3.497790 3.463918 3.425748 3.384891 3.330808 3.288831 3.245899 3.203545 3.171780 3.140629 3.105721 3.059733 3.010379 2.939543 2.865343 2.787444 2.734597 2.694982 2.639045 2.563911 2.482215 2.416321 2.360537 2.288067 2.209431 2.143377 2.067831 1.997837 1.926451 1.852187 1.780892 1.709537 1.633800 1.562574 1.491756 1.420998 1.351271 1.282193 1.213422 1.145983 1.080073 1.015005 0.951062 0.888868 0.827985 0.768621 0.710692 0.653754 0.598470 0.543896 0.490252 0.437654 0.385413 0.333694 0.281839 0.229493 0.176788 0.123124 0.067686 0.010060 -0.049059 -0.109525 -0.171806
3.521871 3.496490 3.462508 3.424344 3.383473 3.329395 3.287399 3.244477 3.202127 3.170360 3.139174 3.104289 3.058324 3.008929 2.938174 2.863886 2.786033 2.733086 2.693472 2.637571 2.562504 2.480765 2.414821 2.359093 2.286378 2.207894 2.141824 2.066372 1.996283 1.924874 1.850573 1.779301 1.707943 1.632107 1.560905 1.490031 1.419233 1.349427 1.280351 1.211584 1.144087 1.078224 1.012984 0.949020 0.886769 0.825777 0.766404 0.708516 0.651437 0.596242 0.541438 0.487643 0.435136 0.382773 0.331097 0.279306 0.227094 0.174397 0.120493 0.064937 0.007926 -0.051205 -0.111808 -0.173799
3.520137 3.494744 3.460784 3.422609 3.381744 3.327653 3.285731 3.242746 3.200378 3.168616 3.137536 3.102616 3.056658 3.007285 2.936557 2.862229 2.784377 2.731359 2.691874 2.635969 2.560910 2.479154 2.413121 2.357463 2.285003 2.206217 2.140082 2.064677 1.994511 1.923109 1.848753 1.777434 1.706080 1.630138 1.558956 1.488078 1.417228 1.347322 1.278193 1.209357 1.141822 1.075820 1.010633 0.946586 0.884222 0.823250 0.763813 0.705892 0.648643 0.593416 0.538503 0.484653 0.432158 0.379710 0.328161 0.276266 0.224284 0.171542 0.117642 0.061989 0.005270 -0.053566 -0.113922 -0.175737
3.517923 3.492576 3.458600 3.420459 3.379564 3.325526 3.283617 3.240592 3.198274 3.166512 3.135497 3.100593 3.054637 3.005257 2.934506 2.860159 2.782286 2.729308 2.689895 2.633889 2.558779 2.477051 2.411028 2.355338 2.283074 2.204037 2.137898 2.062453 1.992261 1.920804 1.846419 1.775125 1.703647 1.627613 1.556432 1.485496 1.414568 1.344572 1.275300 1.206457 1.138798 1.072777 1.007380 0.943266 0.880810 0.819715 0.760146 0.702179 0.644820 0.589581 0.534513 0.480459 0.427911 0.375571 0.324004 0.272055 0.220185 0.167583 0.113659 0.058178 0.001870 -0.056885 -0.117228 -0.178591
3.515047 3.489783 3.455772 3.417665 3.376770 3.322743 3.280812 3.237793 3.195523 3.163705 3.132755 3.097815 3.051911 3.002459 2.931698 2.857333 2.779503 2.726526 2.687099 2.631037 2.555872 2.474118 2.408148 2.352531 2.280396 2.201049 2.134897 2.059422 1.989230 1.917623 1.843223 1.771840 1.700336 1.624193 1.552889 1.481896 1.410899 1.340709 1.271402 1.202498 1.134687 1.068491 1.002941 0.938795 0.876131 0.814896 0.755180 0.697099 0.639635 0.584188 0.529079 0.474877 0.422352 0.369817 0.318298 0.266345 0.214540 0.161865 0.108131 0.052951 -0.003356 -0.061821 -0.121670 -0.183152
3.511259 3.486040 3.452007 3.413894 3.373010 3.319029 3.277088 3.234025 3.191751 3.159933 3.128977 3.094076 3.048175 2.998665 2.927858 2.853502 2.775659 2.722668 2.683241 2.627213 2.551949 2.470211 2.404228 2.348516 2.276369 2.197070 2.130784 2.055169 1.985023 1.913284 1.838822 1.767390 1.695845 1.619545 1.548112 1.477031 1.405922 1.335579 1.266092 1.197097 1.129070 1.062755 0.996997 0.932615 0.869889 0.808422 0.748535 0.690276 0.632605 0.577053 0.521764 0.467399 0.414678 0.362288 0.310625 0.258755 0.206842 0.154087 0.100542 0.045934 -0.010582 -0.068696 -0.128111 -0.189428
3.506251 3.481027 3.446954 3.408834 3.367945 3.314044 3.272050 3.229007 3.186726 3.154893 3.123869 3.088972 3.043120 2.993495 2.922708 2.848282 2.770518 2.717475 2.678038 2.621982 2.546706 2.464931 2.398926 2.343155 2.270930 2.191669 2.125286 2.049627 1.979363 1.907538 1.833053 1.761520 1.689729 1.613394 1.541837 1.470571 1.399347 1.328794 1.259135 1.190024 1.121730 1.055201 0.989187 0.924604 0.861604 0.799958 0.739920 0.681356 0.623570 0.567717 0.512375 0.457660 0.404857 0.352362 0.300591 0.248741 0.196925 0.144225 0.090984 0.036427 -0.019806 -0.077868 -0.136837 -0.197856
3.499650 3.474392 3.440283 3.402176 3.361298 3.307442 3.265369 3.222353 3.180098 3.148241 3.117197 3.082305 3.036517 2.986843 2.916021 2.841537 2.763775 2.710682 2.671255 2.615247 2.539915 2.458015 2.392000 2.336280 2.263967 2.184624 2.118183 2.042458 1.972079 1.900070 1.825507 1.753862 1.681922 1.605392 1.533626 1.462231 1.390882 1.320034 1.250159 1.180830 1.112239 1.045393 0.979179 0.914290 0.851042 0.789019 0.728697 0.669920 0.611864 0.555801 0.500072 0.445126 0.392101 0.339576 0.287699 0.235756 0.183913 0.131388 0.078263 0.023949 -0.032049 -0.089663 -0.148546 -0.208812
3.490966 3.465571 3.431510 3.393434 3.352566 3.298833 3.256715 3.213753 3.171444 3.139574 3.108495 3.073578 3.027892 2.978172 2.907348 2.832818 2.755091 2.701871 2.662446 2.606492 2.531239 2.449143 2.383014 2.327346 2.254973 2.175471 2.108936 2.033225 1.962461 1.890546 1.815744 1.744008 1.671801 1.595113 1.523132 1.451434 1.379914 1.308777 1.238561 1.169008 1.100018 1.032731 0.966309 0.900966 0.837342 0.774979 0.714303 0.655060 0.596590 0.540130 0.484128 0.428816 0.375682 0.322817 0.270899 0.219002 0.167129 0.114438 0.061443 0.007252 -0.048212 -0.105523 -0.163813 -0.223669
3.521898 3.496557 3.462586 3.424472 3.383633 3.329550 3.287675 3.244717 3.202340 3.170565 3.139544 3.104632 3.058616 3.009256 2.938543 2.864305 2.786429 2.733350 2.693921 2.637859 2.562838 2.481250 2.415138 2.359478 2.287436 2.208213 2.142078 2.066709 1.996731 1.925171 1.850978 1.779645 1.708471 1.632261 1.561249 1.490449 1.419524 1.349592 1.280541 1.211789 1.144284 1.078491 1.013174 0.949445 0.886966 0.826028 0.766563 0.708935 0.651589 0.596449 0.541577 0.488012 0.435473 0.383101 0.331588 0.279550 0.227638 0.174486 0.120562 0.065561 0.008623 -0.050348 -0.110569 -0.172612
3.520373 3.495019 3.461017 3.422859 3.382024 3.327989 3.286002 3.243097 3.200720 3.168972 3.137840 3.102917 3.056947 3.007565 2.936762 2.862509 2.784668 2.731630 2.692175 2.636143 2.561082 2.479419 2.413380 2.357719 2.285391 2.206458 2.140263 2.064906 1.994761 1.923258 1.849019 1.777667 1.706351 1.630216 1.559139 1.488324 1.417369 1.347395 1.278247 1.209488 1.141848 1.076018 1.010625 0.946711 0.884268 0.823260 0.763755 0.705934 0.648565 0.593438 0.538517 0.484853 0.432307 0.379729 0.328153 0.276116 0.224240 0.171161 0.117212 0.061961 0.005267 -0.053803 -0.114206 -0.175693
3.518255 3.492889 3.458895 3.420773 3.379895 3.325868 3.283934 3.240939 3.198597 3.166858 3.135763 3.100855 3.054928 3.005485 2.934693 2.860378 2.782564 2.729582 2.690094 2.634091 2.559016 2.477325 2.411277 2.355592 2.283323 2.204308 2.138136 2.062711 1.992537 1.920993 1.846684 1.775367 1.703916 1.627815 1.556624 1.485713 1.414791 1.344751 1.275550 1.206763 1.139070 1.073032 1.007675 0.943564 0.881121 0.820016 0.760432 0.702481 0.645099 0.589841 0.534866 0.481017 0.428349 0.375909 0.324214 0.272282 0.220372 0.167530 0.113636 0.058402 0.001706 -0.057117 -0.117281 -0.178845
3.515565 3.490259 3.456269 3.418159 3.377271 3.323282 3.281360 3.238296 3.195999 3.164218 3.133273 3.098316 3.052403 3.002982 2.932194 2.857839 2.779976 2.726986 2.687611 2.631570 2.556431 2.474666 2.408671 2.353038 2.280847 2.201612 2.135384 2.059975 1.989759 1.918200 1.843829 1.772449 1.700950 1.624792 1.553556 1.482542 1.411571 1.341419 1.272064 1.203204 1.135424 1.069344 1.003751 0.939523 0.876981 0.815752 0.756117 0.698032 0.640526 0.585100 0.530087 0.475932 0.423424 0.370853 0.319282 0.267363 0.215502 0.162889 0.108977 0.053896 -0.002663 -0.061039 -0.121064 -0.182404
3.512090 3.486856 3.452825 3.414719 3.373822 3.319870 3.277872 3.234807 3.192537 3.160717 3.129769 3.094848 3.048965 2.999463 2.928740 2.854354 2.776464 2.723461 2.684079 2.628100 2.552865 2.470977 2.404981 2.349433 2.277135 2.197848 2.131674 2.056108 1.985874 1.914294 1.839800 1.768380 1.696821 1.620569 1.549169 1.478069 1.406892 1.336714 1.267257 1.198209 1.130261 1.063961 0.998260 0.933977 0.871164 0.809781 0.749958 0.691676 0.634093 0.578466 0.523318 0.468767 0.416180 0.363772 0.312329 0.260374 0.208627 0.156084 0.102345 0.047337 -0.008767 -0.066987 -0.126606 -0.187947
3.507375 3.482058 3.447987 3.409882 3.368961 3.315034 3.273055 3.229967 3.187687 3.155858 3.124804 3.089885 3.044122 2.994558 2.923824 2.849303 2.771482 2.718466 2.679074 2.623075 2.547822 2.465850 2.399821 2.344331 2.271912 2.192535 2.126361 2.050755 1.980425 1.908729 1.834185 1.762643 1.690920 1.614607 1.543060 1.471787 1.400514 1.330088 1.260453 1.191225 1.123076 1.056554 0.990635 0.926069 0.863050 0.801428 0.741429 0.682884 0.625149 0.569233 0.513823 0.458988 0.406460 0.353999 0.302447 0.250451 0.198746 0.146315 0.092640 0.038040 -0.017862 -0.075984 -0.135137 -0.196124
3.500705 3.475289 3.441246 3.403093 3.362190 3.308317 3.266270 3.223250 3.180943 3.149103 3.117987 3.083082 3.037329 2.987721 2.916909 2.842447 2.764607 2.711612 2.672144 2.616228 2.540878 2.458835 2.392752 2.337271 2.264548 2.185376 2.119053 2.043434 1.972904 1.901148 1.826440 1.754833 1.682938 1.606491 1.534680 1.463265 1.391878 1.321196 1.251311 1.181895 1.113411 1.046497 0.980403 0.915503 0.852233 0.790277 0.729989 0.671129 0.613095 0.556930 0.501299 0.446224 0.393334 0.340641 0.289127 0.237280 0.185182 0.133044 0.079482 0.025179 -0.030565 -0.088242 -0.147184 -0.207801
3.491168 3.465733 3.431679 3.393594 3.352654 3.298848 3.256800 3.213756 3.171483 3.139551 3.108452 3.073565 3.027941 2.978210 2.907438 2.832929 2.755172 2.702023 2.662533 2.606655 2.531405 2.449293 2.383023 2.327415 2.254625 2.175515 2.109004 2.033442 1.962571 1.890772 1.815847 1.744135 1.671912 1.595316 1.523259 1.451584 1.380046 1.308963 1.238777 1.169055 1.100182 1.032845 0.966396 0.901014 0.837464 0.774968 0.714316 0.655058 0.596507 0.540023 0.484016 0.428712 0.375505 0.322491 0.270715 0.218766 0.166711 0.114614 0.061288 0.007012 -0.048333 -0.105489 -0.163786 -0.223804
3.477007 3.451500 3.417469 3.379397 3.338488 3.284852 3.242783 3.199660 3.157368 3.125383 3.094379 3.059613 3.013965 2.964232 2.893540 2.818948 2.741169 2.687955 2.648407 2.592600 2.517268 2.435187 2.368742 2.313028 2.240381 2.161003 2.094299 2.018641 1.947305 1.875426 1.800240 1.728307 1.655590 1.578901 1.506403 1.434336 1.362437 1.290896 1.220216 1.150105 1.080628 1.012595 0.945654 0.879610 0.815436 0.752264 0.691026 0.631077 0.571840 0.514689 0.458099 0.402375 0.348459 0.294999 0.242984 0.190949 0.138599 0.086751 0.033398 -0.020574 -0.075223 -0.132105 -0.189317 -0.248575
3.536620 3.512382 3.479633 3.442810 3.403091 3.350078 3.309086 3.266790 3.225005 3.193631 3.162986 3.128401 3.082975 3.034468 2.964789 2.891532 2.813962 2.760860 2.721226 2.665797 2.592025 2.510957 2.444610 2.389091 2.317998 2.239368 2.173271 2.098701 2.028996 1.957999 1.884314 1.813622 1.742989 1.667518 1.597149 1.527033 1.456989 1.387866 1.319589 1.251704 1.185204 1.120556 1.056092 0.993388 0.931985 0.872232 0.813783 0.756919 0.700875 0.646507 0.592985 0.540127 0.488467 0.436587 0.385415 0.333982 0.282173 0.229097 0.175204 0.119236 0.061696 0.002758 -0.058717 -0.121711
3.530412 3.505910 3.472872 3.435691 3.395725 3.342438 3.301273 3.258802 3.216907 3.185461 3.154741 3.120116 3.074590 3.025867 2.955918 2.882348 2.804736 2.751620 2.712124 2.656539 2.582422 2.501120 2.434899 2.379368 2.308102 2.229107 2.163047 2.088234 2.018415 1.947289 1.873389 1.802528 1.731653 1.656012 1.585399 1.515052 1.444727 1.375327 1.306789 1.238632 1.171833 1.106812 1.041991 0.978841 0.917181 0.857023 0.798230 0.741111 0.684701 0.630069 0.576043 0.522887 0.470964 0.419083 0.367805 0.316260 0.264395 0.211567 0.157694 0.102049 0.044759 -0.013992 -0.075126 -0.137407
3.524076 3.499283 3.465895 3.428392 3.388071 3.334526 3.293082 3.250374 3.208369 3.176815 3.146052 3.111293 3.065613 3.016652 2.946361 2.872495 2.794795 2.741741 2.702299 2.646526 2.571967 2.490567 2.424393 2.368820 2.297248 2.218115 2.151976 2.076935 2.006980 1.935654 1.861604 1.790514 1.719365 1.643505 1.572676 1.502018 1.431506 1.361778 1.292940 1.224480 1.157249 1.091791 1.026712 0.963179 0.901055 0.840539 0.781370 0.723871 0.667055 0.612121 0.557731 0.504109 0.451967 0.399861 0.348476 0.296850 0.245065 0.192356 0.138523 0.083026 0.026146 -0.032615 -0.092824 -0.154998
3.517783 3.492719 3.458881 3.420969 3.380256 3.326394 3.284679 3.241683 3.199490 3.167777 3.136912 3.102049 3.056218 3.006910 2.936299 2.862105 2.784292 2.731307 2.691883 2.635910 2.560948 2.479273 2.413250 2.357645 2.285696 2.206468 2.140290 2.064927 1.994796 1.923283 1.849010 1.777724 1.706381 1.630323 1.559146 1.488273 1.417412 1.347360 1.278198 1.209437 1.141784 1.075832 1.010454 0.946470 0.883997 0.823010 0.763453 0.705531 0.648275 0.592988 0.538181 0.484044 0.431591 0.379393 0.327896 0.275922 0.224170 0.171496 0.117846 0.062553 0.006016 -0.052611 -0.112582 -0.174226
3.511667 3.486163 3.451909 3.413548 3.372423 3.318202 3.276086 3.232864 3.190453 3.158545 3.127527 3.092463 3.046503 2.996788 2.925876 2.851317 2.773393 2.720435 2.681007 2.624862 2.549527 2.467607 2.401652 2.345950 2.273619 2.194181 2.128022 2.052346 1.982080 1.910405 1.835866 1.764343 1.692683 1.616436 1.544975 1.473802 1.402650 1.332285 1.262762 1.193662 1.125599 1.059121 0.993404 0.928923 0.866143 0.804643 0.744708 0.686278 0.628585 0.572928 0.517552 0.463121 0.410302 0.357756 0.306010 0.254027 0.202102 0.149558 0.095674 0.040725 -0.015449 -0.073943 -0.133511 -0.194706
3.505819 3.479773 3.445049 3.406191 3.364636 3.310025 3.267548 3.224019 3.181329 3.149210 3.118027 3.082819 3.036557 2.986585 2.915216 2.840267 2.762233 2.709289 2.669874 2.613520 2.537732 2.455528 2.389656 2.333831 2.261104 2.181649 2.115331 2.039376 1.968918 1.897016 1.822247 1.750509 1.678581 1.602092 1.530301 1.458797 1.387346 1.316644 1.246781 1.177290 1.108832 1.041869 0.975787 0.910808 0.847507 0.785561 0.725201 0.666284 0.608117 0.552028 0.496170 0.441190 0.388126 0.335397 0.283400 0.231143 0.179240 0.126711 0.072851 0.018012 -0.037867 -0.096361 -0.155333 -0.216152
3.500271 3.473647 3.438449 3.399090 3.357039 3.302040 3.259132 3.215257 3.172294 3.139940 3.108556 3.073165 3.026654 2.976282 2.904587 2.829141 2.750977 2.698022 2.658551 2.601969 2.525725 2.443235 2.377485 2.321579 2.248450 2.168803 2.102437 2.026141 1.955517 1.883397 1.808371 1.736387 1.664154 1.587407 1.515339 1.443583 1.371766 1.300691 1.230431 1.160635 1.091695 1.024260 0.957767 0.892292 0.828580 0.766120 0.705252 0.645836 0.587187 0.530619 0.474251 0.418864 0.365358 0.312303 0.260075 0.207659 0.155611 0.102928 0.049233 -0.005376 -0.060947 -0.119293 -0.178070 -0.238609
3.495058 3.467834 3.432169 3.392269 3.349710 3.294296 3.250940 3.206718 3.163450 3.130834 3.099243 3.063636 3.016883 2.966093 2.893899 2.818168 2.739716 2.686741 2.647193 2.590407 2.513705 2.430922 2.365224 2.309148 2.235486 2.155812 2.089403 2.012809 1.941952 1.869634 1.794367 1.722118 1.649588 1.572623 1.500218 1.428125 1.356014 1.284584 1.213965 1.143763 1.074386 1.006445 0.939526 0.873600 0.809383 0.746427 0.685075 0.625085 0.565978 0.508794 0.451951 0.396033 0.342114 0.288853 0.236495 0.183655 0.131515 0.078712 0.025090 -0.029486 -0.084664 -0.142784 -0.201345 -0.261340
3.490161 3.462497 3.426308 3.385916 3.342842 3.286987 3.243166 3.198553 3.154971 3.122040 3.090231 3.054421 3.007377 2.956097 2.883453 2.807270 2.728639 2.675629 2.636024 2.578992 2.501737 2.418625 2.353047 2.296834 2.222740 2.142902 2.076463 1.999461 1.928406 1.855856 1.780375 1.707832 1.634984 1.557806 1.485097 1.412676 1.340256 1.268470 1.197465 1.126883 1.057028 0.988564 0.921271 0.854785 0.790200 0.726723 0.664858 0.604300 0.544731 0.486938 0.429628 0.373300 0.318933 0.265287 0.212692 0.159570 0.107217 0.054516 0.000555 -0.053817 -0.108465 -0.166377 -0.224619 -0.284421
3.532465 3.507813 3.474751 3.437437 3.397561 3.344705 3.304480 3.263239 3.222889 3.192762 3.162774 3.127886 3.080644 3.029470 2.957658 2.884655 2.810666 2.762034 2.723244 2.663273 2.585414 2.507194 2.446147 2.388640 2.313766 2.238644 2.173144 2.096368 2.028870 1.956993 1.884120 1.813439 1.743098 1.667814 1.597777 1.527940 1.458220 1.389501 1.321627 1.254163 1.187940 1.123573 1.059700 0.997135 0.936462 0.877054 0.819050 0.762869 0.707302 0.653835 0.600297 0.547911 0.496522 0.445132 0.393934 0.342675 0.291102 0.238225 0.184029 0.128186 0.070513 0.011384 -0.050375 -0.113193
3.528736 3.503979 3.470653 3.433153 3.393070 3.339961 3.299353 3.257700 3.216942 3.186455 3.156302 3.121372 3.074461 3.023638 2.952069 2.878664 2.803852 2.754299 2.715456 2.656351 2.579040 2.499923 2.437859 2.380889 2.306365 2.230357 2.164902 2.088314 2.020250 1.948466 1.875229 1.804406 1.733794 1.658334 1.588002 1.517859 1.447907 1.378887 1.310666 1.242904 1.176418 1.111551 1.047363 0.984379 0.923325 0.863523 0.805170 0.748570 0.692594 0.638734 0.584850 0.532109 0.480388 0.428801 0.377570 0.326183 0.274418 0.221765 0.167641 0.111995 0.054691 -0.004196 -0.065679 -0.128072
3.525008 3.500123 3.466579 3.428916 3.388600 3.335252 3.294302 3.252236 3.211079 3.180237 3.149899 3.114977 3.068312 3.017888 2.946511 2.872803 2.797126 2.746671 2.707729 2.649489 2.572695 2.492800 2.429690 2.373193 2.299249 2.222302 2.156711 2.080434 2.011742 1.940047 1.866473 1.795465 1.724641 1.648958 1.578381 1.508048 1.437762 1.368406 1.299891 1.231823 1.164866 1.099758 1.035171 0.971867 0.910348 0.850176 0.791439 0.734409 0.678014 0.623788 0.569496 0.516362 0.464571 0.412674 0.361326 0.309909 0.258144 0.205585 0.151551 0.096010 0.038882 -0.019762 -0.080661 -0.143017
3.521309 3.496277 3.462587 3.424742 3.384222 3.330607 3.289297 3.246848 3.205288 3.174076 3.143512 3.108571 3.062236 3.012169 2.941026 2.867024 2.790527 2.739153 2.700061 2.642671 2.566461 2.485790 2.421646 2.365546 2.292114 2.214373 2.148597 2.072544 2.003347 1.931718 1.857797 1.786669 1.715592 1.639750 1.568879 1.498284 1.427748 1.358093 1.289279 1.220887 1.153608 1.088139 1.023117 0.959506 0.897603 0.837027 0.777953 0.720516 0.663716 0.608977 0.554494 0.500888 0.448817 0.396802 0.345339 0.293717 0.242003 0.189361 0.135498 0.080082 0.023175 -0.035348 -0.095864 -0.157847
3.517653 3.492484 3.458584 3.420609 3.379858 3.326004 3.284333 3.241541 3.199556 3.168001 3.137240 3.102265 3.056161 3.006465 2.935561 2.861357 2.784043 2.731759 2.692487 2.635929 2.560311 2.478990 2.413735 2.357910 2.285313 2.206582 2.140563 2.064829 1.995043 1.923423 1.849271 1.777981 1.706658 1.630593 1.559536 1.488705 1.417871 1.347933 1.278786 1.210087 1.142496 1.076641 1.011307 0.947316 0.885024 0.824023 0.764592 0.706760 0.649564 0.594497 0.539560 0.485689 0.433309 0.380975 0.329523 0.277733 0.225858 0.173163 0.119602 0.064264 0.007714 -0.050946 -0.111219 -0.172566
3.513999 3.488690 3.454639 3.416515 3.375543 3.321491 3.279459 3.236301 3.193886 3.162004 3.130993 3.096035 3.050180 3.000854 2.930165 2.855770 2.777667 2.724436 2.684933 2.629155 2.554191 2.472220 2.405928 2.350310 2.278330 2.198890 2.132611 2.057243 1.986893 1.915318 1.840837 1.769399 1.697859 1.621668 1.550276 1.479195 1.408144 1.337885 1.268517 1.199464 1.131575 1.065328 0.999631 0.935321 0.872625 0.811251 0.751480 0.693198 0.635619 0.580042 0.524926 0.470602 0.417956 0.365484 0.313815 0.261839 0.210027 0.157363 0.103529 0.048539 -0.007828 -0.066196 -0.126012 -0.187483
3.510394 3.484950 3.450738 3.412454 3.371294 3.316994 3.274638 3.231106 3.188312 3.156069 3.124825 3.089852 3.044269 2.995250 2.924824 2.850266 2.771449 2.717219 2.677479 2.622422 2.548146 2.465640 2.398202 2.342847 2.271644 2.191399 2.124729 2.049706 1.978895 1.907281 1.832525 1.760956 1.689135 1.612786 1.541172 1.469883 1.398521 1.327968 1.258260 1.189006 1.120772 1.054166 0.988157 0.923502 0.860427 0.798680 0.738509 0.679873 0.621916 0.565921 0.510426 0.455781 0.402817 0.350116 0.298379 0.246250 0.194268 0.141526 0.087890 0.032914 -0.023175 -0.081581 -0.141287 -0.202249
3.506817 3.481168 3.446887 3.408429 3.367083 3.312560 3.269873 3.226013 3.182819 3.150188 3.118708 3.083726 3.038401 2.989746 2.919587 2.844832 2.765310 2.710180 2.670097 2.615811 2.542226 2.459163 2.390641 2.335332 2.265079 2.184011 2.116924 2.042320 1.970911 1.899323 1.824390 1.752640 1.680581 1.604056 1.532202 1.460686 1.389048 1.318236 1.248233 1.178688 1.110144 1.043274 0.976838 0.911946 0.848405 0.786276 0.725754 0.666760 0.608341 0.551879 0.496141 0.441099 0.387858 0.334905 0.282964 0.230700 0.178671 0.125921 0.072259 0.017360 -0.038526 -0.096786 -0.156134 -0.217023
3.503249 3.477435 3.443044 3.404444 3.362928 3.308192 3.265201 3.220976 3.177358 3.144424 3.112659 3.077679 3.032565 2.984211 2.914405 2.839543 2.759342 2.703175 2.662752 2.609131 2.536332 2.452845 2.383119 2.327897 2.258591 2.176758 2.109179 2.035057 1.963146 1.891528 1.816315 1.744390 1.672171 1.595410 1.523352 1.451607 1.379771 1.308650 1.238399 1.168549 1.099709 1.032422 0.965668 0.900428 0.836582 0.774063 0.713170 0.653764 0.594991 0.538070 0.482064 0.426730 0.373102 0.319922 0.267929 0.215405 0.163311 0.110508 0.056625 0.001916 -0.053778 -0.112154 -0.171190 -0.231888
3.510075 3.485511 3.452248 3.414903 3.374654 3.321228 3.279694 3.236929 3.195060 3.163444 3.132652 3.097784 3.051945 3.002370 2.931414 2.856832 2.778761 2.725328 2.685612 2.629025 2.553330 2.470943 2.404352 2.347909 2.274778 2.194802 2.127796 2.051260 1.980221 1.907461 1.831963 1.759445 1.686873 1.609442 1.536826 1.464567 1.391953 1.320391 1.249637 1.179112 1.109834 1.042097 0.974954 0.909285 0.844871 0.781954 0.720550 0.660733 0.601467 0.544206 0.487668 0.431986 0.377803 0.324012 0.270890 0.217706 0.164447 0.110589 0.055349 -0.000567 -0.057847 -0.117920 -0.178601 -0.240855
3.511058 3.486341 3.452925 3.415418 3.375087 3.321548 3.279887 3.237126 3.195141 3.163480 3.132680 3.097774 3.051914 3.002320 2.931503 2.856923 2.778896 2.725578 2.685866 2.629450 2.553840 2.471571 2.405091 2.348818 2.275911 2.196059 2.129162 2.052884 1.982051 1.909487 1.834179 1.761852 1.689522 1.612309 1.539944 1.467942 1.395613 1.324362 1.253896 1.183717 1.114701 1.047303 0.980480 0.915141 0.850967 0.788492 0.727355 0.667914 0.608918 0.552061 0.495789 0.440433 0.386562 0.333093 0.280303 0.227367 0.174337 0.120773 0.065852 0.010045 -0.047041 -0.106947 -0.167196 -0.229357
3.512018 3.487199 3.453634 3.415986 3.375479 3.321867 3.280138 3.237293 3.195228 3.163546 3.132713 3.097752 3.051940 3.002390 2.931530 2.857042 2.779051 2.725822 2.686161 2.629844 2.554355 2.472179 2.405859 2.349720 2.277007 2.197264 2.130552 2.054492 1.983766 1.911456 1.836374 1.764274 1.692162 1.615209 1.543140 1.471373 1.399383 1.328345 1.258167 1.188288 1.119596 1.052479 0.986012 0.920843 0.857139 0.794890 0.734184 0.675089 0.616418 0.559958 0.503986 0.448838 0.395351 0.342080 0.289692 0.236943 0.184238 0.130852 0.076306 0.020660 -0.036253 -0.095617 -0.156021 -0.217986
3.513005 3.488016 3.454316 3.416499 3.375897 3.322147 3.280365 3.237421 3.195320 3.163606 3.132692 3.097791 3.051910 3.002400 2.931571 2.857120 2.779150 2.726053 2.686455 2.630249 2.554836 2.472758 2.406570 2.350612 2.278069 2.198544 2.131971 2.056083 1.985495 1.913440 1.838571 1.766718 1.694798 1.618106 1.546285 1.474766 1.403122 1.332344 1.262423 1.192900 1.124432 1.057679 0.991452 0.926605 0.863290 0.801397 0.740948 0.682199 0.623942 0.567784 0.512135 0.457287 0.404072 0.351110 0.298902 0.246537 0.194020 0.141128 0.086696 0.031155 -0.025483 -0.084620 -0.144875 -0.206573
3.513980 3.488849 3.455022 3.417040 3.376315 3.322425 3.280591 3.237594 3.195403 3.163629 3.132722 3.097814 3.051913 3.002409 2.931670 2.857256 2.779318 2.726241 2.686767 2.630621 2.555351 2.473429 2.407310 2.351509 2.279186 2.199780 2.133361 2.057659 1.987269 1.915409 1.840799 1.769190 1.697440 1.621013 1.549446 1.478191 1.406783 1.336343 1.266701 1.197450 1.129320 1.062855 0.996939 0.932401 0.869402 0.807864 0.747747 0.689357 0.631427 0.575541 0.520240 0.465642 0.412746 0.359956 0.308214 0.256049 0.203996 0.151072 0.096817 0.041588 -0.014942 -0.073699 -0.133734 -0.195275
3.514944 3.489705 3.455694 3.417592 3.376709 3.322723 3.280819 3.237780 3.195480 3.163696 3.132771 3.097808 3.051912 3.002451 2.931692 2.857338 2.779480 2.726491 2.687079 2.631021 2.555882 2.474068 2.408068 2.352396 2.280125 2.201004 2.134757 2.059221 1.989072 1.917435 1.843016 1.771599 1.700132 1.623950 1.552598 1.481545 1.410519 1.340333 1.270997 1.202033 1.134188 1.068032 1.002429 0.938218 0.875571 0.814310 0.754526 0.696463 0.638867 0.583436 0.528327 0.474060 0.421415 0.369035 0.317407 0.265503 0.213634 0.161025 0.107152 0.051987 -0.004521 -0.062875 -0.122904 -0.184217
3.515929 3.490549 3.456406 3.418155 3.377155 3.323011 3.281043 3.237918 3.195587 3.163742 3.132789 3.097821 3.051937 3.002473 2.931741 2.857391 2.779611 2.726711 2.687367 2.631407 2.556403 2.474716 2.408802 2.353309 2.281248 2.202182 2.136153 2.060817 1.990788 1.919403 1.845242 1.774062 1.702740 1.626805 1.555752 1.484972 1.414241 1.344336 1.275286 1.206592 1.139052 1.073234 1.007888 0.943964 0.881728 0.820760 0.761309 0.703477 0.646361 0.591189 0.536345 0.482479 0.430089 0.377894 0.326573 0.274853 0.223252 0.170701 0.117308 0.062239 0.006074 -0.052287 -0.112137 -0.173288
3.516885 3.491364 3.457077 3.418702 3.377564 3.323325 3.281246 3.238094 3.195649 3.163792 3.132798 3.097845 3.051901 3.002468 2.931804 2.857555 2.779775 2.726941 2.687687 2.631834 2.556898 2.475313 2.409584 2.354221 2.282388 2.203415 2.137525 2.062422 1.992579 1.921435 1.847441 1.776535 1.705447 1.629747 1.558914 1.488388 1.417971 1.348318 1.279537 1.211199 1.143901 1.078406 1.013419 0.949706 0.887812 0.827166 0.768090 0.710539 0.653776 0.598928 0.544371 0.490795 0.438725 0.386820 0.335691 0.284226 0.232907 0.180717 0.127313 0.072340 0.016229 -0.041596 -0.101475 -0.162509
3.517858 3.492188 3.457789 3.419226 3.378003 3.323616 3.281529 3.238265 3.195742 3.163851 3.132796 3.097859 3.051887 3.002491 2.931827 2.857603 2.779904 2.727142 2.687945 2.632227 2.557363 2.475964 2.410264 2.355068 2.283563 2.204638 2.138936 2.064010 1.994282 1.923417 1.849641 1.778935 1.708051 1.632610 1.562086 1.491789 1.421682 1.352296 1.283822 1.215787 1.148823 1.083586 1.018858 0.955493 0.893956 0.833645 0.774819 0.717563 0.661297 0.606681 0.552353 0.499183 0.447253 0.395616 0.344808 0.293450 0.242521 0.190352 0.137252 0.082530 0.026653 -0.031129 -0.090601 -0.151878
3.515044 3.489691 3.455758 3.417626 3.376793 3.322753 3.280807 3.237771 3.195498 3.163695 3.132794 3.097830 3.051900 3.002466 2.931709 2.857330 2.779515 2.726487 2.687036 2.631070 2.555940 2.474162 2.408167 2.352503 2.280228 2.201106 2.134850 2.059415 1.989198 1.917637 1.843167 1.771881 1.700369 1.624226 1.552888 1.481905 1.410899 1.340680 1.271369 1.202498 1.134618 1.068528 1.002948 0.938763 0.876155 0.814913 0.755198 0.697100 0.639563 0.584140 0.529151 0.474919 0.422327 0.369984 0.318253 0.266409 0.214566 0.161702 0.108136 0.052957 -0.003524 -0.062050 -0.122215 -0.183721
3.515048 3.489741 3.455757 3.417638 3.376761 3.322726 3.280809 3.237793 3.195494 3.163702 3.132771 3.097818 3.051917 3.002437 2.931675 2.857348 2.779508 2.726514 2.687080 2.631053 2.555939 2.474136 2.408157 2.352510 2.280344 2.201107 2.134865 2.059384 1.989189 1.917624 1.843216 1.771849 1.700300 1.624228 1.552852 1.481913 1.410868 1.340733 1.271407 1.202488 1.134639 1.068522 1.002926 0.938700 0.876174 0.814943 0.755188 0.697067 0.639622 0.584181 0.529085 0.474893 0.422331 0.369959 0.318289 0.266288 0.214491 0.161887 0.108080 0.052902 -0.003442 -0.061745 -0.121861 -0.183395
3.515045 3.489776 3.455768 3.417663 3.376770 3.322744 3.280858 3.237794 3.195511 3.163697 3.132753 3.097839 3.051928 3.002425 2.931713 2.857315 2.779500 2.726510 2.687104 2.631077 2.555933 2.474105 2.408154 2.352527 2.280381 2.201079 2.134865 2.059395 1.989207 1.917619 1.843220 1.771825 1.700351 1.624188 1.552925 1.481895 1.410886 1.340713 1.271402 1.202460 1.134681 1.068545 1.002919 0.938747 0.876148 0.814922 0.755218 0.697087 0.639577 0.584165 0.529127 0.474865 0.422334 0.369809 0.318348 0.266396 0.214507 0.161942 0.108116 0.052956 -0.003417 -0.061976 -0.121734 -0.183185
3.515042 3.489800 3.455801 3.417684 3.376746 3.322766 3.280862 3.237800 3.195509 3.163710 3.132770 3.097814 3.051902 3.002468 2.931692 2.857337 2.779496 2.726542 2.687118 2.631079 2.555945 2.474116 2.408139 2.352529 2.280398 2.201092 2.134887 2.059394 1.989169 1.917633 1.843244 1.771808 1.700304 1.624181 1.552880 1.481943 1.410936 1.340746 1.271411 1.202477 1.134706 1.068495 1.002984 0.938736 0.876153 0.814887 0.755244 0.697083 0.639571 0.584242 0.529004 0.474885 0.422279 0.369781 0.318262 0.266334 0.214492 0.161974 0.108224 0.053033 -0.003276 -0.061920 -0.121635 -0.182906
3.515039 3.489794 3.455808 3.417659 3.376778 3.322782 3.280898 3.237812 3.195475 3.163704 3.132766 3.097806 3.051925 3.002468 2.931678 2.857332 2.779518 2.726529 2.687158 2.631108 2.555933 2.474162 2.408096 2.352493 2.280395 2.201052 2.134910 2.059410 1.989195 1.917688 1.843271 1.771842 1.700442 1.624183 1.552919 1.481911 1.410859 1.340742 1.271454 1.202476 1.134703 1.068505 1.002993 0.938738 0.876146 0.814937 0.755227 0.697068 0.639707 0.584326 0.529042 0.474914 0.422285 0.369907 0.318132 0.266336 0.214474 0.161963 0.108074 0.053035 -0.003115 -0.061678 -0.121410 -0.182700
3.515051 3.489788 3.455820 3.417704 3.376762 3.322782 3.280923 3.237797 3.195497 3.163695 3.132733 3.097813 3.051930 3.002444 2.931693 2.857308 2.779483 2.726544 2.687163 2.631123 2.555936 2.474144 2.408087 2.352487 2.280416 2.201058 2.134906 2.059392 1.989210 1.917653 1.843294 1.771836 1.700427 1.624207 1.552930 1.481866 1.410859 1.340781 1.271446 1.202485 1.134703 1.068556 1.002991 0.938711 0.876159 0.814901 0.755225 0.697061 0.639689 0.584367 0.528948 0.474766 0.422268 0.369746 0.318273 0.266373 0.214423 0.161860 0.108182 0.053121 -0.003137 -0.061664 -0.121337 -0.182331
3.515048 3.489758 3.455821 3.417710 3.376756 3.322816 3.280927 3.237823 3.195494 3.163692 3.132739 3.097813 3.051920 3.002477 2.931721 2.857339 2.779504 2.726551 2.687199 2.631098 2.555928 2.474142 2.408135 2.352542 2.280442 2.201049 2.134893 2.059402 1.989214 1.917643 1.843346 1.771845 1.700451 1.624171 1.552925 1.481876 1.410876 1.340790 1.271464 1.202451 1.134700 1.068502 1.003017 0.938711 0.876151 0.814932 0.755215 0.697038 0.639744 0.584409 0.529023 0.474878 0.422196 0.369731 0.318224 0.266377 0.214400 0.161896 0.108157 0.053175 -0.003128 -0.061587 -0.121118 -0.182110
3.515040 3.489740 3.455851 3.417734 3.376797 3.322850 3.280963 3.237813 3.195496 3.163685 3.132763 3.097807 3.051906 3.002448 2.931706 2.857333 2.779471 2.726570 2.687222 2.631140 2.555896 2.474103 2.408090 2.352499 2.280469 2.201015 2.134908 2.059371 1.989163 1.917661 1.843399 1.771831 1.700470 1.624190 1.552924 1.481841 1.410849 1.340795 1.271463 1.202478 1.134743 1.068495 1.003038 0.938737 0.876164 0.814970 0.755270 0.697021 0.639793 0.584518 0.528911 0.474824 0.422266 0.369767 0.318231 0.266365 0.214385 0.161897 0.108182 0.053125 -0.002844 -0.061208 -0.120875 -0.181855
3.515040 3.489697 3.455872 3.417740 3.376743 3.322832 3.280996 3.237845 3.195459 3.163704 3.132737 3.097817 3.051925 3.002435 2.931736 2.857371 2.779492 2.726580 2.687275 2.631149 2.555917 2.474139 2.408102 2.352505 2.280517 2.200992 2.134911 2.059376 1.989179 1.917668 1.843376 1.771800 1.700502 1.624191 1.552915 1.481845 1.410840 1.340834 1.271462 1.202481 1.134745 1.068518 1.003028 0.938671 0.876169 0.814938 0.755260 0.696943 0.639840 0.584607 0.528932 0.474795 0.422214 0.369630 0.318146 0.266329 0.214414 0.161847 0.108137 0.053256 -0.002867 -0.061273 -0.120747 -0.181581
