# mean(lg_P) also median/mode
4.256463 4.233790 4.200359 4.161796 4.122886 4.057752 4.020845 3.978942 3.935324 3.906095 3.876134 3.842191 3.788207 3.745779 3.675353 3.610209 3.533745 3.486831 3.448195 3.388024 3.325040 3.262015 3.203760 3.147790 3.093472 3.035472 2.975054 2.925826 2.867792 2.818590 2.768795 2.720145 2.671874 2.626149 2.580190 2.537513 2.495428 2.455650 2.413964 2.375773 2.336056 2.297860 2.257956 2.218054 2.175129 2.132406 2.086593 2.039866 1.989650 1.937504 1.882359 1.824684 1.765012 1.702850 1.639598 1.574128 1.506682 1.436337 1.365516 1.293279 1.219001 1.144420 1.069175 0.991905
4.269842 4.245754 4.210565 4.170098 4.129459 4.062337 4.024381 3.981596 3.936998 3.907270 3.876771 3.841993 3.786231 3.741869 3.669059 3.602552 3.525662 3.479108 3.439912 3.377824 3.312656 3.249099 3.190843 3.133816 3.076500 3.019204 2.958093 2.907687 2.848827 2.798795 2.748227 2.698613 2.648909 2.602382 2.555427 2.511987 2.468621 2.428017 2.385665 2.346556 2.306179 2.267453 2.226903 2.186030 2.143474 2.100598 2.054600 2.007349 1.957068 1.904854 1.849469 1.791972 1.731925 1.669943 1.606216 1.541016 1.472309 1.402050 1.330391 1.257422 1.183068 1.107322 1.031070 0.953197
4.251098 4.222397 4.181972 4.135885 4.089958 4.018164 3.977070 3.932559 3.887437 3.858552 3.829411 3.794752 3.736803 3.686746 3.607193 3.535324 3.458003 3.414978 3.377233 3.311566 3.239176 3.173662 3.117144 3.058150 2.996817 2.937034 2.874484 2.820259 2.759291 2.706884 2.653024 2.601259 2.547588 2.497828 2.448214 2.401892 2.356010 2.312484 2.268072 2.226931 2.185595 2.145262 2.104316 2.063076 2.021968 1.980958 1.937663 1.892084 1.844370 1.795045 1.742776 1.689895 1.632313 1.572746 1.510674 1.448312 1.381805 1.315212 1.244734 1.173825 1.100930 1.026984 0.951856 0.875894
4.252996 4.225688 4.186862 4.142518 4.098137 4.027901 3.987709 3.943726 3.898858 3.869785 3.840395 3.805902 3.748938 3.700715 3.623273 3.552908 3.475638 3.431564 3.393664 3.329448 3.259256 3.194085 3.136986 3.078901 3.019426 2.959729 2.897704 2.844525 2.784349 2.732812 2.679818 2.628796 2.576177 2.527615 2.478767 2.433310 2.388305 2.345813 2.302089 2.261715 2.220603 2.180802 2.140444 2.099446 2.057937 2.016765 1.973037 1.927009 1.878862 1.828903 1.775837 1.721855 1.664073 1.603581 1.541489 1.478286 1.411756 1.344053 1.273446 1.202133 1.129284 1.054916 0.979488 0.903158
4.254456 4.228471 4.191200 4.148480 4.105684 4.036866 3.997566 3.954147 3.909547 3.880368 3.850785 3.816428 3.760370 3.713855 3.638434 3.569535 3.492357 3.447391 3.409318 3.346396 3.278314 3.213602 3.156088 3.098686 3.040841 2.981448 2.919911 2.867864 2.808325 2.757456 2.705400 2.655024 2.603475 2.555857 2.507919 2.463313 2.419160 2.377393 2.334296 2.294625 2.253901 2.214762 2.174477 2.133765 2.092070 2.050669 2.005970 1.960016 1.911352 1.860851 1.807313 1.752108 1.693684 1.632831 1.570329 1.506184 1.439350 1.370892 1.300140 1.228560 1.155345 1.080945 1.005407 0.928650
4.255510 4.230800 4.194988 4.153865 4.112515 4.045105 4.006704 3.963825 3.919574 3.890322 3.860597 3.826384 3.771134 3.726197 3.652740 3.585237 3.508247 3.462508 3.424237 3.362426 3.296296 3.232180 3.174319 3.117564 3.061223 3.002201 2.941065 2.890000 2.831114 2.780920 2.729672 2.679979 2.629790 2.582740 2.535637 2.491801 2.448571 2.407414 2.364823 2.325786 2.285654 2.246833 2.206746 2.166509 2.124336 2.082318 2.037257 1.991079 1.941590 1.890657 1.836401 1.780330 1.721608 1.659973 1.597083 1.532642 1.465481 1.396398 1.325606 1.253536 1.180188 1.105440 1.029722 0.953240
4.256190 4.232681 4.198292 4.158676 4.118766 4.052705 4.015185 3.972874 3.928972 3.899732 3.869820 3.835787 3.781300 3.737860 3.666183 3.600111 3.523376 3.476934 3.438452 3.377583 3.313388 3.249871 3.191714 3.135501 3.080293 3.021906 2.961266 2.911190 2.852891 2.803246 2.752901 2.703798 2.654784 2.608528 2.562098 2.519086 2.476358 2.436076 2.393917 2.355476 2.315503 2.277383 2.237228 2.197087 2.154281 2.112138 2.066769 2.020160 1.970035 1.918683 1.863776 1.806804 1.747369 1.685727 1.622435 1.557369 1.489943 1.420261 1.349214 1.276976 1.203527 1.128918 1.053008 0.975823
4.256525 4.234179 4.201135 4.162974 4.124437 4.059673 4.023021 3.981294 3.937791 3.908585 3.878560 3.844672 3.790887 3.748838 3.678914 3.614143 3.537808 3.490731 3.452005 3.392072 3.329590 3.266737 3.208445 3.152512 3.098805 3.040723 2.980451 2.931347 2.873618 2.824579 2.775007 2.726454 2.678480 2.633015 2.587303 2.544762 2.502944 2.463203 2.421540 2.383522 2.343782 2.305881 2.265767 2.226057 2.183189 2.140495 2.094341 2.047724 1.997286 1.944728 1.889708 1.831610 1.771803 1.709640 1.646275 1.580803 1.513145 1.442433 1.371755 1.299481 1.225539 1.150685 1.075024 0.997731
4.256549 4.235312 4.203578 4.166805 4.129586 4.066110 4.030306 3.989163 3.946045 3.916916 3.886838 3.853097 3.799956 3.759201 3.690908 3.627477 3.551479 3.503858 3.464889 3.405739 3.345002 3.282830 3.224295 3.168793 3.116224 3.058758 2.998826 2.950604 2.893512 2.844914 2.796084 2.748121 2.701148 2.656411 2.611319 2.569396 2.528113 2.489000 2.447933 2.410134 2.370695 2.332761 2.293049 2.253252 2.209735 2.167015 2.120502 2.073265 2.022493 1.969527 1.913961 1.854760 1.794859 1.732220 1.668484 1.602477 1.534573 1.463952 1.392509 1.320374 1.246446 1.171501 1.095723 1.018277
4.256292 4.236116 4.205625 4.170194 4.134230 4.072048 4.037079 3.996507 3.953832 3.924801 3.894642 3.861019 3.808547 3.768940 3.702252 3.640128 3.564563 3.516448 3.477202 3.418721 3.359625 3.298218 3.239512 3.184280 3.133232 3.075862 3.016359 2.968958 2.912327 2.864287 2.816208 2.768766 2.722798 2.678597 2.634227 2.592689 2.552048 2.513324 2.472868 2.435368 2.396047 2.358507 2.318433 2.279043 2.235645 2.191855 2.145138 2.097447 2.046309 1.992829 1.937146 1.876783 1.816380 1.753515 1.689613 1.622804 1.554768 1.483215 1.412973 1.339968 1.266168 1.191045 1.115393 1.038054
4.255785 4.236636 4.207358 4.173193 4.138472 4.077493 4.043346 4.003369 3.961149 3.932247 3.902010 3.868540 3.816671 3.778170 3.713030 3.652147 3.577045 3.528437 3.489011 3.431123 3.373564 3.312903 3.254002 3.199082 3.149618 3.092248 3.032993 2.986391 2.930330 2.882805 2.835433 2.788492 2.743363 2.699794 2.656024 2.614919 2.574976 2.536701 2.496719 2.459315 2.419982 2.382737 2.342808 2.303382 2.259706 2.215600 2.168326 2.120435 2.068821 2.014794 1.958581 1.897659 1.836578 1.773651 1.709552 1.642078 1.574124 1.502564 1.431700 1.358607 1.285300 1.209705 1.134077 1.056200
4.260238 4.238728 4.206704 4.169810 4.132683 4.069579 4.034795 3.994609 3.952479 3.923795 3.893279 3.858012 3.802494 3.759303 3.689432 3.626940 3.554077 3.508897 3.469068 3.406557 3.343658 3.283461 3.227229 3.170143 3.115356 3.059781 2.999765 2.951377 2.894165 2.845423 2.796819 2.748761 2.701972 2.657130 2.612064 2.569922 2.528526 2.489215 2.448630 2.410284 2.370591 2.333402 2.293458 2.253629 2.209860 2.166910 2.120678 2.073748 2.023428 1.970377 1.915019 1.856481 1.796465 1.734299 1.670626 1.602227 1.535068 1.464143 1.394053 1.321684 1.247731 1.173273 1.097517 1.020411
4.259290 4.237484 4.205112 4.167823 4.130207 4.066615 4.031320 3.990689 3.948225 3.919439 3.889057 3.854131 3.798944 3.755931 3.685970 3.622732 3.548974 3.503466 3.463922 3.401983 3.339019 3.278138 3.221385 3.164580 3.109967 3.053734 2.993606 2.945010 2.887615 2.838737 2.789789 2.741640 2.694509 2.649423 2.604182 2.561875 2.520390 2.480755 2.440114 2.401652 2.362124 2.324626 2.284501 2.244944 2.201068 2.158474 2.112368 2.065363 2.015119 1.962275 1.907190 1.848584 1.788595 1.726290 1.662816 1.595500 1.528205 1.457378 1.386982 1.314709 1.240783 1.165862 1.090540 1.013142
4.258345 4.236253 4.203540 4.165804 4.127778 4.063638 4.027821 3.986766 3.943946 3.915011 3.884798 3.850174 3.795398 3.752536 3.682423 3.618567 3.543892 3.497972 3.458747 3.397303 3.334335 3.272751 3.215562 3.158979 3.104625 3.047675 2.987481 2.938586 2.881058 2.832074 2.782845 2.734526 2.686949 2.641742 2.596164 2.553788 2.512166 2.472449 2.431550 2.393181 2.353344 2.315655 2.275748 2.235806 2.192664 2.149868 2.103857 2.057128 2.006737 1.954354 1.898744 1.840734 1.780898 1.718827 1.655116 1.588216 1.520891 1.450166 1.379750 1.307391 1.233533 1.158894 1.083351 1.006069
4.257403 4.235021 4.201952 4.163800 4.125307 4.060697 4.024348 3.982870 3.939641 3.910565 3.880473 3.846205 3.791809 3.749166 3.678867 3.614399 3.538806 3.492414 3.453506 3.392682 3.329700 3.267405 3.209620 3.153385 3.099371 3.041610 2.981256 2.932115 2.874505 2.825366 2.775799 2.727293 2.679437 2.633949 2.588180 2.545681 2.503772 2.463958 2.422664 2.384425 2.344524 2.306714 2.266644 2.226877 2.183940 2.141404 2.095341 2.048269 1.998077 1.945986 1.890626 1.832538 1.772923 1.711084 1.647196 1.581515 1.513517 1.443086 1.372832 1.300457 1.226594 1.151346 1.076099 0.999093
4.256463 4.233794 4.200368 4.161788 4.122849 4.057746 4.020845 3.978936 3.935330 3.906110 3.876111 3.842196 3.788218 3.745767 3.675354 3.610233 3.533724 3.486849 3.448193 3.388014 3.325047 3.261996 3.203752 3.147753 3.093556 3.035463 2.975024 2.925765 2.867907 2.818602 2.768791 2.720143 2.671879 2.626102 2.580195 2.537544 2.495614 2.455554 2.413800 2.375764 2.335812 2.297709 2.257912 2.217781 2.174940 2.132636 2.086708 2.039906 1.989487 1.937501 1.882476 1.824459 1.764759 1.703065 1.639509 1.573983 1.506493 1.436411 1.365717 1.293225 1.219507 1.144570 1.068732 0.991602
4.255526 4.232570 4.198797 4.159793 4.120451 4.054823 4.017357 3.975022 3.930992 3.901611 3.871753 3.838117 3.784577 3.742396 3.671854 3.606102 3.528656 3.481212 3.442806 3.383253 3.320412 3.256666 3.197745 3.142067 3.088259 3.029338 2.968839 2.919314 2.861204 2.811817 2.761736 2.712889 2.664271 2.618283 2.572218 2.529320 2.487142 2.447140 2.405176 2.366880 2.327013 2.288931 2.248807 2.208774 2.166361 2.123848 2.078053 2.030999 1.981263 1.929066 1.874004 1.816585 1.756955 1.695168 1.631530 1.566954 1.499462 1.429371 1.358289 1.285998 1.212219 1.137259 1.062056 0.984240
4.254591 4.231353 4.197245 4.157813 4.118022 4.051915 4.013878 3.971088 3.926611 3.897056 3.867306 3.834006 3.780933 3.738975 3.668349 3.601975 3.523577 3.475592 3.437383 3.378485 3.315742 3.251280 3.191788 3.136360 3.082579 3.023163 2.962564 2.912836 2.854579 2.805067 2.754612 2.705668 2.656807 2.610442 2.564120 2.521238 2.478702 2.438781 2.396297 2.358309 2.318184 2.279724 2.239799 2.199886 2.157505 2.114818 2.069243 2.022513 1.972282 1.920629 1.865645 1.808438 1.748831 1.687093 1.623747 1.559696 1.492205 1.422228 1.351469 1.278713 1.205192 1.129596 1.054568 0.977337
4.253660 4.230137 4.195653 4.155830 4.115625 4.048993 4.010418 3.967155 3.922242 3.892491 3.862828 3.829865 3.777266 3.735601 3.664815 3.597863 3.518516 3.469841 3.431916 3.373701 3.311121 3.245910 3.185690 3.130553 3.076972 3.017084 2.956205 2.906341 2.847899 2.798242 2.747528 2.698364 2.649082 2.602656 2.556061 2.512977 2.470290 2.430048 2.387639 2.349515 2.309217 2.270767 2.230743 2.190573 2.148197 2.105968 2.060345 2.013587 1.963550 1.911934 1.857549 1.800596 1.740495 1.679174 1.616033 1.552483 1.484559 1.415402 1.344151 1.271872 1.197811 1.122510 1.047662 0.970007
4.252731 4.228926 4.194088 4.153874 4.113215 4.046101 4.006932 3.963185 3.917821 3.887883 3.858323 3.825682 3.773590 3.732181 3.661301 3.593768 3.513448 3.464111 3.426329 3.368872 3.306479 3.240546 3.179686 3.124758 3.071856 3.010884 2.949968 2.899865 2.841231 2.791365 2.740410 2.691047 2.641422 2.594725 2.547958 2.504675 2.461734 2.421523 2.378668 2.340521 2.300379 2.261644 2.221801 2.181562 2.139414 2.096935 2.051299 2.004486 1.955021 1.903250 1.848854 1.792230 1.732494 1.671564 1.608053 1.545121 1.477362 1.408297 1.336911 1.264161 1.190607 1.115625 1.040253 0.962810
4.216765 4.191920 4.156249 4.115242 4.073677 4.006455 3.966213 3.921279 3.874252 3.842194 3.810580 3.775945 3.723214 3.681300 3.611053 3.543154 3.461617 3.409211 3.368658 3.310894 3.248793 3.181432 3.117543 3.060712 3.007254 2.943967 2.880804 2.828236 2.767864 2.715855 2.662544 2.611209 2.558555 2.509790 2.460549 2.414751 2.369589 2.326524 2.282895 2.241640 2.200500 2.160731 2.120510 2.079326 2.037722 1.996258 1.953705 1.906312 1.858012 1.808811 1.755656 1.701228 1.643837 1.583548 1.521114 1.459030 1.390652 1.322473 1.252672 1.180859 1.107613 1.033385 0.957839 0.881909
4.227102 4.202811 4.167702 4.127314 4.086390 4.019747 3.980381 3.936281 3.890135 3.858866 3.827737 3.793309 3.740177 3.698135 3.627779 3.560498 3.480274 3.429425 3.389467 3.331032 3.268557 3.202252 3.139876 3.083382 3.029651 2.967681 2.905254 2.853496 2.793796 2.742529 2.690183 2.639517 2.587971 2.540033 2.491657 2.446639 2.402331 2.360105 2.317042 2.276801 2.235994 2.196816 2.156264 2.115902 2.073865 2.032133 1.988975 1.941584 1.892818 1.842887 1.789238 1.733873 1.675915 1.615176 1.552659 1.489440 1.421449 1.352751 1.281897 1.210442 1.137088 1.062750 0.987590 0.910800
4.237158 4.213408 4.178861 4.139109 4.098857 4.032724 3.994203 3.950856 3.905610 3.875072 3.844353 3.810128 3.756690 3.714447 3.644049 3.577456 3.498536 3.449113 3.409652 3.350634 3.287878 3.222661 3.161704 3.105411 3.051473 2.990814 2.929046 2.878212 2.819130 2.768552 2.717073 2.667089 2.616484 2.569517 2.521994 2.477653 2.434109 2.392915 2.350408 2.310736 2.270379 2.231630 2.191494 2.151041 2.108863 2.067001 2.022681 1.975438 1.926344 1.875782 1.821614 1.765373 1.706660 1.645494 1.582850 1.518913 1.451124 1.381767 1.311066 1.238842 1.165571 1.090774 1.015338 0.938522
4.246942 4.223737 4.189764 4.150579 4.111025 4.045388 4.007688 3.965101 3.920658 3.890795 3.860482 3.826415 3.772728 3.730337 3.659901 3.594050 3.516355 3.468233 3.429230 3.369588 3.306716 3.242573 3.183009 3.126870 3.072934 3.013424 2.952392 2.902275 2.843770 2.793888 2.743281 2.693960 2.644609 2.598201 2.551507 2.507970 2.465205 2.424698 2.382631 2.343814 2.303705 2.265319 2.225199 2.185277 2.142548 2.100440 2.055156 2.008456 1.958636 1.907330 1.852777 1.795475 1.736277 1.674608 1.611888 1.546976 1.479211 1.409386 1.338597 1.266576 1.193108 1.117873 1.042599 0.965495
4.256463 4.233795 4.200384 4.161809 4.122891 4.057753 4.020853 3.978928 3.935305 3.906103 3.876143 3.842194 3.788216 3.745767 3.675344 3.610212 3.533759 3.486838 3.448189 3.387976 3.325049 3.262023 3.203755 3.147723 3.093720 3.035448 2.975064 2.925600 2.867883 2.818602 2.768808 2.720092 2.671856 2.626111 2.580173 2.537476 2.495483 2.455547 2.413950 2.375809 2.335881 2.297763 2.257912 2.218064 2.175087 2.132700 2.086667 2.039659 1.989698 1.937465 1.882433 1.824678 1.764735 1.702992 1.639712 1.573987 1.506814 1.436407 1.365675 1.292982 1.219523 1.144244 1.069001 0.991465
4.265729 4.243582 4.210707 4.172723 4.134454 4.069824 4.033664 3.992449 3.949576 3.920972 3.891312 3.857503 3.803273 3.760762 3.690438 3.626033 3.550747 3.504945 3.466578 3.405879 3.342946 3.281017 3.223885 3.168066 3.113637 3.056964 2.997149 2.948677 2.891292 2.842666 2.793612 2.745594 2.698464 2.653340 2.608174 2.566190 2.524871 2.485518 2.444254 2.406725 2.367142 2.329143 2.289562 2.249324 2.206157 2.163637 2.116734 2.070127 2.019198 1.966479 1.911052 1.852352 1.792332 1.730058 1.666077 1.599868 1.532916 1.462032 1.391394 1.318753 1.244785 1.169750 1.094152 1.016815
4.274750 4.253116 4.220781 4.183379 4.145735 4.081622 4.046215 4.005646 3.963465 3.935417 3.906065 3.872366 3.817872 3.775345 3.705095 3.641484 3.567308 3.522540 3.484396 3.423218 3.360393 3.299553 3.243604 3.187799 3.133530 3.077919 3.018713 2.971075 2.914252 2.866119 2.817787 2.770415 2.724509 2.679765 2.635463 2.594056 2.553365 2.514629 2.473790 2.436585 2.397187 2.359634 2.319600 2.279677 2.236214 2.193345 2.145568 2.099159 2.047890 1.994486 1.938635 1.879126 1.818764 1.755945 1.691825 1.624868 1.557481 1.486789 1.416165 1.343036 1.269580 1.194410 1.118799 1.041151
4.283534 4.262399 4.230613 4.193757 4.156752 4.093125 4.058424 4.018500 3.976987 3.949484 3.920372 3.886786 3.832026 3.789512 3.719451 3.656598 3.583541 3.539678 3.501722 3.440133 3.377430 3.317617 3.262634 3.206925 3.152425 3.098336 3.039628 2.992826 2.936448 2.888957 2.841307 2.794486 2.749622 2.705518 2.661823 2.621194 2.580965 2.542782 2.502305 2.465512 2.426384 2.389019 2.349079 2.309025 2.264559 2.221646 2.173464 2.126691 2.075199 2.021129 1.965287 1.904416 1.844112 1.780659 1.716269 1.648257 1.581685 1.510529 1.439952 1.366975 1.293126 1.217537 1.142116 1.064568
4.292091 4.271439 4.240148 4.203899 4.167474 4.104339 4.070351 4.031026 3.990132 3.963140 3.934265 3.900770 3.845770 3.803285 3.733405 3.671364 3.599402 3.556353 3.518478 3.456459 3.394035 3.335284 3.281273 3.225550 3.170949 3.118159 3.059960 3.014004 2.958086 2.911149 2.864164 2.817934 2.774049 2.730529 2.687606 2.647492 2.607775 2.569956 2.529888 2.493649 2.454384 2.417108 2.376908 2.337029 2.291988 2.248784 2.200095 2.153116 2.101070 2.046302 1.990038 1.929001 1.868130 1.804825 1.739707 1.671075 1.604445 1.533211 1.462671 1.389804 1.315775 1.240410 1.164756 1.087015
4.144996 4.121635 4.088082 4.049590 4.010335 3.947412 3.909391 3.867366 3.823821 3.794283 3.764101 3.729752 3.677432 3.633516 3.563005 3.495874 3.418333 3.370012 3.331586 3.271815 3.206490 3.139647 3.078905 3.022542 2.967948 2.903256 2.840459 2.785725 2.725795 2.672479 2.618365 2.566494 2.512276 2.462581 2.412635 2.365072 2.319269 2.274551 2.230709 2.188085 2.147282 2.107005 2.066551 2.025489 1.985199 1.945137 1.902020 1.856708 1.810396 1.762801 1.710028 1.658597 1.601609 1.543359 1.483647 1.423538 1.358176 1.291467 1.222342 1.151609 1.078752 1.005313 0.931034 0.855478
4.175681 4.152492 4.118979 4.080479 4.041303 3.977811 3.940106 3.898077 3.854507 3.825088 3.794955 3.760693 3.707922 3.664366 3.593906 3.527325 3.450021 3.402117 3.363588 3.303689 3.238948 3.173214 3.113043 3.056802 3.002376 2.939413 2.877134 2.823810 2.764418 2.712379 2.659443 2.608464 2.555779 2.507204 2.458408 2.412251 2.367718 2.324662 2.281218 2.240266 2.199626 2.160611 2.120429 2.079840 2.039200 1.998224 1.954310 1.908659 1.861294 1.812487 1.759155 1.705533 1.648031 1.589225 1.527788 1.466135 1.400335 1.332348 1.262726 1.191248 1.118135 1.044371 0.969724 0.893867
4.204369 4.181354 4.147870 4.109354 4.070254 4.006190 3.968779 3.926792 3.883206 3.853845 3.823780 3.789651 3.736467 3.693267 3.622842 3.556726 3.479717 3.432139 3.393569 3.333523 3.269443 3.204651 3.145068 3.088894 3.034743 2.973330 2.911719 2.859771 2.801036 2.749906 2.698044 2.647959 2.596661 2.549178 2.501474 2.456705 2.413012 2.371220 2.328317 2.288599 2.248502 2.209808 2.169875 2.129854 2.088485 2.046805 2.002085 1.956400 1.907623 1.858011 1.804105 1.748860 1.690456 1.630424 1.568263 1.505789 1.438687 1.369709 1.299854 1.228067 1.154796 1.080370 1.005485 0.928886
4.231237 4.208397 4.174943 4.136391 4.097399 4.032792 3.995628 3.953695 3.910088 3.880834 3.850779 3.816733 3.763149 3.720365 3.649940 3.584286 3.507560 3.460323 3.421707 3.361596 3.298086 3.234209 3.175311 3.119159 3.065075 3.005351 2.944259 2.893644 2.835369 2.785222 2.734440 2.685092 2.635297 2.588769 2.541928 2.498351 2.455514 2.414895 2.372666 2.333803 2.293663 2.255286 2.215471 2.175718 2.133562 2.091584 2.046133 1.999784 1.950308 1.899341 1.844885 1.788273 1.729249 1.668364 1.605245 1.541278 1.474145 1.404654 1.334081 1.261938 1.188278 1.113854 1.038530 0.961259
4.256463 4.233791 4.200379 4.161785 4.122896 4.057749 4.020850 3.978940 3.935339 3.906121 3.876144 3.842195 3.788214 3.745770 3.675340 3.610225 3.533727 3.486827 3.448203 3.387995 3.325056 3.262023 3.203741 3.147732 3.093663 3.035504 2.975080 2.925734 2.867841 2.818583 2.768796 2.720122 2.671790 2.626133 2.580226 2.537538 2.495346 2.455556 2.413957 2.375556 2.335890 2.297851 2.257802 2.217714 2.175140 2.132470 2.086621 2.039682 1.989498 1.937567 1.882688 1.824667 1.764977 1.702823 1.639416 1.574191 1.506437 1.436364 1.365713 1.293294 1.219611 1.144607 1.068845 0.991779
4.280223 4.257717 4.224354 4.185725 4.146876 4.081269 4.044590 4.002744 3.959076 3.929910 3.900001 3.866171 3.811805 3.769679 3.699305 3.634629 3.558469 3.511826 3.473134 3.412875 3.350529 3.288266 3.230630 3.174790 3.120595 3.064010 3.004162 2.956044 2.898542 2.850157 2.801254 2.753255 2.706445 2.661464 2.616419 2.574446 2.533109 2.493857 2.452963 2.414805 2.375092 2.337139 2.296930 2.256989 2.213256 2.170281 2.124027 2.076673 2.025557 1.972539 1.916724 1.857973 1.797527 1.734960 1.671336 1.604228 1.536565 1.465756 1.395012 1.322162 1.248406 1.172902 1.097182 1.019776
4.302695 4.280354 4.247009 4.208354 4.169569 4.103459 4.067034 4.025234 3.981541 3.952430 3.922524 3.888796 3.834124 3.792350 3.721966 3.657726 3.581852 3.535467 3.496786 3.436462 3.374687 3.313168 3.256193 3.200457 3.146137 3.091062 3.031872 2.984929 2.927746 2.880100 2.832086 2.784733 2.739191 2.695007 2.650679 2.609562 2.568703 2.529901 2.489689 2.451614 2.412332 2.373828 2.333933 2.293135 2.248278 2.205143 2.158874 2.110024 2.058723 2.005020 1.948143 1.889225 1.827816 1.764185 1.700447 1.632591 1.564615 1.493500 1.421640 1.349283 1.275134 1.199860 1.123827 1.046249
4.324054 4.301871 4.268564 4.229867 4.191154 4.124568 4.088345 4.046590 4.002878 3.973793 3.943936 3.910321 3.855306 3.813820 3.743506 3.679728 3.604092 3.557973 3.519227 3.458862 3.397700 3.336878 3.280515 3.224928 3.170633 3.116939 3.058232 3.012447 2.955588 2.908603 2.861407 2.814743 2.770496 2.727048 2.683424 2.643052 2.602625 2.564021 2.524784 2.486284 2.447128 2.408548 2.368314 2.327159 2.280912 2.237349 2.191224 2.141227 2.089380 2.034727 1.977261 1.917672 1.855817 1.791970 1.727689 1.658652 1.590286 1.519075 1.447614 1.374486 1.300561 1.225136 1.148828 1.071405
4.344475 4.322445 4.289176 4.250448 4.211792 4.144749 4.108734 4.067011 4.023277 3.994199 3.964404 3.930840 3.875573 3.834352 3.764037 3.700740 3.625347 3.579492 3.540715 3.480296 3.419687 3.359588 3.303859 3.248374 3.194306 3.141695 3.083522 3.038766 2.982230 2.935964 2.889380 2.843472 2.800222 2.757635 2.714777 2.675009 2.634961 2.596514 2.558229 2.519344 2.480368 2.440888 2.400771 2.358975 2.311239 2.267513 2.221906 2.170204 2.118361 2.062987 2.004345 1.945508 1.882336 1.817768 1.753893 1.683944 1.615013 1.543822 1.472261 1.398998 1.324803 1.248970 1.172832 1.094511
4.287118 4.262410 4.226459 4.185018 4.143556 4.074978 4.036057 3.992155 3.945519 3.913946 3.881677 3.845660 3.788614 3.744493 3.671831 3.605023 3.526653 3.477866 3.436626 3.374518 3.309518 3.245206 3.185317 3.127481 3.068486 3.011557 2.949647 2.898822 2.838707 2.788190 2.736469 2.686381 2.635824 2.588097 2.540534 2.496303 2.451999 2.410798 2.367348 2.327560 2.286659 2.247085 2.206164 2.164452 2.121342 2.077879 2.032035 1.984484 1.933603 1.881012 1.825798 1.768236 1.707900 1.645349 1.580708 1.515739 1.446249 1.375731 1.304078 1.230194 1.155765 1.079436 1.002288 0.923575
4.281708 4.257362 4.221857 4.180908 4.139904 4.071929 4.033379 3.989821 3.943720 3.912567 3.880700 3.845067 3.788515 3.744723 3.672489 3.605949 3.527887 3.479471 3.438683 3.376861 3.312263 3.248160 3.188488 3.131004 3.072967 3.015774 2.954114 2.903543 2.843834 2.793528 2.742172 2.692375 2.642095 2.594827 2.547460 2.503639 2.459816 2.418584 2.375612 2.336118 2.295374 2.255980 2.215363 2.173944 2.131027 2.087489 2.041546 1.994499 1.943779 1.891003 1.835948 1.778223 1.717962 1.655380 1.591263 1.525939 1.457455 1.386592 1.315056 1.241226 1.167036 1.091026 1.014461 0.936303
4.276299 4.252306 4.217254 4.176819 4.136242 4.068889 4.030675 3.987477 3.941912 3.911157 3.879714 3.844434 3.788460 3.744972 3.673067 3.606832 3.529134 3.481030 3.440717 3.379247 3.314999 3.251143 3.191762 3.134581 3.077369 3.019984 2.958596 2.908345 2.848920 2.798925 2.747916 2.698303 2.648507 2.601580 2.554510 2.510903 2.467428 2.426504 2.383865 2.344518 2.304005 2.264788 2.224344 2.183328 2.140447 2.097392 2.051256 2.004237 1.953608 1.901018 1.845822 1.788110 1.727782 1.665469 1.601802 1.536438 1.468086 1.397471 1.326396 1.252558 1.178354 1.102934 1.026295 0.947995
4.270889 4.247261 4.212651 4.172711 4.132605 4.065859 4.028008 3.985143 3.940128 3.909773 3.878732 3.843851 3.788399 3.745145 3.673693 3.607795 3.530391 3.482615 3.442752 3.381636 3.317742 3.254129 3.194975 3.138209 3.081638 3.024192 2.963071 2.913141 2.854146 2.804287 2.753595 2.704260 2.654905 2.608233 2.561457 2.518169 2.475198 2.434494 2.392087 2.353244 2.312851 2.274171 2.233500 2.192655 2.149946 2.106945 2.061182 2.014027 1.963583 1.910801 1.855675 1.798046 1.738069 1.675819 1.612092 1.546749 1.478466 1.408153 1.336869 1.263975 1.189711 1.113992 1.037933 0.959837
4.265479 4.242208 4.208040 4.168638 4.128949 4.062812 4.025304 3.982840 3.938321 3.908413 3.877759 3.843206 3.788313 3.745396 3.674355 3.608710 3.531641 3.484200 3.444789 3.384038 3.320463 3.257081 3.198323 3.141791 3.086163 3.028424 2.967559 2.917717 2.859256 2.809667 2.759290 2.710219 2.661197 2.614985 2.568539 2.525386 2.482828 2.442477 2.400256 2.361644 2.321476 2.282932 2.242781 2.202165 2.159509 2.116522 2.070647 2.023548 1.973085 1.920897 1.865908 1.807929 1.748224 1.686040 1.622515 1.556934 1.489074 1.418486 1.347349 1.274593 1.201070 1.125695 1.049452 0.971785
4.260069 4.237160 4.203430 4.164526 4.125300 4.059773 4.022630 3.980496 3.936526 3.907029 3.876789 3.842612 3.788305 3.745620 3.674908 3.609625 3.532899 3.485775 3.446820 3.386399 3.323194 3.260026 3.201544 3.145381 3.090826 3.032628 2.972059 2.922571 2.864396 2.815053 2.765014 2.716157 2.667708 2.621695 2.575556 2.532668 2.490463 2.450364 2.408486 2.370055 2.330100 2.291861 2.251898 2.211527 2.168814 2.126155 2.080313 2.033206 1.982994 1.931083 1.875705 1.817913 1.757996 1.696071 1.632611 1.567337 1.499455 1.429133 1.358573 1.285992 1.212401 1.136986 1.061183 0.983717
4.254659 4.232109 4.198835 4.160426 4.121654 4.056736 4.019950 3.978168 3.934709 3.905632 3.875804 3.841974 3.788205 3.745853 3.675557 3.610522 3.534121 3.487343 3.448864 3.388809 3.325965 3.263000 3.204765 3.148975 3.095254 3.036840 2.976558 2.927340 2.869526 2.820405 2.770689 2.722078 2.673868 2.628401 2.582520 2.539964 2.498074 2.458190 2.416571 2.378566 2.338805 2.300710 2.260882 2.220994 2.178170 2.135812 2.089955 2.043017 1.992779 1.940815 1.885899 1.827912 1.768025 1.706504 1.643054 1.577505 1.510033 1.439963 1.369204 1.296669 1.223059 1.148353 1.072642 0.995513
4.249249 4.227059 4.194237 4.156328 4.118015 4.053713 4.017270 3.975866 3.932922 3.904255 3.874836 3.841370 3.788122 3.746078 3.676176 3.611423 3.535383 3.488946 3.450901 3.391193 3.328719 3.265974 3.208070 3.152543 3.099821 3.041114 2.981035 2.932083 2.874696 2.825770 2.776394 2.728083 2.680339 2.635064 2.589523 2.547007 2.505554 2.466144 2.424788 2.386889 2.347398 2.309568 2.270056 2.230413 2.187668 2.145274 2.099308 2.052874 2.002682 1.950561 1.895816 1.837849 1.778593 1.716497 1.653311 1.587728 1.520191 1.450333 1.379869 1.307399 1.234318 1.159492 1.084300 1.007392
4.243839 4.222003 4.189639 4.152245 4.114366 4.050694 4.014614 3.973523 3.931134 3.902866 3.873822 3.840757 3.788082 3.746268 3.676830 3.612368 3.536640 3.490531 3.452961 3.393586 3.331433 3.268952 3.211356 3.156094 3.103955 3.045327 2.985599 2.936784 2.879876 2.831106 2.782099 2.733966 2.686602 2.641811 2.596490 2.554424 2.513260 2.473938 2.432870 2.395316 2.355997 2.318685 2.279075 2.239920 2.197094 2.154951 2.108863 2.062477 2.012364 1.960449 1.905804 1.847629 1.788524 1.726855 1.663249 1.597585 1.530508 1.460670 1.390341 1.318422 1.244985 1.170853 1.095557 1.018931
4.299303 4.276862 4.243442 4.204769 4.165972 4.099932 4.063360 4.021548 3.977802 3.948666 3.918671 3.884963 3.830298 3.788385 3.717819 3.653648 3.577686 3.531156 3.492333 3.431881 3.369925 3.308472 3.251126 3.195248 3.140636 3.085630 3.026160 2.978819 2.921602 2.873699 2.825162 2.777561 2.731311 2.686821 2.641904 2.600618 2.559280 2.520190 2.478806 2.441061 2.400586 2.361275 2.321104 2.279123 2.233997 2.189219 2.140948 2.091874 2.039264 1.983822 1.926621 1.864135 1.803421 1.739045 1.672812 1.603143 1.533458 1.461615 1.389189 1.314970 1.239668 1.163396 1.086144 1.007877
4.290303 4.267819 4.234355 4.195671 4.156815 4.091010 4.054366 4.012486 3.968784 3.939645 3.909649 3.875858 3.821354 3.779363 3.708699 3.644342 3.568268 3.521596 3.482917 3.422451 3.360311 3.298508 3.241014 3.185033 3.130014 3.074895 3.015157 2.967424 2.910114 2.861896 2.813134 2.765285 2.718885 2.673903 2.628911 2.587329 2.545852 2.506888 2.465359 2.427837 2.387492 2.348653 2.308560 2.267394 2.222634 2.178231 2.129490 2.081416 2.029121 1.974279 1.917199 1.855718 1.794748 1.730857 1.665575 1.597381 1.528416 1.456612 1.384486 1.310505 1.236114 1.159763 1.082912 1.004569
4.280238 4.257689 4.224195 4.185553 4.146665 4.081062 4.044369 4.002486 3.958774 3.929600 3.899645 3.865800 3.811463 3.769355 3.698780 3.634184 3.557980 3.511255 3.472529 3.412183 3.349828 3.287706 3.229832 3.173931 3.119405 3.063087 3.003241 2.955064 2.897536 2.849024 2.799991 2.751946 2.704945 2.659848 2.614520 2.572817 2.531194 2.492016 2.450449 2.412785 2.372677 2.334366 2.294043 2.253738 2.209462 2.165648 2.117445 2.069724 2.017852 1.964064 1.907426 1.847272 1.786299 1.722929 1.658357 1.591129 1.522784 1.451226 1.379507 1.306012 1.231638 1.155743 1.079584 1.001023
4.269022 4.246410 4.212928 4.174333 4.135437 4.070064 4.033257 3.991368 3.947715 3.918513 3.888535 3.854691 3.800500 3.758228 3.687776 3.622908 3.546572 3.499755 3.461096 3.400854 3.338234 3.275602 3.217585 3.161632 3.107497 3.050111 2.989953 2.941222 2.883582 2.834723 2.785382 2.737045 2.689314 2.644052 2.598498 2.556199 2.514537 2.474964 2.433339 2.395612 2.355478 2.317393 2.277409 2.237209 2.193712 2.150412 2.103481 2.056428 2.005171 1.952256 1.896351 1.837182 1.776531 1.714315 1.649861 1.583456 1.515642 1.445064 1.373781 1.300476 1.226761 1.151044 1.074864 0.996904
4.256463 4.233791 4.200370 4.161803 4.122863 4.057767 4.020846 3.978956 3.935328 3.906105 3.876138 3.842196 3.788214 3.745771 3.675351 3.610211 3.533741 3.486827 3.448171 3.388016 3.325036 3.262036 3.203737 3.147748 3.093777 3.035450 2.975055 2.925798 2.867827 2.818602 2.768772 2.720122 2.671936 2.626153 2.580235 2.537436 2.495466 2.455674 2.414026 2.375610 2.335895 2.297799 2.257901 2.217821 2.175088 2.132574 2.086668 2.039819 1.989655 1.937434 1.882392 1.824443 1.764872 1.703004 1.639550 1.574227 1.506921 1.436355 1.365423 1.292929 1.219268 1.144663 1.068738 0.991512
4.242272 4.219532 4.186133 4.147576 4.108636 4.043825 4.006795 3.964837 3.921269 3.891980 3.862005 3.828000 3.774264 3.731587 3.661144 3.595751 3.519131 3.472078 3.433487 3.373271 3.309963 3.246481 3.187946 3.131896 3.077849 3.018742 2.957976 2.908029 2.849872 2.800127 2.749844 2.700833 2.651941 2.605656 2.559397 2.516082 2.473850 2.433395 2.391479 2.352994 2.313139 2.274823 2.235353 2.195636 2.153512 2.111482 2.066491 2.020052 1.970609 1.919677 1.865229 1.808553 1.749724 1.688719 1.625929 1.561727 1.494529 1.424937 1.354940 1.282990 1.209856 1.135230 1.060656 0.983601
4.226096 4.203264 4.169852 4.131314 4.092276 4.027846 3.990668 3.948679 3.905122 3.875807 3.845805 3.811714 3.758237 3.715316 3.644770 3.579119 3.502364 3.455145 3.416571 3.356368 3.292750 3.228717 3.169756 3.113660 3.059083 2.999498 2.938443 2.887708 2.829286 2.778981 2.728142 2.678628 2.629011 2.582298 2.535523 2.491734 2.449014 2.408124 2.365917 2.327083 2.287133 2.248926 2.209415 2.169870 2.128337 2.087043 2.043238 1.997049 1.948680 1.898588 1.844827 1.789174 1.731263 1.670878 1.609315 1.545579 1.479193 1.410405 1.341582 1.270480 1.197974 1.123940 1.049533 0.973619
4.207518 4.184550 4.151094 4.112585 4.073468 4.009430 3.972078 3.930053 3.886497 3.857162 3.827146 3.792935 3.739775 3.696586 3.625987 3.560003 3.483115 3.435600 3.397093 3.336953 3.272976 3.208240 3.149025 3.092840 3.037760 2.977484 2.916091 2.864575 2.805785 2.754770 2.703272 2.653298 2.603026 2.555510 2.508141 2.463691 2.420661 2.378923 2.336757 2.297406 2.257467 2.219100 2.179527 2.140375 2.099296 2.058884 2.015606 1.970167 1.922826 1.874033 1.821116 1.766450 1.709632 1.650029 1.588986 1.526961 1.461394 1.393905 1.325132 1.255167 1.183062 1.110181 1.036320 0.960907
4.185974 4.162846 4.129322 4.090849 4.051684 3.988092 3.950542 3.908480 3.864979 3.835576 3.805551 3.771209 3.718380 3.674902 3.604337 3.537972 3.460835 3.413047 3.374578 3.314567 3.250261 3.184721 3.125073 3.068805 3.013425 2.952208 2.890359 2.837936 2.778860 2.726986 2.674708 2.624101 2.573041 2.524685 2.476519 2.431419 2.387729 2.345281 2.302704 2.262743 2.222606 2.184052 2.144910 2.105319 2.065572 2.025543 1.983053 1.938325 1.891939 1.844645 1.792406 1.739752 1.683330 1.624823 1.565072 1.504600 1.439629 1.373150 1.305561 1.236483 1.165230 1.093044 1.020219 0.945506
4.277856 4.255318 4.221870 4.183254 4.144471 4.078836 4.042113 4.000290 3.956553 3.927415 3.897441 3.863593 3.809292 3.767162 3.696732 3.632092 3.555842 3.509070 3.470336 3.410047 3.347658 3.285342 3.227491 3.171537 3.116576 3.060530 3.000584 2.952167 2.894670 2.846170 2.797143 2.748917 2.701565 2.656583 2.611217 2.569098 2.527730 2.488281 2.446671 2.408998 2.368529 2.330362 2.290155 2.249624 2.206113 2.163231 2.115634 2.068473 2.016962 1.963425 1.907273 1.847418 1.787040 1.723940 1.659000 1.592114 1.522596 1.451860 1.380124 1.307261 1.232662 1.156638 1.080363 1.001884
4.272070 4.249493 4.216037 4.177414 4.138585 4.073115 4.036329 3.994456 3.950796 3.921620 3.891656 3.857740 3.803506 3.761252 3.690672 3.625928 3.549676 3.502833 3.464201 3.403807 3.341238 3.278740 3.220745 3.164868 3.109562 3.053487 2.993406 2.944838 2.887211 2.838415 2.789211 2.740840 2.693385 2.648033 2.602490 2.560228 2.518647 2.479159 2.437479 2.399588 2.359514 2.321402 2.281194 2.240995 2.197631 2.154656 2.107501 2.060439 2.009122 1.956239 1.900107 1.840781 1.780939 1.717929 1.653853 1.587218 1.518139 1.447436 1.375863 1.302854 1.228888 1.153264 1.077194 0.999426
4.265408 4.242782 4.209319 4.170698 4.131831 4.066511 4.029697 3.987815 3.944161 3.914984 3.884980 3.851079 3.796927 3.754569 3.684064 3.619155 3.542776 3.495933 3.457291 3.396964 3.334243 3.271545 3.213388 3.157518 3.102533 3.045757 2.985560 2.936761 2.878971 2.829954 2.780455 2.731962 2.684392 2.638773 2.593114 2.550717 2.508925 2.469222 2.427609 2.389571 2.349799 2.311823 2.271477 2.231491 2.188340 2.145567 2.098622 2.051703 2.000909 1.948470 1.892983 1.834168 1.774398 1.711911 1.647981 1.581754 1.513472 1.443074 1.371830 1.299099 1.224749 1.149972 1.074061 0.996076
4.257823 4.235157 4.201724 4.163149 4.124234 4.059088 4.022198 3.980317 3.936653 3.907473 3.877485 3.843544 3.789538 3.747120 3.676720 3.611595 3.535104 3.488235 3.449575 3.389383 3.326499 3.263460 3.205242 3.149302 3.095024 3.037066 2.976658 2.927414 2.869570 2.820349 2.770614 2.721942 2.673801 2.628088 2.582214 2.539641 2.497580 2.457636 2.416132 2.377972 2.338069 2.299965 2.259969 2.220086 2.177233 2.134585 2.088632 2.041845 1.991339 1.939212 1.884050 1.825997 1.766452 1.704457 1.640850 1.575503 1.507777 1.437456 1.366376 1.294256 1.220447 1.145630 1.069562 0.992344
4.249168 4.226452 4.193046 4.154462 4.115522 4.050551 4.013587 3.971644 3.928070 3.898813 3.868846 3.834862 3.781003 3.738475 3.668073 3.602769 3.526171 3.479217 3.440612 3.380476 3.317337 3.254010 3.195534 3.139552 3.085563 3.026767 2.966136 2.916456 2.858406 2.809038 2.758934 2.710061 2.661077 2.615385 2.569175 2.526167 2.483826 2.443777 2.401990 2.363453 2.323602 2.285666 2.245817 2.205886 2.163222 2.121291 2.076144 2.029267 1.979521 1.928071 1.872935 1.815678 1.756337 1.694763 1.631888 1.566980 1.499382 1.429602 1.359332 1.287310 1.213997 1.139147 1.063695 0.986958
4.238995 4.216210 4.182757 4.144189 4.105160 4.040456 4.003389 3.961399 3.917831 3.888565 3.858574 3.824547 3.770866 3.728154 3.657582 3.592140 3.515471 3.468330 3.429797 3.369652 3.306217 3.242553 3.183813 3.127806 3.073765 3.014381 2.953533 2.903156 2.844991 2.795440 2.744896 2.695829 2.646091 2.600062 2.553559 2.510076 2.467507 2.426934 2.385228 2.346454 2.306995 2.268441 2.228995 2.189098 2.146912 2.105285 2.060833 2.014098 1.964635 1.913792 1.859431 1.802125 1.743406 1.682693 1.620219 1.555668 1.488479 1.419461 1.349262 1.277958 1.204659 1.130621 1.055483 0.979029
4.226549 4.203688 4.170184 4.131629 4.092545 4.028087 3.990936 3.948899 3.905340 3.876041 3.846019 3.811924 3.758447 3.715570 3.644907 3.579237 3.502473 3.455136 3.416653 3.356473 3.292872 3.228729 3.169741 3.113680 3.058839 2.999501 2.938371 2.887382 2.829143 2.778994 2.728022 2.678624 2.628422 2.581893 2.534961 2.491185 2.448251 2.407469 2.365505 2.326520 2.286938 2.248719 2.208851 2.169294 2.127658 2.086295 2.041753 1.995672 1.946821 1.896415 1.842765 1.786291 1.727669 1.667305 1.605657 1.541983 1.475456 1.407056 1.336974 1.266221 1.193185 1.119579 1.044318 0.968910
4.210796 4.187836 4.154303 4.115798 4.076680 4.012556 3.975227 3.933157 3.889612 3.860243 3.830219 3.796018 3.742857 3.699744 3.629150 3.563249 3.486355 3.438755 3.400263 3.340235 3.276324 3.211694 3.152368 3.096270 3.041245 2.981259 2.919711 2.868192 2.809599 2.758818 2.707290 2.657446 2.606863 2.559642 2.512309 2.467914 2.424799 2.383690 2.341445 2.302253 2.262361 2.223991 2.184389 2.144864 2.104160 2.062864 2.018346 1.972972 1.924971 1.875108 1.821711 1.766433 1.708389 1.648687 1.587686 1.524789 1.459292 1.391442 1.321952 1.251142 1.178975 1.105593 1.031456 0.955869
4.189979 4.166872 4.133281 4.094806 4.055657 3.991923 3.954453 3.912372 3.868819 3.839379 3.809319 3.775055 3.722229 3.678873 3.608499 3.542241 3.465074 3.417261 3.378685 3.318920 3.254669 3.189391 3.129695 3.073439 3.018571 2.957212 2.895293 2.842969 2.784012 2.732245 2.679971 2.629546 2.578393 2.530289 2.482221 2.437265 2.393743 2.351656 2.308972 2.269589 2.229285 2.190925 2.151105 2.112248 2.072009 2.030620 1.986550 1.942052 1.894717 1.846060 1.793738 1.739458 1.681971 1.623578 1.563109 1.501578 1.436812 1.369663 1.301103 1.231328 1.159390 1.087011 1.013073 0.937960
4.279915 4.258521 4.226308 4.189144 4.151621 4.087396 4.051588 4.010509 3.967610 3.938942 3.909343 3.875898 3.822362 3.781088 3.711666 3.647916 3.572042 3.525405 3.486789 3.427085 3.365700 3.303801 3.246006 3.190622 3.137019 3.080704 3.021142 2.973367 2.916335 2.868203 2.819534 2.771729 2.725295 2.680597 2.635638 2.594430 2.553439 2.514402 2.472949 2.435677 2.395907 2.357980 2.317934 2.278103 2.235078 2.191553 2.144651 2.097148 2.045923 1.992306 1.936513 1.877738 1.816716 1.753809 1.689021 1.623178 1.555567 1.484158 1.412920 1.339715 1.265978 1.190228 1.114367 1.036468
4.272886 4.251158 4.218606 4.181079 4.143205 4.078813 4.042744 4.001481 3.958436 3.929658 3.899997 3.866464 3.812849 3.771297 3.701710 3.637519 3.561520 3.514837 3.476245 3.416483 3.354643 3.292441 3.234588 3.178998 3.125460 3.068453 3.008650 2.960502 2.903238 2.854830 2.805931 2.757831 2.710786 2.665974 2.620802 2.579056 2.537737 2.498521 2.456950 2.419513 2.379543 2.341601 2.301674 2.261606 2.218701 2.175515 2.129054 2.081876 2.030938 1.977607 1.922125 1.863192 1.802718 1.739944 1.675548 1.609887 1.542033 1.470917 1.399923 1.327111 1.253493 1.177889 1.102299 1.024076
4.265958 4.243882 4.211006 4.173108 4.134859 4.070185 4.033795 3.992290 3.949054 3.920137 3.890380 3.856707 3.802963 3.761065 3.691147 3.626621 3.550435 3.503675 3.465082 3.405152 3.342897 3.280412 3.222350 3.166606 3.112753 3.055427 2.995335 2.946749 2.889267 2.840529 2.791261 2.742959 2.695553 2.650227 2.604764 2.562790 2.521080 2.481544 2.440017 2.402185 2.362199 2.324233 2.284259 2.244230 2.201415 2.158403 2.112453 2.065379 2.014517 1.961918 1.906407 1.848165 1.787961 1.725274 1.661513 1.595769 1.527735 1.457478 1.386470 1.313890 1.239886 1.164837 1.088965 1.010990
4.259302 4.236826 4.203598 4.165225 4.126515 4.061550 4.024835 3.983050 3.939557 3.910440 3.880543 3.846688 3.792787 3.750511 3.680279 3.615353 3.538884 3.492087 3.453470 3.393373 3.330617 3.267787 3.209595 3.153651 3.099541 3.041746 2.981424 2.932297 2.874522 2.825493 2.775850 2.727267 2.679400 2.633719 2.587906 2.545342 2.503509 2.463808 2.421996 2.383917 2.344249 2.306029 2.265962 2.226131 2.183470 2.140737 2.094787 2.047835 1.997398 1.945245 1.890020 1.831928 1.772368 1.710256 1.646280 1.581069 1.513239 1.443034 1.372385 1.299563 1.225735 1.150970 1.075149 0.997790
4.253031 4.230091 4.196416 4.157561 4.118349 4.053049 4.015926 3.973825 3.930032 3.900701 3.870610 3.836543 3.782473 3.739795 3.669185 3.603805 3.527143 3.480204 3.441508 3.381221 3.318003 3.254749 3.196370 3.140292 3.085903 3.027527 2.966945 2.917356 2.859280 2.809864 2.759801 2.710986 2.662393 2.616488 2.570361 2.527401 2.485296 2.445309 2.403451 2.365016 2.325178 2.287205 2.247305 2.207308 2.164628 2.122151 2.076240 2.029610 1.979538 1.927598 1.872502 1.814862 1.755385 1.693801 1.630523 1.565286 1.498069 1.427575 1.356861 1.284723 1.211155 1.136303 1.060862 0.983724
4.247199 4.223736 4.189487 4.150104 4.110396 4.044720 4.007152 3.964749 3.920610 3.891017 3.860723 3.826423 3.772135 3.728991 3.657989 3.592106 3.515279 3.468137 3.429358 3.368829 3.305117 3.241440 3.182866 3.126524 3.072041 3.013002 2.952171 2.901988 2.843699 2.793827 2.743321 2.694214 2.645117 2.598762 2.552291 2.508922 2.466323 2.425996 2.384110 2.345469 2.305877 2.267526 2.227409 2.187523 2.145183 2.102703 2.057228 2.010673 1.961128 1.909514 1.854771 1.797552 1.738563 1.677295 1.614202 1.549159 1.481927 1.411992 1.341488 1.269578 1.196087 1.121113 1.045899 0.968917
4.241800 4.217772 4.182886 4.142973 4.102718 4.036681 3.998643 3.955864 3.911375 3.881485 3.850954 3.816416 3.761896 3.718302 3.646835 3.580481 3.503379 3.456052 3.417167 3.356432 3.292091 3.228051 3.169234 3.112736 3.057333 2.998274 2.937220 2.886536 2.827892 2.777521 2.726616 2.677203 2.627503 2.580703 2.533851 2.490029 2.447303 2.406369 2.364422 2.325757 2.285448 2.247331 2.207259 2.167348 2.125019 2.082661 2.037383 1.990869 1.941760 1.890784 1.836569 1.779748 1.721042 1.660099 1.597141 1.532480 1.465053 1.395893 1.325588 1.253487 1.180101 1.105587 1.030205 0.953463
4.236771 4.212173 4.176655 4.136220 4.095454 4.028970 3.990451 3.947326 3.902466 3.872247 3.841430 3.806628 3.751841 3.707781 3.635895 3.569002 3.491552 3.444103 3.405023 3.344122 3.279157 3.214680 3.155730 3.098947 3.043454 2.983521 2.922158 2.870969 2.811953 2.761189 2.709713 2.660003 2.609708 2.562440 2.515219 2.470971 2.427747 2.386686 2.344182 2.305061 2.264947 2.226448 2.186480 2.146153 2.104094 2.062176 2.017303 1.971144 1.922127 1.871375 1.817782 1.761487 1.703143 1.642325 1.579808 1.514920 1.447739 1.378674 1.308618 1.236997 1.163400 1.089229 1.014115 0.937402
4.231989 4.206866 4.170843 4.129863 4.088563 4.021688 3.982699 3.939158 3.893911 3.863388 3.832310 3.797213 3.742143 3.697605 3.625198 3.557821 3.480023 3.432411 3.393145 3.331988 3.266464 3.201532 3.142249 3.085284 3.029319 2.968982 2.907289 2.855440 2.796139 2.744955 2.693018 2.642933 2.592062 2.544380 2.496755 2.452027 2.408329 2.366755 2.324040 2.284404 2.243873 2.205209 2.165242 2.124721 2.082929 2.041225 1.996796 1.950780 1.902206 1.852157 1.798464 1.742793 1.685040 1.624455 1.561860 1.497171 1.429411 1.360944 1.290944 1.219682 1.146274 1.072364 0.997139 0.920899
4.273765 4.251811 4.219128 4.181454 4.143512 4.079278 4.044071 4.003767 3.962087 3.934562 3.905462 3.871448 3.816260 3.772353 3.701093 3.637345 3.564244 3.520807 3.482665 3.419961 3.355986 3.295709 3.240558 3.183967 3.129682 3.073796 3.014434 2.966391 2.909600 2.861174 2.813400 2.765398 2.718611 2.674666 2.629979 2.588587 2.547662 2.508994 2.468099 2.430899 2.391011 2.353376 2.313391 2.273759 2.231043 2.188182 2.140822 2.093144 2.042206 1.989208 1.933407 1.874522 1.813830 1.751087 1.686600 1.621639 1.552738 1.481986 1.410936 1.338007 1.263724 1.188355 1.112748 1.034791
4.270021 4.247922 4.215070 4.177195 4.139045 4.074615 4.039020 3.998383 3.956279 3.928384 3.899123 3.865153 3.810228 3.766608 3.695492 3.631442 3.557584 3.513418 3.475237 3.413108 3.349315 3.288360 3.232564 3.176167 3.121929 3.065492 3.005924 2.957564 2.900514 2.851892 2.803683 2.755570 2.708545 2.664204 2.619172 2.577511 2.536456 2.497412 2.456351 2.418869 2.378950 2.341462 2.301409 2.261709 2.218871 2.175982 2.128909 2.081678 2.030792 1.978190 1.922407 1.863787 1.803083 1.740380 1.676611 1.611609 1.543130 1.472172 1.401147 1.328262 1.254127 1.178887 1.103471 1.025618
4.266317 4.244063 4.211044 4.172987 4.134627 4.069990 4.034045 3.993038 3.950542 3.922278 3.892833 3.858877 3.804260 3.760958 3.690011 3.625620 3.551007 3.506115 3.467879 3.406275 3.342636 3.281086 3.224684 3.168425 3.114179 3.057235 2.997482 2.948857 2.891595 2.842795 2.794107 2.745903 2.698471 2.653842 2.608524 2.566636 2.525259 2.485955 2.444806 2.407223 2.367317 2.329623 2.289566 2.249835 2.207196 2.164261 2.117741 2.070304 2.019593 1.967084 1.911469 1.853042 1.792735 1.730380 1.666764 1.601258 1.533418 1.462680 1.391580 1.318610 1.244825 1.169729 1.093823 1.016503
4.262652 4.240246 4.207083 4.168823 4.130229 4.065438 4.029124 3.987811 3.944863 3.916277 3.886618 3.852693 3.798296 3.755316 3.684574 3.619895 3.544578 3.498959 3.460580 3.399520 3.336093 3.273980 3.216880 3.160749 3.106729 3.049200 2.989124 2.940235 2.882702 2.833793 2.784746 2.736284 2.688449 2.643508 2.597916 2.555894 2.514267 2.474677 2.433397 2.395374 2.355650 2.317872 2.277911 2.237857 2.195104 2.152446 2.106059 2.058991 2.008494 1.955998 1.900886 1.842283 1.782175 1.720289 1.656589 1.591311 1.523340 1.452763 1.381692 1.309451 1.235362 1.160268 1.084582 1.007319
4.259027 4.236468 4.203142 4.164702 4.125933 4.060929 4.024276 3.982596 3.939286 3.910319 3.880481 3.846540 3.792386 3.749744 3.679181 3.614214 3.538212 3.491853 3.453325 3.392794 3.329614 3.266921 3.209165 3.153156 3.098842 3.041124 2.980860 2.931772 2.874009 2.824922 2.775426 2.726825 2.678699 2.633330 2.587638 2.545116 2.503179 2.463512 2.421915 2.383893 2.343986 2.306234 2.266079 2.226170 2.183471 2.140900 2.094514 2.047708 1.997404 1.945268 1.890113 1.831792 1.772307 1.710289 1.646745 1.581251 1.513534 1.443344 1.372370 1.299828 1.225745 1.151220 1.075444 0.998309
4.255443 4.232725 4.199267 4.160636 4.121657 4.056508 4.019486 3.977497 3.933733 3.904433 3.874415 3.840459 3.786552 3.744205 3.673858 3.608623 3.531971 3.484845 3.446116 3.386075 3.323273 3.260048 3.201595 3.145609 3.091502 3.033225 2.972754 2.923325 2.865426 2.816098 2.766186 2.717496 2.669028 2.623295 2.577212 2.534551 2.492456 2.452378 2.410766 2.372529 2.332627 2.294530 2.254588 2.214530 2.171669 2.129433 2.083486 2.036682 1.986644 1.934425 1.879353 1.821724 1.761966 1.700161 1.636675 1.571414 1.503668 1.433523 1.362665 1.290581 1.216730 1.141683 1.066269 0.988755
4.251898 4.229023 4.195407 4.156611 4.117432 4.052106 4.014778 3.972439 3.928304 3.898604 3.868374 3.834425 3.780776 3.738670 3.668568 3.603151 3.525838 3.477924 3.439010 3.379431 3.316889 3.253278 3.194068 3.138123 3.084295 3.025401 2.964664 2.915053 2.856840 2.807409 2.757055 2.708215 2.659431 2.613385 2.567146 2.524056 2.481691 2.441572 2.399635 2.361136 2.321172 2.283138 2.243083 2.202962 2.160233 2.117956 2.072159 2.025617 1.975733 1.923873 1.869008 1.811160 1.751977 1.690279 1.626819 1.561432 1.494045 1.424336 1.353396 1.281108 1.207316 1.132662 1.057410 0.980265
4.248393 4.225357 4.191607 4.152637 4.113300 4.047793 4.010123 3.967465 3.922924 3.892881 3.862425 3.828445 3.775035 3.733202 3.663338 3.597761 3.519798 3.471108 3.431938 3.372846 3.310660 3.246585 3.186658 3.130676 3.077314 3.017715 2.956727 2.906874 2.848483 2.798828 2.748070 2.699075 2.650004 2.603462 2.557082 2.513719 2.471205 2.430691 2.388631 2.349983 2.309988 2.271858 2.231767 2.191626 2.149197 2.106563 2.061440 2.014485 1.964932 1.912945 1.858578 1.801344 1.741827 1.680435 1.617167 1.551481 1.484204 1.414445 1.343885 1.271924 1.197907 1.123242 1.047905 0.970861
4.244928 4.221732 4.187864 4.148712 4.109185 4.043530 4.005529 3.962576 3.917612 3.887213 3.856541 3.822509 3.769340 3.727832 3.658189 3.592448 3.513857 3.464356 3.424915 3.366293 3.304515 3.240046 3.179300 3.123339 3.069990 3.010138 2.948857 2.898784 2.840142 2.790317 2.739225 2.690061 2.640571 2.593840 2.547151 2.503569 2.460732 2.420036 2.377805 2.338913 2.298863 2.260548 2.220504 2.180431 2.137797 2.095500 2.050391 2.003827 1.954257 1.902494 1.848406 1.790962 1.732078 1.670656 1.607558 1.541463 1.474314 1.404798 1.334556 1.262277 1.188653 1.114670 1.038926 0.961658
4.251575 4.229502 4.196809 4.158970 4.120699 4.056323 4.019657 3.978003 3.934756 3.905767 3.875925 3.842035 3.788138 3.745602 3.675169 3.609800 3.533024 3.485923 3.447048 3.386517 3.323156 3.259833 3.200971 3.144605 3.089854 3.031537 2.970537 2.920420 2.862396 2.812724 2.762198 2.713352 2.664403 2.617865 2.571724 2.528303 2.485860 2.445374 2.403313 2.364390 2.324314 2.285877 2.245357 2.204928 2.161964 2.119128 2.073293 2.026157 1.975500 1.922999 1.868131 1.809719 1.749830 1.687410 1.622662 1.557330 1.487892 1.417695 1.345747 1.272329 1.197826 1.121791 1.045730 0.968064
4.252535 4.230347 4.197518 4.159525 4.121120 4.056588 4.019897 3.978196 3.934866 3.905827 3.875979 3.842068 3.788160 3.745637 3.675185 3.609901 3.533133 3.486077 3.447256 3.386802 3.323566 3.260260 3.201544 3.145221 3.090740 3.032296 2.971417 2.921591 2.863393 2.813836 2.763515 2.714672 2.665853 2.619514 2.573456 2.530138 2.487724 2.447413 2.405385 2.366559 2.326622 2.288113 2.247897 2.207313 2.164548 2.121929 2.075746 2.028859 1.978393 1.925742 1.870663 1.812383 1.752900 1.690397 1.625917 1.560609 1.491502 1.421061 1.349557 1.276368 1.202160 1.126783 1.050365 0.972307
4.253494 4.231188 4.198208 4.160086 4.121564 4.056890 4.020114 3.978396 3.934984 3.905914 3.876004 3.842093 3.788163 3.745672 3.675247 3.609963 3.533302 3.486265 3.447496 3.387086 3.323933 3.260682 3.202128 3.145828 3.091476 3.033065 2.972311 2.922577 2.864501 2.815019 2.764809 2.716019 2.667156 2.621103 2.575079 2.532012 2.489602 2.449492 2.407640 2.368924 2.328923 2.290560 2.250148 2.210129 2.167129 2.124136 2.078493 2.031583 1.980951 1.928500 1.873752 1.815672 1.755652 1.693430 1.629241 1.563848 1.495294 1.425196 1.353753 1.280647 1.205984 1.130761 1.054769 0.977251
4.254453 4.232028 4.198912 4.160639 4.121981 4.057164 4.020355 3.978567 3.935094 3.905979 3.876044 3.842134 3.788184 3.745688 3.675289 3.610064 3.533428 3.486448 3.447709 3.387393 3.324295 3.261109 3.202631 3.146448 3.092299 3.033839 2.973216 2.923549 2.865580 2.816163 2.766095 2.717382 2.668710 2.622712 2.576701 2.533832 2.491505 2.451382 2.409584 2.371040 2.331112 2.292882 2.252594 2.212334 2.169776 2.127186 2.081157 2.034280 1.983737 1.931593 1.876639 1.818504 1.758577 1.696451 1.632769 1.567269 1.498822 1.428702 1.357632 1.284498 1.210559 1.135243 1.059179 0.981381
4.255412 4.232874 4.199605 4.161196 4.122412 4.057429 4.020597 3.978739 3.935185 3.906037 3.876079 3.842168 3.788212 3.745765 3.675328 3.610119 3.533578 3.486636 3.447937 3.387660 3.324632 3.261539 3.203145 3.147066 3.092930 3.034636 2.974081 2.924614 2.866646 2.817312 2.767377 2.718632 2.670251 2.624401 2.578379 2.535577 2.493422 2.453485 2.411522 2.373311 2.333327 2.295083 2.255201 2.215153 2.172330 2.129457 2.083728 2.036685 1.986646 1.934413 1.879331 1.821364 1.761636 1.699843 1.635977 1.570538 1.502400 1.432364 1.361164 1.288676 1.214473 1.139775 1.063845 0.986514
4.256369 4.233712 4.200307 4.161735 4.122821 4.057734 4.020825 3.978915 3.935302 3.906125 3.876139 3.842179 3.788216 3.745770 3.675351 3.610207 3.533713 3.486833 3.448138 3.387958 3.325013 3.261991 3.203651 3.147682 3.093745 3.035396 2.974979 2.925602 2.867723 2.818488 2.768698 2.720003 2.671660 2.625924 2.580044 2.537333 2.495326 2.455490 2.413691 2.375413 2.335653 2.297668 2.257673 2.217401 2.175124 2.132269 2.086321 2.039598 1.989210 1.937207 1.882180 1.824285 1.764573 1.702714 1.639231 1.573808 1.505852 1.435829 1.365038 1.292776 1.218960 1.144131 1.068357 0.991098
4.257327 4.234544 4.201006 4.162299 4.123260 4.058018 4.021058 3.979124 3.935418 3.906156 3.876168 3.842222 3.788227 3.745790 3.675393 3.610278 3.533848 3.486997 3.448376 3.388263 3.325401 3.262423 3.204190 3.148321 3.094332 3.036171 2.975827 2.926741 2.868809 2.819666 2.769909 2.721281 2.673199 2.627630 2.581699 2.539085 2.497143 2.457316 2.415752 2.377725 2.337918 2.299969 2.259970 2.219945 2.177589 2.135030 2.089049 2.042124 1.992141 1.940180 1.884879 1.827296 1.767719 1.705692 1.642576 1.577182 1.509723 1.439819 1.369264 1.296594 1.223393 1.148327 1.073024 0.995855
4.258284 4.235382 4.201714 4.162819 4.123669 4.058292 4.021297 3.979274 3.935527 3.906243 3.876228 3.842248 3.788235 3.745836 3.675424 3.610376 3.534038 3.487169 3.448622 3.388563 3.325776 3.262857 3.204765 3.148925 3.094956 3.036940 2.976732 2.927743 2.869837 2.820801 2.771279 2.722631 2.674674 2.629150 2.583310 2.540940 2.499145 2.459305 2.417679 2.379806 2.340280 2.302268 2.262576 2.222779 2.179825 2.137750 2.091752 2.044911 1.994696 1.942792 1.887632 1.830222 1.770431 1.708675 1.645871 1.580532 1.513776 1.443640 1.372866 1.300960 1.227757 1.152974 1.077498 1.000494
4.259240 4.236212 4.202413 4.163398 4.124105 4.058564 4.021529 3.979508 3.935645 3.906293 3.876256 3.842255 3.788257 3.745828 3.675462 3.610499 3.534103 3.487358 3.448819 3.388840 3.326115 3.263305 3.205196 3.149532 3.095488 3.037723 2.977637 2.928699 2.870971 2.821943 2.772556 2.723983 2.676137 2.630869 2.585062 2.542732 2.501099 2.461366 2.420065 2.381846 2.342549 2.304856 2.265015 2.225384 2.182432 2.140322 2.094381 2.047287 1.997326 1.945408 1.890484 1.833305 1.773442 1.711869 1.649401 1.583840 1.516779 1.447112 1.376654 1.305091 1.231810 1.157135 1.082120 1.005112
4.256453 4.233768 4.200357 4.161761 4.122872 4.057726 4.020800 3.978957 3.935279 3.906097 3.876106 3.842176 3.788163 3.745731 3.675364 3.610218 3.533738 3.486832 3.448169 3.387968 3.324996 3.261992 3.203729 3.147774 3.093197 3.035482 2.975095 2.925793 2.867846 2.818658 2.768665 2.720136 2.671884 2.626044 2.580276 2.537655 2.495511 2.455667 2.413875 2.375862 2.336010 2.298001 2.258006 2.217943 2.174904 2.132674 2.086395 2.039744 1.989506 1.937667 1.882444 1.824670 1.765206 1.703333 1.639657 1.573962 1.506817 1.436248 1.365613 1.293183 1.219503 1.144345 1.068983 0.991476
4.256458 4.233781 4.200368 4.161770 4.122898 4.057739 4.020831 3.978944 3.935307 3.906106 3.876098 3.842182 3.788183 3.745744 3.675352 3.610216 3.533747 3.486834 3.448208 3.388036 3.325011 3.262017 3.203714 3.147747 3.093318 3.035500 2.975070 2.925657 2.867842 2.818617 2.768713 2.720162 2.671894 2.626121 2.580192 2.537532 2.495575 2.455494 2.413870 2.375780 2.335902 2.297857 2.257939 2.217723 2.175058 2.132672 2.086618 2.040174 1.989788 1.937569 1.882612 1.824594 1.765280 1.703158 1.639544 1.573971 1.506563 1.436215 1.365439 1.293311 1.219508 1.144159 1.068777 0.991423
4.256463 4.233796 4.200380 4.161793 4.122876 4.057763 4.020855 3.978941 3.935313 3.906107 3.876132 3.842202 3.788234 3.745780 3.675351 3.610226 3.533720 3.486833 3.448181 3.387997 3.325046 3.262007 3.203712 3.147749 3.093882 3.035464 2.975076 2.925755 2.867828 2.818602 2.768756 2.720126 2.671786 2.626170 2.580222 2.537582 2.495423 2.455606 2.413985 2.375613 2.335865 2.297921 2.257847 2.217708 2.174953 2.132628 2.086659 2.039928 1.989566 1.937367 1.882352 1.824731 1.765062 1.702852 1.639445 1.574109 1.506594 1.436284 1.365604 1.292964 1.219357 1.144513 1.069014 0.991652
4.256466 4.233804 4.200371 4.161813 4.122844 4.057773 4.020886 3.978943 3.935332 3.906120 3.876149 3.842198 3.788238 3.745771 3.675353 3.610216 3.533738 3.486818 3.448219 3.387983 3.325074 3.262007 3.203726 3.147765 3.093873 3.035464 2.974935 2.925739 2.867769 2.818572 2.768882 2.720115 2.671641 2.626184 2.580201 2.537510 2.495417 2.455457 2.413960 2.375577 2.335748 2.297782 2.257786 2.217751 2.174987 2.132567 2.086741 2.039679 1.989652 1.937301 1.882302 1.824660 1.764596 1.702801 1.639558 1.574439 1.506591 1.436183 1.365414 1.293280 1.219250 1.144738 1.068957 0.991686
4.256469 4.233803 4.200372 4.161825 4.122878 4.057773 4.020894 3.978953 3.935351 3.906124 3.876155 3.842193 3.788276 3.745810 3.675364 3.610241 3.533739 3.486797 3.448188 3.387996 3.325101 3.261988 3.203724 3.147698 3.094053 3.035474 2.975074 2.925716 2.867781 2.818538 2.768909 2.720126 2.671568 2.626239 2.580116 2.537432 2.495279 2.455364 2.414057 2.375519 2.335731 2.297623 2.257676 2.217643 2.175101 2.132516 2.086770 2.039791 1.989620 1.937395 1.882312 1.824539 1.764642 1.702796 1.639659 1.574301 1.506588 1.436116 1.365927 1.293147 1.219414 1.144756 1.068796 0.991688
4.256470 4.233803 4.200379 4.161826 4.122871 4.057781 4.020922 3.978965 3.935369 3.906110 3.876169 3.842181 3.788309 3.745811 3.675374 3.610252 3.533727 3.486810 3.448172 3.388001 3.325089 3.262017 3.203737 3.147747 3.094233 3.035444 2.975023 2.925694 2.867799 2.818540 2.769017 2.720092 2.671608 2.626319 2.580280 2.537324 2.495410 2.455483 2.413871 2.375464 2.335559 2.297549 2.257550 2.217585 2.175026 2.132391 2.086978 2.039919 1.989611 1.937276 1.882309 1.824666 1.764430 1.702574 1.639686 1.574073 1.506688 1.436427 1.365763 1.293221 1.219697 1.144820 1.068930 0.991663
4.256470 4.233802 4.200392 4.161834 4.122846 4.057774 4.020963 3.978955 3.935389 3.906105 3.876172 3.842209 3.788322 3.745813 3.675400 3.610244 3.533724 3.486815 3.448182 3.387974 3.325111 3.262002 3.203699 3.147720 3.094450 3.035447 2.974974 2.925607 2.867703 2.818501 2.769052 2.720137 2.671507 2.626331 2.580093 2.537452 2.495293 2.455372 2.413890 2.375420 2.335599 2.297351 2.257531 2.217296 2.175130 2.132305 2.087057 2.039339 1.989564 1.937227 1.882125 1.824510 1.764210 1.702436 1.639660 1.574267 1.506623 1.436600 1.365816 1.293326 1.219829 1.144818 1.068844 0.991934
4.256470 4.233790 4.200384 4.161850 4.122873 4.057793 4.020973 3.978943 3.935400 3.906113 3.876189 3.842186 3.788359 3.745820 3.675363 3.610227 3.533715 3.486814 3.448176 3.387946 3.325116 3.262002 3.203736 3.147723 3.094564 3.035457 2.974940 2.925581 2.867716 2.818468 2.769139 2.720117 2.671489 2.626480 2.580104 2.537293 2.495151 2.455250 2.413825 2.375198 2.335673 2.297404 2.257242 2.217516 2.175200 2.132303 2.087191 2.039297 1.989574 1.937340 1.882029 1.824511 1.764294 1.702440 1.639636 1.574516 1.506822 1.436603 1.365795 1.293261 1.220102 1.144875 1.069494 0.991979
4.256469 4.233781 4.200390 4.161865 4.122864 4.057802 4.021005 3.978958 3.935411 3.906116 3.876165 3.842197 3.788382 3.745844 3.675348 3.610244 3.533703 3.486770 3.448185 3.387944 3.325155 3.262012 3.203740 3.147701 3.094783 3.035450 2.974978 2.925529 2.867716 2.818447 2.769190 2.720116 2.671522 2.626446 2.580057 2.537266 2.495119 2.455110 2.413909 2.375112 2.335218 2.297336 2.257372 2.217504 2.175156 2.132295 2.087326 2.039413 1.989686 1.937370 1.881936 1.824393 1.764040 1.702396 1.639643 1.574517 1.506769 1.436266 1.365782 1.293314 1.219811 1.144749 1.069122 0.992274
