# mean(lg_P) also median/mode
3.274824 3.248539 3.215080 3.176918 3.135703 3.083797 3.040876 2.997632 2.955714 2.923242 2.891930 2.857464 2.812662 2.762090 2.691509 2.615715 2.538261 2.484540 2.444689 2.389757 2.312650 2.227828 2.161495 2.106304 2.030402 1.948742 1.881887 1.803392 1.729753 1.655136 1.576862 1.501090 1.424832 1.344230 1.267536 1.190658 1.112499 1.035145 0.958203 0.881013 0.804713 0.729035 0.653787 0.579166 0.505954 0.433196 0.361620 0.291324 0.221145 0.153071 0.085875 0.020487 -0.044212 -0.107749 -0.169558 -0.230220 -0.289650 -0.348872 -0.405688 -0.463209 -0.520040 -0.576132 -0.630615 -0.686335
3.286441 3.258616 3.223348 3.183302 3.140392 3.086733 3.042480 2.998255 2.955449 2.922341 2.890456 2.854947 2.808456 2.755507 2.682283 2.604578 2.526627 2.473530 2.433275 2.375698 2.295355 2.209589 2.144146 2.087325 2.008045 1.926253 1.858919 1.777841 1.703604 1.627325 1.547789 1.470397 1.392949 1.310805 1.232513 1.154138 1.074143 0.995290 0.916713 0.837569 0.759446 0.681943 0.604602 0.528050 0.452517 0.377727 0.303850 0.230984 0.158415 0.087755 0.017934 -0.050337 -0.117510 -0.183927 -0.248422 -0.311796 -0.373903 -0.435440 -0.495391 -0.554364 -0.613238 -0.670985 -0.726743 -0.785824
3.292490 3.259818 3.219198 3.173469 3.125181 3.066521 3.018859 2.972529 2.929315 2.897111 2.866625 2.831206 2.781852 2.723029 2.642085 2.558464 2.480533 2.432720 2.395212 2.332497 2.243289 2.156557 2.097119 2.038313 1.951538 1.872347 1.805442 1.720000 1.647143 1.568591 1.488656 1.409900 1.331404 1.248203 1.168850 1.089373 1.008023 0.927941 0.848042 0.767416 0.687795 0.608630 0.529539 0.451128 0.373438 0.296560 0.220441 0.145103 0.070267 -0.002916 -0.075351 -0.146572 -0.216670 -0.285999 -0.353923 -0.420457 -0.485808 -0.549905 -0.612570 -0.674588 -0.735547 -0.795494 -0.853268 -0.913030
3.289233 3.258031 3.219011 3.175079 3.128398 3.071269 3.024605 2.978933 2.935881 2.903519 2.872733 2.837545 2.789275 2.732477 2.653929 2.572021 2.493962 2.444601 2.406696 2.346002 2.259528 2.172921 2.111792 2.054167 1.969720 1.889622 1.823054 1.739055 1.665987 1.588433 1.508790 1.430654 1.352730 1.270082 1.191305 1.112392 1.031700 0.952276 0.873065 0.793132 0.714277 0.635899 0.557630 0.480103 0.403402 0.327390 0.252319 0.178114 0.104343 0.032291 -0.038937 -0.108805 -0.177673 -0.245720 -0.312134 -0.377306 -0.441326 -0.504228 -0.565278 -0.626191 -0.686084 -0.745158 -0.801810 -0.860733
3.285686 3.255895 3.218462 3.176155 3.131054 3.075353 3.029789 2.984707 2.941880 2.909427 2.878455 2.843458 2.796195 2.741203 2.664999 2.584800 2.506726 2.456042 2.417631 2.358778 2.274906 2.188577 2.125912 2.069244 1.987206 1.906317 1.839927 1.757431 1.684063 1.607448 1.528146 1.450669 1.373214 1.291089 1.212908 1.134558 1.054574 0.975717 0.897106 0.817977 0.739812 0.662159 0.584783 0.508063 0.432324 0.357227 0.283159 0.210026 0.137238 0.066356 -0.003765 -0.072375 -0.140061 -0.206824 -0.271849 -0.335832 -0.398388 -0.460266 -0.520165 -0.579909 -0.638891 -0.696800 -0.752992 -0.810630
3.281887 3.253437 3.217504 3.176776 3.133151 3.078915 3.034308 2.989932 2.947396 2.914875 2.883764 2.848949 2.802672 2.749386 2.675341 2.596770 2.518861 2.466918 2.428010 2.370744 2.289478 2.203513 2.139432 2.083505 2.003786 1.922444 1.856003 1.774955 1.701470 1.625624 1.546686 1.469880 1.392856 1.311303 1.233709 1.155878 1.076581 0.998314 0.920365 0.841907 0.764484 0.687551 0.610979 0.535052 0.460270 0.386016 0.312875 0.240908 0.169050 0.099222 0.030225 -0.037226 -0.103764 -0.169198 -0.233050 -0.295633 -0.357052 -0.417836 -0.476430 -0.535355 -0.593467 -0.650624 -0.706009 -0.762921
3.277850 3.250673 3.216198 3.177010 3.134805 3.081904 3.038361 2.994610 2.952387 2.919894 2.888659 2.854032 2.808667 2.756970 2.685009 2.608041 2.530382 2.477341 2.437924 2.382055 2.303250 2.217942 2.152508 2.097022 2.019752 1.937984 1.871321 1.791788 1.718191 1.643108 1.564556 1.488348 1.411776 1.330811 1.253682 1.176452 1.097847 1.020029 0.942715 0.865025 0.788268 0.712040 0.636251 0.561140 0.487216 0.413878 0.341656 0.270695 0.199801 0.130981 0.063080 -0.003231 -0.068643 -0.132994 -0.195476 -0.256951 -0.317229 -0.377095 -0.434570 -0.492607 -0.549981 -0.606461 -0.661483 -0.717523
3.273590 3.247649 3.214593 3.176844 3.136008 3.084474 3.041868 2.998764 2.956957 2.924526 2.893190 2.858781 2.814243 2.764019 2.694023 2.618649 2.541339 2.487355 2.447353 2.392765 2.316314 2.231693 2.165030 2.109884 2.034639 1.952939 1.886010 1.807936 1.734286 1.659832 1.581695 1.506098 1.429956 1.349539 1.272947 1.196215 1.118294 1.041058 0.964306 0.887317 0.811192 0.735712 0.660712 0.586303 0.513333 0.440777 0.369491 0.299464 0.229543 0.161753 0.094824 0.029707 -0.034641 -0.097761 -0.159328 -0.219717 -0.278825 -0.337926 -0.394262 -0.451650 -0.508386 -0.564124 -0.618410 -0.674280
3.269140 3.244377 3.212676 3.176287 3.136796 3.086550 3.044902 3.002557 2.961099 2.928714 2.897375 2.863155 2.819394 2.770561 2.702416 2.628686 2.551748 2.496886 2.456346 2.402848 2.328723 2.244868 2.177024 2.122155 2.049248 1.967416 1.900091 1.823441 1.749726 1.675893 1.598214 1.523164 1.447397 1.367541 1.291451 1.215327 1.137955 1.061303 0.985106 0.908815 0.833349 0.758561 0.684312 0.610625 0.538479 0.466765 0.396376 0.327265 0.258336 0.191459 0.125565 0.061538 -0.001874 -0.063896 -0.124291 -0.183694 -0.241858 -0.300017 -0.355627 -0.412313 -0.468443 -0.523691 -0.577922 -0.633077
3.264505 3.240897 3.210442 3.175428 3.137242 3.088236 3.047578 3.005868 2.964857 2.932578 2.901220 2.867182 2.824110 2.776654 2.710284 2.638096 2.561659 2.506045 2.464910 2.412405 2.340442 2.257525 2.188630 2.133846 2.062989 1.981291 1.913514 1.838272 1.764572 1.691305 1.614053 1.539527 1.464248 1.384906 1.309325 1.233638 1.156978 1.080808 1.005198 0.929576 0.854732 0.780648 0.707097 0.634176 0.562818 0.491950 0.422361 0.354224 0.286186 0.220197 0.155251 0.092190 0.029773 -0.031162 -0.090567 -0.148969 -0.206241 -0.263655 -0.318423 -0.374596 -0.430113 -0.485005 -0.538869 -0.593772
3.259723 3.237224 3.207955 3.174274 3.137314 3.089557 3.049826 3.008861 2.968245 2.936112 2.904721 2.870865 2.828510 2.782235 2.717660 2.647016 2.571109 2.514782 2.473147 2.421445 2.351629 2.269657 2.199737 2.145005 2.076321 1.994680 1.926457 1.852570 1.778931 1.706030 1.629406 1.555273 1.480464 1.401675 1.326507 1.251373 1.175289 1.099646 1.024601 0.949628 0.875396 0.801926 0.729144 0.656909 0.586415 0.516249 0.447513 0.380284 0.313121 0.248059 0.184088 0.121861 0.060450 0.000550 -0.057897 -0.115439 -0.171935 -0.228544 -0.282576 -0.338221 -0.393340 -0.447998 -0.501664 -0.556422
3.278700 3.253571 3.221575 3.184994 3.145719 3.095904 3.055236 3.013883 2.973405 2.941430 2.909692 2.873824 2.827445 2.775884 2.705940 2.633156 2.559988 2.508621 2.467028 2.408234 2.330541 2.250259 2.186654 2.128308 2.051058 1.973875 1.906196 1.827068 1.755416 1.680237 1.602930 1.527519 1.451769 1.371829 1.295737 1.219447 1.142112 1.065446 0.989278 0.912889 0.837511 0.762729 0.688446 0.614882 0.542800 0.471161 0.400696 0.331735 0.262973 0.196181 0.130424 0.066372 0.003168 -0.058768 -0.119023 -0.178357 -0.236457 -0.294744 -0.350437 -0.407115 -0.463094 -0.518660 -0.573091 -0.628192
3.277731 3.252303 3.219944 3.182960 3.143197 3.092877 3.051651 3.009812 2.969025 2.936945 2.905329 2.869794 2.823788 2.772446 2.702289 2.628714 2.554560 2.502681 2.461525 2.403680 2.326059 2.244596 2.180409 2.122846 2.045914 1.967566 1.900192 1.821130 1.749092 1.673950 1.596446 1.520932 1.445087 1.364932 1.288692 1.212269 1.134738 1.057882 0.981544 0.904943 0.829334 0.754324 0.679782 0.605975 0.533567 0.461706 0.390935 0.321655 0.252550 0.185413 0.119299 0.054893 -0.008653 -0.070976 -0.131685 -0.191248 -0.249666 -0.308232 -0.364183 -0.421017 -0.477233 -0.532663 -0.587052 -0.642475
3.276760 3.251044 3.218308 3.180948 3.140708 3.089832 3.048061 3.005782 2.964602 2.932402 2.900885 2.865743 2.820102 2.768983 2.698685 2.624405 2.549109 2.496697 2.455999 2.399098 2.321589 2.238968 2.174164 2.117421 2.040651 1.961313 1.894149 1.815240 1.742608 1.667683 1.589911 1.514375 1.438326 1.358089 1.281632 1.205039 1.127295 1.050340 0.973770 0.896997 0.821125 0.745909 0.671119 0.597045 0.524330 0.452181 0.381176 0.311549 0.242089 0.174609 0.108170 0.043405 -0.020528 -0.083174 -0.144266 -0.204261 -0.262988 -0.321774 -0.377869 -0.434947 -0.491380 -0.547197 -0.601245 -0.656944
3.275798 3.249789 3.216692 3.178915 3.138216 3.086799 3.044472 3.001704 2.960156 2.927831 2.896443 2.861636 2.816420 2.765511 2.695071 2.620030 2.543689 2.490618 2.450363 2.394459 2.317090 2.233411 2.167849 2.111852 2.035572 1.955062 1.888033 1.809327 1.736220 1.661436 1.583410 1.507737 1.431599 1.351146 1.274602 1.197875 1.119897 1.042727 0.965981 0.889010 0.812926 0.737423 0.662491 0.588136 0.515131 0.442699 0.371414 0.301441 0.231638 0.163888 0.097021 0.031907 -0.032386 -0.095461 -0.156868 -0.217175 -0.276376 -0.335372 -0.391793 -0.449157 -0.505706 -0.561508 -0.615935 -0.671764
3.274822 3.248543 3.215082 3.176936 3.135701 3.083779 3.040901 2.997650 2.955691 2.923227 2.891941 2.857458 2.812684 2.762057 2.691504 2.615700 2.538253 2.484513 2.444714 2.389748 2.312670 2.227814 2.161474 2.106287 2.030493 1.948732 1.881891 1.803409 1.729732 1.655095 1.576826 1.501103 1.424800 1.344234 1.267521 1.190638 1.112509 1.035134 0.958237 0.881043 0.804698 0.729047 0.653779 0.579212 0.505984 0.433168 0.361636 0.291283 0.221146 0.153056 0.085903 0.020455 -0.044243 -0.107743 -0.169528 -0.230182 -0.289619 -0.348986 -0.405612 -0.463330 -0.520076 -0.576161 -0.630580 -0.686414
3.273861 3.247293 3.213475 3.174893 3.133215 3.080746 3.037302 2.993567 2.951225 2.918613 2.887402 2.853275 2.808953 2.758600 2.687948 2.611396 2.532825 2.478426 2.438952 2.385039 2.308195 2.222271 2.155083 2.100621 2.025461 1.942424 1.875727 1.797543 1.723290 1.648809 1.570264 1.494425 1.418015 1.337321 1.260439 1.183409 1.105090 1.027541 0.950439 0.873050 0.796510 0.720624 0.645092 0.570287 0.496715 0.423693 0.351839 0.281201 0.210703 0.142241 0.074780 0.008923 -0.056085 -0.119989 -0.182161 -0.243171 -0.303040 -0.362660 -0.419739 -0.477479 -0.534590 -0.590693 -0.645147 -0.701258
3.272899 3.246058 3.211873 3.172919 3.130740 3.077756 3.033753 2.989467 2.946729 2.913921 2.882833 2.849039 2.805206 2.755137 2.684303 2.607131 2.527422 2.472244 2.433132 2.380295 2.303818 2.216773 2.148634 2.094913 2.020451 1.936142 1.869513 1.791601 1.716760 1.642527 1.563687 1.487807 1.411161 1.330357 1.253338 1.176191 1.097647 1.019922 0.942631 0.865012 0.788294 0.712146 0.636429 0.561374 0.487499 0.414177 0.342032 0.271097 0.200249 0.131482 0.063598 -0.002626 -0.067916 -0.132192 -0.194803 -0.256200 -0.316454 -0.376265 -0.433749 -0.491727 -0.549082 -0.605488 -0.660313 -0.716638
3.271947 3.244830 3.210267 3.170904 3.128251 3.074782 3.030149 2.985379 2.942202 2.909237 2.878193 2.844701 2.801445 2.751656 2.680736 2.602865 2.522038 2.466059 2.427267 2.375509 2.299432 2.211298 2.142079 2.089139 2.015338 1.929811 1.863218 1.785761 1.710156 1.636221 1.557093 1.481110 1.404364 1.323384 1.246213 1.168914 1.090177 1.012296 0.934813 0.857027 0.780079 0.703697 0.627784 0.552360 0.478250 0.404649 0.332252 0.260916 0.189847 0.120713 0.052535 -0.014097 -0.079761 -0.144381 -0.207442 -0.269203 -0.329842 -0.389916 -0.447811 -0.506123 -0.563733 -0.620290 -0.675420 -0.731960
3.270984 3.243602 3.208674 3.168880 3.125749 3.071733 3.026555 2.981288 2.937667 2.904501 2.873553 2.840391 2.797658 2.748214 2.677185 2.598687 2.516614 2.459823 2.421241 2.370664 2.295031 2.205789 2.135554 2.083334 2.010333 1.923535 1.856903 1.779891 1.703632 1.629890 1.550497 1.474421 1.397489 1.316435 1.239155 1.161646 1.082720 1.004650 0.927015 0.849034 0.771855 0.695258 0.619061 0.543443 0.469018 0.395155 0.322438 0.250796 0.179411 0.109851 0.041305 -0.025574 -0.091683 -0.156707 -0.220124 -0.282272 -0.343259 -0.403747 -0.461943 -0.520464 -0.578424 -0.635346 -0.690772 -0.747249
3.235232 3.206877 3.171091 3.130630 3.086768 3.032188 2.986022 2.939438 2.894184 2.858851 2.825705 2.790561 2.746774 2.697145 2.626924 2.548774 2.465832 2.405825 2.363786 2.312567 2.238841 2.150004 2.075768 2.020479 1.949238 1.862507 1.791769 1.715826 1.637797 1.562450 1.482129 1.404625 1.326302 1.243830 1.165030 1.085936 1.005275 0.925270 0.845649 0.765698 0.686359 0.607416 0.528703 0.450516 0.373365 0.296469 0.220414 0.145776 0.070972 -0.001901 -0.074312 -0.145047 -0.215178 -0.284274 -0.351929 -0.418131 -0.483608 -0.547643 -0.609891 -0.671600 -0.732465 -0.792311 -0.849704 -0.910863
3.245532 3.217701 3.182493 3.142612 3.099425 3.045544 3.000210 2.954541 2.910148 2.875600 2.842981 2.808040 2.763970 2.714039 2.643673 2.566029 2.484503 2.426214 2.384904 2.332731 2.257885 2.169937 2.097949 2.042900 1.970425 1.884611 1.815141 1.738405 1.661469 1.586384 1.506548 1.429463 1.351680 1.269671 1.191377 1.112828 1.032747 0.953487 0.874511 0.795196 0.716698 0.638510 0.560722 0.483418 0.407253 0.331437 0.256567 0.183022 0.109280 0.037674 -0.033309 -0.102730 -0.171456 -0.238990 -0.305104 -0.369887 -0.433589 -0.496429 -0.557221 -0.617616 -0.677210 -0.735693 -0.792333 -0.851901
3.255560 3.228243 3.193621 3.154335 3.111810 3.058562 3.014086 2.969265 2.925749 2.891922 2.859805 2.825038 2.780690 2.730455 2.659985 2.582947 2.502783 2.446111 2.405423 2.352299 2.276557 2.189568 2.119570 2.064629 1.990922 1.906382 1.837932 1.760551 1.684677 1.609816 1.530502 1.453825 1.376541 1.295038 1.217243 1.139320 1.059823 0.981184 0.902904 0.824287 0.746495 0.669197 0.592220 0.515867 0.440637 0.365841 0.292126 0.219608 0.147210 0.076739 0.006978 -0.061003 -0.128415 -0.194602 -0.259116 -0.322459 -0.384688 -0.446242 -0.505441 -0.564808 -0.623516 -0.681096 -0.736567 -0.794596
3.265324 3.238521 3.204493 3.165741 3.123885 3.071344 3.027662 2.983608 2.940919 2.907796 2.876084 2.841485 2.796923 2.746477 2.675970 2.599482 2.520693 2.465567 2.425359 2.371304 2.294800 2.208880 2.140760 2.085758 2.010996 1.927765 1.860173 1.782172 1.707492 1.632730 1.553898 1.477681 1.400950 1.319904 1.242642 1.165208 1.086373 1.008430 0.930765 0.852900 0.775892 0.699365 0.623277 0.547801 0.473534 0.399751 0.327110 0.255775 0.184466 0.115172 0.046697 -0.019986 -0.086007 -0.150739 -0.213875 -0.275891 -0.336664 -0.397055 -0.454973 -0.513363 -0.570941 -0.627793 -0.682707 -0.739621
3.274822 3.248541 3.215103 3.176930 3.135700 3.083760 3.040897 2.997648 2.955681 2.923220 2.891912 2.857461 2.812693 2.762047 2.691481 2.615715 2.538260 2.484546 2.444671 2.389756 2.312650 2.227821 2.161479 2.106284 2.030567 1.948716 1.881877 1.803420 1.729755 1.655110 1.576842 1.501103 1.424779 1.344250 1.267547 1.190658 1.112514 1.035151 0.958239 0.881026 0.804723 0.729002 0.653793 0.579213 0.505912 0.433196 0.361629 0.291327 0.221184 0.153039 0.085857 0.020414 -0.044220 -0.107665 -0.169527 -0.230144 -0.289645 -0.348882 -0.405733 -0.463282 -0.520079 -0.575930 -0.630585 -0.686652
3.284087 3.258301 3.225410 3.187845 3.147242 3.095952 3.053826 3.011313 2.970127 2.938246 2.907310 2.872977 2.828001 2.777242 2.706702 2.631560 2.555435 2.503017 2.463470 2.407743 2.330099 2.246431 2.181694 2.126212 2.049596 1.969344 1.903104 1.824169 1.751504 1.677032 1.599270 1.524000 1.448198 1.368112 1.291912 1.215626 1.138186 1.061408 0.985173 0.908672 0.833139 0.758184 0.683856 0.610137 0.537828 0.466084 0.395631 0.326378 0.257347 0.190351 0.124419 0.060214 -0.003139 -0.065408 -0.125888 -0.185199 -0.243567 -0.301926 -0.357483 -0.414449 -0.470547 -0.526020 -0.580206 -0.635165
3.293096 3.267823 3.235467 3.198456 3.158498 3.107805 3.066452 3.024696 2.984184 2.952859 2.922303 2.888046 2.842883 2.792000 2.721583 2.647190 2.572280 2.521063 2.481774 2.425152 2.347192 2.264700 2.201496 2.145631 2.068241 1.989548 1.923765 1.844534 1.772914 1.698432 1.621324 1.546435 1.471110 1.391534 1.315861 1.240112 1.163350 1.087214 1.011649 0.935853 0.861033 0.786938 0.713499 0.640609 0.569277 0.498544 0.429074 0.360944 0.293006 0.227214 0.162374 0.099440 0.037345 -0.023799 -0.083034 -0.141269 -0.198520 -0.255944 -0.310479 -0.366890 -0.422409 -0.477357 -0.531311 -0.586027
3.301861 3.277101 3.245268 3.208805 3.169472 3.119456 3.078772 3.037724 2.997886 2.967112 2.936851 2.902702 2.857394 2.806417 2.736094 2.662447 2.588752 2.538706 2.499506 2.442144 2.363929 2.282706 2.220831 2.164463 2.086670 2.009338 1.943914 1.864496 1.793863 1.719380 1.642863 1.568390 1.493509 1.414521 1.339324 1.264062 1.188073 1.112525 1.037657 0.962567 0.888466 0.815189 0.742582 0.670617 0.600295 0.530456 0.462101 0.394927 0.328094 0.263495 0.199783 0.137987 0.077114 0.017145 -0.040964 -0.098050 -0.154354 -0.210937 -0.264580 -0.320583 -0.375664 -0.430193 -0.484175 -0.538649
3.310415 3.286148 3.254799 3.218925 3.180186 3.130775 3.090765 3.050422 3.011199 2.980980 2.951024 2.916965 2.871437 2.820406 2.750342 2.677453 2.604901 2.555910 2.516801 2.458638 2.380334 2.300353 2.239683 2.182843 2.104535 2.028811 1.963554 1.883993 1.814300 1.739930 1.663921 1.589928 1.515539 1.437039 1.362348 1.287611 1.212318 1.137377 1.063234 0.988817 0.915448 0.842976 0.771223 0.700166 0.630744 0.561859 0.494579 0.428421 0.362755 0.299194 0.236663 0.176066 0.116307 0.057367 0.000356 -0.055644 -0.111387 -0.167034 -0.220039 -0.275568 -0.330248 -0.384623 -0.438601 -0.492973
3.162217 3.135707 3.102101 3.063956 3.022559 2.971415 2.928142 2.884734 2.842964 2.810165 2.778736 2.744388 2.700190 2.649131 2.578436 2.502143 2.424973 2.370858 2.330936 2.276441 2.198580 2.112794 2.046228 1.991576 1.915080 1.831943 1.764557 1.685605 1.610384 1.534800 1.455282 1.378245 1.300095 1.217963 1.139586 1.060535 0.979818 0.899938 0.820078 0.740122 0.660669 0.581451 0.502422 0.423965 0.346265 0.268645 0.192204 0.117001 0.041393 -0.032337 -0.105395 -0.177061 -0.248357 -0.318198 -0.387101 -0.454579 -0.520695 -0.585865 -0.648599 -0.711613 -0.773158 -0.833334 -0.891501 -0.951677
3.193191 3.166751 3.133155 3.095011 3.053673 3.002332 2.959160 2.915766 2.873953 2.841262 2.809892 2.775501 2.731115 2.680180 2.609554 2.533374 2.456089 2.402050 2.362215 2.307605 2.229869 2.144350 2.077830 2.023059 1.946888 1.863943 1.796666 1.717853 1.643056 1.567679 1.488499 1.411743 1.334118 1.252381 1.174400 1.095889 1.015872 0.936659 0.857529 0.778299 0.699647 0.621347 0.543313 0.465803 0.389352 0.313022 0.237883 0.163922 0.089742 0.017549 -0.054028 -0.123889 -0.193303 -0.261441 -0.328379 -0.393923 -0.458196 -0.521620 -0.582573 -0.643821 -0.703797 -0.762696 -0.819364 -0.878037
3.222153 3.195769 3.162230 3.124076 3.082777 3.031234 2.988169 2.944842 2.902967 2.870345 2.839006 2.804588 2.760058 2.709239 2.638615 2.562606 2.485265 2.431313 2.391485 2.336724 2.259235 2.173925 2.107464 2.052543 1.976577 1.894010 1.826833 1.748129 1.673728 1.598611 1.519769 1.443311 1.366199 1.284814 1.207240 1.129287 1.049868 0.971274 0.892908 0.814396 0.736540 0.659139 0.582058 0.505518 0.430203 0.355077 0.281255 0.208523 0.135759 0.064940 -0.005098 -0.073478 -0.141140 -0.207597 -0.272657 -0.336379 -0.398954 -0.460749 -0.520178 -0.579826 -0.638578 -0.696342 -0.752093 -0.809629
3.249309 3.222966 3.189499 3.151327 3.110063 3.058305 3.015356 2.972054 2.930136 2.897610 2.866300 2.831872 2.787200 2.736450 2.665864 2.589964 2.512603 2.458743 2.418929 2.364058 2.286758 2.201690 2.135295 2.080240 2.004432 1.922173 1.855189 1.776581 1.702536 1.627711 1.549110 1.473020 1.396356 1.315366 1.238201 1.160781 1.082002 1.004066 0.926416 0.848583 0.771535 0.694963 0.618871 0.543298 0.469020 0.395124 0.322412 0.250872 0.179494 0.110063 0.041458 -0.025404 -0.091483 -0.156393 -0.219788 -0.281873 -0.342776 -0.403335 -0.461298 -0.519723 -0.577465 -0.634437 -0.689349 -0.745682
3.274815 3.248538 3.215089 3.176929 3.135691 3.083773 3.040900 2.997632 2.955694 2.923221 2.891948 2.857456 2.812706 2.762036 2.691475 2.615704 2.538265 2.484535 2.444697 2.389762 2.312685 2.227774 2.161476 2.106300 2.030484 1.948728 1.881889 1.803403 1.729775 1.655136 1.576790 1.501097 1.424761 1.344254 1.267507 1.190628 1.112522 1.035153 0.958208 0.881038 0.804707 0.729027 0.653806 0.579202 0.505909 0.433181 0.361632 0.291303 0.221135 0.153074 0.085848 0.020393 -0.044184 -0.107704 -0.169555 -0.230161 -0.289625 -0.348946 -0.405602 -0.463205 -0.520016 -0.576060 -0.630617 -0.686459
3.298892 3.272668 3.239202 3.201040 3.159854 3.107771 3.064946 3.021744 2.979779 2.947360 2.916100 2.881627 2.836713 2.786179 2.715639 2.639989 2.562440 2.508875 2.469022 2.413958 2.337082 2.252471 2.186189 2.130879 2.055115 1.973832 1.907150 1.828785 1.755438 1.681060 1.603020 1.527683 1.451732 1.371589 1.295325 1.218995 1.141460 1.064682 0.988467 0.911884 0.836360 0.761475 0.687100 0.613527 0.541207 0.469525 0.399084 0.329933 0.261111 0.194203 0.128303 0.064203 0.000907 -0.061311 -0.121622 -0.180961 -0.239172 -0.297484 -0.353032 -0.409955 -0.466122 -0.521536 -0.575964 -0.631135
3.321666 3.295517 3.262033 3.223861 3.182716 3.130424 3.087747 3.044553 3.002507 2.970195 2.938936 2.904434 2.859422 2.808991 2.738474 2.662940 2.585357 2.531891 2.492053 2.436881 2.360187 2.275826 2.209576 2.154130 2.078405 1.997597 1.931063 1.852861 1.779832 1.705718 1.627908 1.552907 1.477360 1.397648 1.321812 1.245950 1.169077 1.092837 1.017308 0.941414 0.866588 0.792506 0.719024 0.646323 0.574955 0.504383 0.434906 0.366902 0.299168 0.233577 0.168847 0.106079 0.043878 -0.016936 -0.076057 -0.134261 -0.191262 -0.248549 -0.303362 -0.359521 -0.415245 -0.470284 -0.524409 -0.579648
3.343318 3.317238 3.283718 3.245561 3.204461 3.152002 3.109346 3.066239 3.024162 2.991888 2.960657 2.926098 2.881026 2.830671 2.760239 2.684768 2.607124 2.553764 2.513901 2.458689 2.382173 2.298040 2.231838 2.176232 2.100695 2.020208 1.953878 1.875771 1.803042 1.729223 1.651641 1.577016 1.501829 1.422482 1.347144 1.271703 1.195463 1.119823 1.044999 0.969685 0.895570 0.822357 0.749636 0.677863 0.607397 0.537840 0.469303 0.402349 0.335902 0.271449 0.207880 0.146265 0.085251 0.025503 -0.032446 -0.089665 -0.145600 -0.202162 -0.256227 -0.312047 -0.367227 -0.422168 -0.476336 -0.531733
3.363988 3.337951 3.304474 3.266297 3.225272 3.172626 3.130066 3.086982 3.044840 3.012604 2.981429 2.946828 2.901614 2.851380 2.780994 2.705661 2.627932 2.574723 2.534823 2.479447 2.403247 2.319338 2.253161 2.197346 2.121898 2.041870 1.975708 1.897738 1.825370 1.751714 1.674320 1.600101 1.525294 1.446339 1.371435 1.296540 1.220897 1.145732 1.071620 0.996897 0.923462 0.851032 0.779145 0.708209 0.638652 0.570142 0.502498 0.436598 0.371276 0.307957 0.245446 0.185024 0.124984 0.066402 0.009367 -0.046977 -0.101957 -0.157793 -0.211417 -0.266747 -0.321725 -0.376412 -0.430943 -0.486439
3.305663 3.276928 3.240814 3.199807 3.156007 3.101028 3.055617 3.009839 2.964999 2.929967 2.896074 2.858935 2.811249 2.758227 2.684990 2.606701 2.526494 2.470416 2.427710 2.370091 2.290429 2.203104 2.134276 2.076167 1.997349 1.913383 1.844274 1.762893 1.686474 1.609473 1.528186 1.449635 1.370775 1.287359 1.207552 1.127725 1.046055 0.965909 0.885963 0.804967 0.725294 0.646268 0.567075 0.488853 0.411170 0.334675 0.258738 0.183589 0.109212 0.036448 -0.035667 -0.106342 -0.175863 -0.244719 -0.311525 -0.377522 -0.441840 -0.505734 -0.568396 -0.629388 -0.690183 -0.750183 -0.808336 -0.868718
3.300218 3.271906 3.236285 3.195753 3.152398 3.097973 3.053016 3.007719 2.963380 2.928774 2.895346 2.858700 2.811521 2.758885 2.686117 2.608287 2.528554 2.472893 2.430711 2.373533 2.294321 2.207524 2.139054 2.081495 2.003125 1.919657 1.850888 1.770032 1.694086 1.617536 1.536764 1.458709 1.380304 1.297404 1.218121 1.138837 1.057834 0.978161 0.898728 0.818421 0.739359 0.660870 0.582440 0.504801 0.427950 0.352123 0.276999 0.202721 0.129055 0.057134 -0.014126 -0.083850 -0.152512 -0.220370 -0.286249 -0.351152 -0.414643 -0.477745 -0.539168 -0.599524 -0.659591 -0.718601 -0.776179 -0.835458
3.294774 3.266899 3.231739 3.191712 3.148818 3.094947 3.050396 3.005540 2.961736 2.927587 2.894609 2.858413 2.811753 2.759553 2.687275 2.609874 2.530658 2.475397 2.433736 2.376997 2.298324 2.211856 2.143844 2.086800 2.008955 1.925881 1.857538 1.777189 1.701745 1.625587 1.545418 1.467811 1.389868 1.307444 1.228735 1.149993 1.069554 0.990355 0.911482 0.831860 0.753380 0.675461 0.597776 0.520806 0.444733 0.369565 0.295230 0.221805 0.148900 0.077839 0.007458 -0.061340 -0.129128 -0.195968 -0.261046 -0.324946 -0.387618 -0.449764 -0.510217 -0.569841 -0.629245 -0.687546 -0.744164 -0.802838
3.289334 3.261891 3.227200 3.187686 3.145237 3.091894 3.047832 3.003390 2.960080 2.926390 2.893881 2.858139 2.812014 2.760247 2.688477 2.611464 2.532722 2.477881 2.436697 2.380501 2.302150 2.216182 2.148648 2.092093 2.014878 1.932107 1.864165 1.784359 1.709384 1.633627 1.553923 1.476863 1.399421 1.317485 1.239310 1.161109 1.081307 1.002606 0.924229 0.845270 0.767443 0.690091 0.613072 0.536746 0.461444 0.386937 0.313374 0.240835 0.168675 0.098451 0.028948 -0.038994 -0.105840 -0.171800 -0.235954 -0.298964 -0.360645 -0.422019 -0.481467 -0.540473 -0.599016 -0.656740 -0.712601 -0.770422
3.283895 3.256883 3.222644 3.183642 3.141668 3.088827 3.045205 3.001218 2.958435 2.925203 2.893152 2.857924 2.812292 2.760908 2.689578 2.613036 2.534810 2.480388 2.439717 2.383985 2.306104 2.220559 2.153488 2.097386 2.020794 1.938364 1.870807 1.791461 1.717032 1.641701 1.562502 1.485953 1.408891 1.327533 1.249868 1.172187 1.092998 1.014782 0.936994 0.858670 0.781424 0.704680 0.628344 0.552687 0.478106 0.404304 0.331479 0.259831 0.188401 0.118952 0.050350 -0.016661 -0.082691 -0.147744 -0.210875 -0.273029 -0.333858 -0.394360 -0.452796 -0.511304 -0.569220 -0.626093 -0.681637 -0.738711
3.278454 3.251878 3.218114 3.179590 3.138088 3.085809 3.042607 2.999083 2.956788 2.924024 2.892411 2.857664 2.812546 2.761593 2.690750 2.614640 2.536857 2.482873 2.442711 2.387447 2.310012 2.224908 2.158278 2.102728 2.026702 1.944585 1.877467 1.798622 1.724662 1.649724 1.571107 1.495051 1.418431 1.337568 1.260501 1.183282 1.104701 1.027018 0.949726 0.872108 0.795383 0.719318 0.643643 0.568603 0.494782 0.421641 0.349586 0.278731 0.208061 0.139444 0.071669 0.005714 -0.059576 -0.123688 -0.186077 -0.247273 -0.307177 -0.367070 -0.424387 -0.482358 -0.539456 -0.595989 -0.650787 -0.707143
3.273018 3.246874 3.213580 3.175578 3.134528 3.082750 3.040031 2.996918 2.955131 2.922822 2.891698 2.857386 2.812776 2.762286 2.691914 2.616216 2.538951 2.485355 2.445714 2.390908 2.313949 2.229265 2.163081 2.108066 2.032468 1.950835 1.884102 1.805790 1.732284 1.657815 1.579736 1.504137 1.427984 1.347571 1.271038 1.194347 1.116409 1.039175 0.962472 0.885490 0.809376 0.733954 0.658888 0.584509 0.511500 0.438947 0.367670 0.297614 0.227752 0.159899 0.092970 0.027771 -0.036592 -0.099765 -0.161240 -0.221596 -0.280886 -0.339847 -0.396339 -0.453566 -0.510399 -0.566044 -0.620536 -0.675930
3.267582 3.241870 3.209026 3.171528 3.130940 3.079697 3.037439 2.994787 2.953508 2.921644 2.890946 2.857138 2.813046 2.762995 2.693068 2.617827 2.541035 2.487870 2.448681 2.394397 2.317924 2.233607 2.167890 2.113364 2.038229 1.957082 1.890768 1.812951 1.739941 1.665872 1.588235 1.513223 1.437494 1.357621 1.281614 1.205414 1.128096 1.051407 0.975156 0.898876 0.823374 0.748518 0.674135 0.600336 0.528106 0.456228 0.385650 0.316427 0.247297 0.180320 0.114185 0.049934 -0.013622 -0.075890 -0.136654 -0.196156 -0.254579 -0.312807 -0.368432 -0.425284 -0.481418 -0.536565 -0.590543 -0.645646
3.262132 3.236872 3.204494 3.167503 3.127378 3.076703 3.034834 2.992607 2.951849 2.920454 2.890249 2.856849 2.813301 2.763658 2.694199 2.619433 2.543111 2.490347 2.451690 2.397889 2.321807 2.238002 2.172679 2.118719 2.044202 1.963270 1.897427 1.820088 1.747542 1.673958 1.596878 1.522284 1.447009 1.367665 1.292199 1.216506 1.139818 1.063571 0.987909 0.912218 0.837315 0.763082 0.689355 0.616238 0.544684 0.473506 0.403607 0.335257 0.266865 0.200575 0.135303 0.071939 0.009174 -0.052208 -0.112034 -0.170834 -0.228537 -0.285978 -0.340786 -0.397160 -0.452512 -0.507418 -0.561063 -0.615312
3.278731 3.252504 3.218942 3.180750 3.139535 3.087615 3.044717 3.001475 2.959501 2.926984 2.895628 2.861113 2.816342 2.765741 2.695014 2.619299 2.541935 2.488265 2.448315 2.393281 2.316243 2.231520 2.165126 2.109832 2.033864 1.952345 1.885748 1.807117 1.733453 1.658915 1.580613 1.504924 1.428812 1.348304 1.271565 1.194828 1.116881 1.039511 0.962679 0.885628 0.809405 0.733800 0.658719 0.584217 0.510998 0.438412 0.367127 0.296943 0.226978 0.158974 0.092074 0.026804 -0.037556 -0.100742 -0.162338 -0.222883 -0.282574 -0.341228 -0.398159 -0.455563 -0.512202 -0.568401 -0.623302 -0.680031
3.278208 3.251991 3.218356 3.180142 3.138893 3.086993 3.044055 3.000840 2.958861 2.926347 2.894978 2.860452 2.815707 2.765085 2.694392 2.618612 2.541253 2.487539 2.447579 2.392585 2.315626 2.230830 2.164431 2.109199 2.033081 1.951655 1.884981 1.806442 1.732765 1.658268 1.579974 1.504259 1.428057 1.347600 1.270830 1.194090 1.116092 1.038777 0.961930 0.884895 0.808606 0.733067 0.657948 0.583462 0.510247 0.437629 0.366374 0.296094 0.226195 0.158203 0.091217 0.025963 -0.038496 -0.101780 -0.163425 -0.223836 -0.283441 -0.342193 -0.399068 -0.456676 -0.513287 -0.569442 -0.624349 -0.680815
3.277384 3.251165 3.217546 3.179325 3.138128 3.086172 3.043259 3.000031 2.958066 2.925554 2.894223 2.859701 2.815008 2.764386 2.693727 2.617959 2.540580 2.486757 2.446863 2.391970 2.314972 2.230141 2.163733 2.108542 2.032591 1.950995 1.884257 1.805799 1.732072 1.657588 1.579230 1.503545 1.427290 1.346854 1.270145 1.193352 1.115274 1.037975 0.961100 0.884048 0.807804 0.732180 0.657096 0.582602 0.509366 0.436766 0.365356 0.295192 0.225185 0.157158 0.090154 0.024850 -0.039517 -0.102937 -0.164579 -0.225114 -0.284562 -0.343631 -0.400200 -0.457813 -0.514586 -0.570617 -0.625391 -0.681566
3.276285 3.250036 3.216491 3.178307 3.137098 3.085163 3.042266 2.999018 2.957097 2.924604 2.893286 2.858808 2.814044 2.763440 2.692829 2.617075 2.539650 2.485896 2.446047 2.391117 2.314115 2.229222 2.162843 2.107671 2.031856 1.950144 1.883336 1.804888 1.731162 1.656618 1.578287 1.502618 1.426330 1.345835 1.269110 1.192298 1.114204 1.036864 0.960018 0.882854 0.806580 0.730987 0.655801 0.581240 0.508032 0.435359 0.363879 0.293676 0.223594 0.155620 0.088514 0.023131 -0.041432 -0.104772 -0.166547 -0.227035 -0.286471 -0.345609 -0.402323 -0.459871 -0.516672 -0.572782 -0.627123 -0.683184
3.274829 3.248541 3.215093 3.176912 3.135712 3.083771 3.040887 2.997643 2.955698 2.923234 2.891917 2.857481 2.812679 2.762111 2.691494 2.615718 2.538232 2.484537 2.444708 2.389760 2.312633 2.227839 2.161495 2.106283 2.030441 1.948772 1.881884 1.803412 1.729755 1.655116 1.576826 1.501082 1.424878 1.344268 1.267541 1.190650 1.112501 1.035099 0.958211 0.881027 0.804729 0.728996 0.653802 0.579242 0.505929 0.433181 0.361596 0.291324 0.221189 0.153057 0.085899 0.020380 -0.044285 -0.107705 -0.169555 -0.230212 -0.289607 -0.349028 -0.405596 -0.463335 -0.520079 -0.576021 -0.630546 -0.686401
3.272810 3.246486 3.213069 3.174889 3.133663 3.081770 3.038913 2.995636 2.953684 2.921218 2.889928 2.855448 2.810687 2.760035 2.689403 2.613624 2.536210 2.482452 2.442638 2.387687 2.310464 2.225728 2.159394 2.104185 2.028352 1.946615 1.879697 1.801176 1.727587 1.652802 1.574616 1.498801 1.422461 1.341835 1.265124 1.188195 1.109989 1.032546 0.955521 0.878329 0.801994 0.726159 0.650868 0.576166 0.502838 0.429977 0.358313 0.287900 0.217611 0.149429 0.082048 0.016478 -0.048206 -0.111813 -0.173731 -0.234598 -0.294109 -0.353549 -0.410399 -0.468023 -0.524993 -0.581020 -0.635671 -0.691405
3.269951 3.243618 3.210204 3.172047 3.130800 3.078935 3.036016 2.992753 2.950790 2.918325 2.887043 2.852542 2.807779 2.757108 2.686423 2.610625 2.533296 2.479502 2.439674 2.384694 2.307422 2.222628 2.156376 2.101120 2.025270 1.943523 1.876607 1.798036 1.724414 1.649559 1.571363 1.495530 1.419169 1.338428 1.261684 1.184670 1.106444 1.028897 0.951807 0.874521 0.798050 0.722126 0.646744 0.571953 0.498502 0.425551 0.353687 0.283139 0.212737 0.144344 0.076857 0.011155 -0.053705 -0.117466 -0.179603 -0.240577 -0.300218 -0.359809 -0.416770 -0.474734 -0.531617 -0.587806 -0.642649 -0.698152
3.266001 3.239653 3.206176 3.168015 3.126787 3.074942 3.032025 2.988763 2.946805 2.914303 2.883019 2.848516 2.803775 2.753111 2.682397 2.606581 2.529177 2.475410 2.435500 2.380606 2.303336 2.218521 2.152204 2.096922 2.021098 1.939360 1.872378 1.793881 1.720032 1.645191 1.566949 1.491128 1.414658 1.333854 1.257053 1.179935 1.101646 1.023985 0.946783 0.869420 0.792768 0.716763 0.641211 0.566251 0.492704 0.419528 0.347462 0.276745 0.206165 0.137589 0.069940 0.004033 -0.061008 -0.125017 -0.187227 -0.248576 -0.308339 -0.368079 -0.425294 -0.483392 -0.540433 -0.596734 -0.651499 -0.706673
3.260560 3.234251 3.200632 3.162543 3.121254 3.069561 3.026571 2.983358 2.941396 2.908841 2.877539 2.843032 2.798312 2.747620 2.676950 2.601094 2.523702 2.469839 2.430001 2.375173 2.297944 2.213023 2.146590 2.091374 2.015358 1.933768 1.866660 1.788265 1.714216 1.639438 1.561008 1.485217 1.408456 1.327708 1.250808 1.173567 1.095214 1.017393 0.939984 0.862528 0.785757 0.709543 0.633825 0.558630 0.484952 0.411503 0.339203 0.268240 0.197468 0.128586 0.060703 -0.005525 -0.070780 -0.135107 -0.197703 -0.259231 -0.319180 -0.379181 -0.436627 -0.494797 -0.551984 -0.608354 -0.663549 -0.718430
3.278425 3.252180 3.218620 3.180461 3.139279 3.087373 3.044470 3.001273 2.959272 2.926797 2.895484 2.860987 2.816280 2.765644 2.695034 2.619337 2.541943 2.488009 2.448169 2.393255 2.316147 2.231538 2.164973 2.109862 2.034186 1.952325 1.885528 1.807090 1.733429 1.658875 1.580772 1.504904 1.428805 1.348209 1.271564 1.194775 1.116640 1.039416 0.962570 0.885423 0.809225 0.733654 0.658513 0.584131 0.510901 0.438278 0.366853 0.296640 0.226806 0.158812 0.091878 0.026495 -0.037826 -0.101244 -0.162799 -0.223310 -0.282779 -0.341184 -0.398695 -0.455819 -0.512539 -0.569063 -0.623890 -0.679742
3.277763 3.251526 3.217950 3.179746 3.138525 3.086622 3.043711 3.000530 2.958521 2.926051 2.894702 2.860183 2.815410 2.764773 2.694079 2.618407 2.541042 2.487172 2.447265 2.392334 2.315276 2.230602 2.164096 2.108904 2.033082 1.951399 1.884593 1.806172 1.732552 1.657917 1.579772 1.503938 1.427837 1.347159 1.270544 1.193728 1.115599 1.038322 0.961472 0.884315 0.808080 0.732532 0.657322 0.582853 0.509691 0.437001 0.365589 0.295399 0.225438 0.157492 0.090405 0.025085 -0.039406 -0.102762 -0.164472 -0.224912 -0.284360 -0.343195 -0.400333 -0.457730 -0.514576 -0.570709 -0.625290 -0.681149
3.276660 3.250400 3.216837 3.178656 3.137417 3.085530 3.042591 2.999425 2.957453 2.924951 2.893611 2.859126 2.814351 2.763719 2.693055 2.617311 2.539911 2.486126 2.446296 2.391278 2.314233 2.229448 2.163072 2.107867 2.032026 1.950439 1.883507 1.805084 1.731444 1.656846 1.578596 1.502837 1.426586 1.346031 1.269338 1.192531 1.114388 1.037107 0.960201 0.883067 0.806835 0.731182 0.656008 0.581498 0.508296 0.435579 0.364133 0.293921 0.223855 0.155832 0.088741 0.023383 -0.041127 -0.104600 -0.166222 -0.226793 -0.286212 -0.345333 -0.402117 -0.459554 -0.516347 -0.572428 -0.626618 -0.682576
3.275128 3.248843 3.215372 3.177179 3.135986 3.084084 3.041188 2.997934 2.956007 2.923516 2.892198 2.857754 2.812979 2.762318 2.691799 2.615970 2.538565 2.484805 2.444981 2.390046 2.312955 2.228090 2.161772 2.106561 2.030807 1.949051 1.882173 1.803704 1.730067 1.655414 1.577124 1.501377 1.425110 1.344546 1.267850 1.190961 1.112862 1.035511 0.958578 0.881395 0.805110 0.729391 0.654183 0.579613 0.506324 0.433654 0.362083 0.291809 0.221660 0.153563 0.086368 0.020908 -0.043714 -0.107107 -0.168910 -0.229579 -0.289066 -0.348271 -0.404961 -0.462677 -0.519476 -0.575528 -0.629839 -0.685685
3.273081 3.246776 3.213350 3.175174 3.133973 3.082037 3.039160 2.995872 2.953953 2.921460 2.890176 2.855740 2.810951 2.760309 2.689740 2.613920 2.536477 2.482760 2.442960 2.388022 2.310843 2.226014 2.159630 2.104525 2.028671 1.946832 1.880042 1.801485 1.727818 1.653181 1.574887 1.499107 1.422800 1.342231 1.265417 1.188547 1.110369 1.032882 0.955951 0.878722 0.802329 0.726539 0.651267 0.576561 0.503225 0.430391 0.358747 0.288298 0.218034 0.149920 0.082580 0.017076 -0.047747 -0.111328 -0.173297 -0.234004 -0.293491 -0.353041 -0.409686 -0.467468 -0.524391 -0.580602 -0.635212 -0.691146
3.270111 3.243816 3.210301 3.172128 3.130863 3.078977 3.036055 2.992785 2.950844 2.918349 2.887055 2.852606 2.807806 2.757241 2.686464 2.610662 2.533274 2.479514 2.439703 2.384812 2.307558 2.222672 2.156311 2.101179 2.025192 1.943457 1.876683 1.798081 1.724352 1.649698 1.571371 1.495566 1.419203 1.338513 1.261706 1.184708 1.106482 1.028969 0.951897 0.874528 0.798078 0.722152 0.646776 0.571920 0.498452 0.425433 0.353632 0.283023 0.212535 0.144294 0.076809 0.011105 -0.053903 -0.117664 -0.179813 -0.240658 -0.300406 -0.359994 -0.416632 -0.474676 -0.531624 -0.588010 -0.642677 -0.698715
3.265543 3.239261 3.205661 3.167496 3.126204 3.074359 3.031396 2.988132 2.946185 2.913684 2.882331 2.847897 2.803127 2.752476 2.681777 2.605864 2.528481 2.474708 2.434887 2.380013 2.302777 2.217810 2.151406 2.096325 2.020058 1.938582 1.871668 1.793209 1.719200 1.644631 1.566230 1.490355 1.413821 1.333193 1.256261 1.179137 1.100801 1.023215 0.945991 0.868560 0.791939 0.715826 0.640338 0.565242 0.491621 0.418386 0.346352 0.275547 0.204824 0.136250 0.068685 0.002682 -0.062553 -0.126540 -0.189043 -0.250128 -0.310140 -0.369610 -0.426626 -0.484601 -0.541483 -0.597832 -0.652894 -0.709058
3.258455 3.232178 3.198550 3.160372 3.119133 3.067311 3.024360 2.981100 2.939121 2.906594 2.875203 2.840787 2.796117 2.745403 2.674755 2.598877 2.521515 2.467701 2.427797 2.372966 2.295767 2.210821 2.144315 2.089135 2.012847 1.931517 1.864418 1.786067 1.711846 1.637208 1.558629 1.482826 1.405975 1.325387 1.248277 1.171016 1.092675 1.014851 0.937415 0.859898 0.783035 0.706647 0.630950 0.555651 0.481743 0.408221 0.335967 0.264847 0.193768 0.124844 0.056865 -0.009488 -0.075035 -0.139276 -0.202171 -0.263579 -0.324008 -0.383552 -0.440955 -0.499065 -0.556030 -0.612582 -0.667457 -0.723432
3.247159 3.220902 3.187212 3.149082 3.107819 3.056144 3.013151 2.969862 2.927917 2.895314 2.863965 2.829541 2.785008 2.734250 2.663743 2.587897 2.510491 2.456601 2.416669 2.361878 2.284769 2.199718 2.133188 2.077952 2.001875 1.920268 1.852974 1.774727 1.700178 1.625497 1.546710 1.470871 1.393759 1.313029 1.235714 1.158257 1.079780 1.001566 0.923915 0.846137 0.768912 0.692127 0.616152 0.540373 0.466057 0.392087 0.319345 0.247669 0.176123 0.106664 0.038058 -0.028836 -0.095038 -0.159937 -0.223543 -0.285606 -0.346484 -0.406384 -0.464403 -0.522845 -0.580263 -0.636856 -0.692053 -0.748123
3.295591 3.270515 3.238042 3.201075 3.161019 3.110042 3.068059 3.025505 2.984062 2.951917 2.920868 2.886671 2.842490 2.792737 2.723245 2.648467 2.571313 2.517347 2.477282 2.422905 2.347158 2.262964 2.196139 2.141051 2.066250 1.985060 1.918086 1.840446 1.767122 1.692982 1.615188 1.539916 1.464225 1.384148 1.308094 1.231959 1.154506 1.077929 1.001853 0.925416 0.850072 0.775523 0.701195 0.627774 0.555530 0.483973 0.413805 0.344884 0.276277 0.209659 0.144018 0.080049 0.017032 -0.044937 -0.104954 -0.164293 -0.222189 -0.280310 -0.336380 -0.392906 -0.448910 -0.504563 -0.559197 -0.613301
3.289690 3.264348 3.231608 3.194360 3.154007 3.102819 3.060615 3.017911 2.976352 2.944182 2.913111 2.878891 2.834506 2.784532 2.714774 2.639752 2.562512 2.508613 2.468674 2.414101 2.337995 2.253644 2.186917 2.131862 2.056899 1.975379 1.908521 1.830646 1.757186 1.682984 1.605016 1.529692 1.453810 1.373607 1.297382 1.221054 1.143375 1.066581 0.990306 0.913661 0.838054 0.763248 0.688637 0.614908 0.542435 0.470558 0.399977 0.330691 0.261653 0.194636 0.128611 0.064265 0.000872 -0.061527 -0.122039 -0.181620 -0.240002 -0.298376 -0.354582 -0.411282 -0.467638 -0.523135 -0.577673 -0.632565
3.283613 3.257907 3.224928 3.187320 3.146671 3.095195 3.052746 3.009838 2.968162 2.935880 2.904741 2.870459 2.825924 2.775701 2.705592 2.630293 2.553009 2.499169 2.459277 2.404609 2.328025 2.243540 2.176979 2.121832 2.046544 1.964972 1.898090 1.819971 1.746471 1.672044 1.594016 1.518488 1.442457 1.362116 1.285714 1.209161 1.131330 1.054275 0.977776 0.900903 0.825022 0.749862 0.675029 0.600915 0.528165 0.455949 0.385017 0.315342 0.245841 0.178354 0.111875 0.047177 -0.016810 -0.079548 -0.140597 -0.200539 -0.259337 -0.318063 -0.374535 -0.431553 -0.488011 -0.543878 -0.598233 -0.653596
3.277511 3.251406 3.218121 3.180153 3.139100 3.087336 3.044581 3.001452 2.959576 2.927188 2.895960 2.861554 2.816838 2.766352 2.695957 2.620289 2.542891 2.489133 2.449324 2.394439 2.317535 2.232802 2.166382 2.111177 2.035570 1.953810 1.887027 1.808618 1.735054 1.660482 1.582249 1.506590 1.430414 1.349886 1.273258 1.196474 1.118434 1.041222 0.964353 0.887308 0.811109 0.735642 0.660493 0.586082 0.512968 0.440357 0.369014 0.298906 0.228988 0.161014 0.094149 0.028863 -0.035582 -0.098839 -0.160359 -0.220810 -0.279971 -0.339191 -0.395812 -0.453219 -0.509891 -0.565826 -0.620387 -0.675973
3.271516 3.244994 3.211311 3.172899 3.131453 3.079310 3.036246 2.992825 2.950791 2.918223 2.886842 2.852323 2.807433 2.756639 2.685862 2.609871 2.532347 2.478670 2.438870 2.383779 2.306474 2.221501 2.155257 2.100020 2.024126 1.942212 1.875353 1.796723 1.723000 1.648292 1.569891 1.494089 1.417722 1.337021 1.260234 1.183221 1.104932 1.027432 0.950340 0.873029 0.796557 0.720640 0.645268 0.570471 0.496958 0.424048 0.352235 0.281676 0.211278 0.142908 0.075399 0.009680 -0.055255 -0.119039 -0.181122 -0.242047 -0.301816 -0.361360 -0.418315 -0.476100 -0.533014 -0.589314 -0.643924 -0.699802
3.265740 3.238795 3.204573 3.165697 3.123813 3.071326 3.027850 2.984149 2.941879 2.909119 2.877607 2.842884 2.797813 2.746686 2.675558 2.599172 2.521525 2.467862 2.428092 2.372869 2.295075 2.209886 2.143791 2.088490 2.012078 1.930163 1.863353 1.784420 1.710561 1.635712 1.557107 1.481135 1.404560 1.323752 1.246686 1.169432 1.090947 1.013200 0.935856 0.858235 0.781455 0.705160 0.629496 0.554259 0.480450 0.407101 0.334852 0.263835 0.192882 0.124024 0.056041 -0.010253 -0.075721 -0.139944 -0.202708 -0.264107 -0.324472 -0.384403 -0.441734 -0.499872 -0.557148 -0.613603 -0.668139 -0.724742
3.260239 3.232866 3.198019 3.158694 3.116335 3.063434 3.019578 2.975547 2.932999 2.900022 2.868357 2.833465 2.788146 2.736605 2.665074 2.588381 2.510576 2.456961 2.417127 2.361687 2.283456 2.198062 2.132073 2.076627 1.999950 1.917919 1.851038 1.771835 1.697855 1.622816 1.544040 1.467872 1.391060 1.310109 1.232874 1.155325 1.076633 0.998612 0.920974 0.843107 0.766011 0.689359 0.613322 0.537741 0.463533 0.389803 0.317030 0.245523 0.174117 0.104804 0.036213 -0.030620 -0.096710 -0.161469 -0.224740 -0.286704 -0.347625 -0.408119 -0.465722 -0.524396 -0.582262 -0.638815 -0.693621 -0.750730
3.255051 3.227223 3.191773 3.151942 3.109096 3.055779 3.011517 2.967150 2.924286 2.891085 2.859220 2.824091 2.778549 2.726686 2.654696 2.577642 2.499569 2.446005 2.406160 2.350450 2.271771 2.186150 2.120290 2.064686 1.987549 1.905491 1.838633 1.759108 1.685017 1.609807 1.530865 1.454524 1.377532 1.296331 1.218844 1.141116 1.062170 0.983887 0.906005 0.827803 0.750402 0.673353 0.597011 0.520995 0.446419 0.372271 0.299023 0.227051 0.155128 0.085196 0.016154 -0.051181 -0.117896 -0.183211 -0.247140 -0.309535 -0.371254 -0.432230 -0.490197 -0.549272 -0.607596 -0.664472 -0.719508 -0.777339
3.250160 3.221832 3.185930 3.145606 3.102256 3.048503 3.003806 2.959088 2.915933 2.882436 2.850366 2.815039 2.769224 2.716917 2.644467 2.567001 2.488770 2.435182 2.395266 2.339357 2.260228 2.174336 2.108511 2.052840 1.975353 1.893080 1.826208 1.746394 1.672181 1.596781 1.517652 1.441102 1.363885 1.282548 1.204872 1.126843 1.047690 0.969166 0.890941 0.812513 0.734769 0.657339 0.580692 0.504298 0.429315 0.354678 0.280993 0.208509 0.136169 0.065659 -0.003940 -0.071971 -0.139112 -0.204928 -0.269508 -0.332528 -0.394994 -0.456424 -0.514825 -0.574549 -0.633249 -0.690805 -0.745910 -0.804464
3.292266 3.266768 3.234036 3.196733 3.156500 3.105814 3.064593 3.023158 2.983192 2.952313 2.922079 2.887537 2.841535 2.789128 2.717484 2.642989 2.569530 2.520233 2.480956 2.421909 2.341875 2.260700 2.199595 2.142314 2.063012 1.985966 1.919843 1.839486 1.768834 1.693439 1.616595 1.541090 1.465968 1.385996 1.310216 1.234277 1.157202 1.080965 1.005194 0.929163 0.854206 0.779935 0.706128 0.633114 0.561520 0.490538 0.420805 0.352361 0.284394 0.218133 0.153158 0.089686 0.027389 -0.033804 -0.093341 -0.152017 -0.209324 -0.266690 -0.322125 -0.378108 -0.433662 -0.488863 -0.543285 -0.598903
3.288507 3.262825 3.229923 3.192449 3.151998 3.101043 3.059424 3.017598 2.977219 2.946022 2.915567 2.881055 2.835329 2.783346 2.711865 2.637065 2.562688 2.512443 2.473172 2.415016 2.335559 2.253472 2.191327 2.134590 2.056022 1.977786 1.911665 1.831639 1.760279 1.685142 1.607927 1.532427 1.457065 1.376993 1.300958 1.224795 1.147499 1.070993 0.994987 0.918686 0.843422 0.768846 0.694717 0.621382 0.549386 0.478064 0.407903 0.339087 0.270608 0.203945 0.138443 0.074575 0.011777 -0.049994 -0.109923 -0.169030 -0.226720 -0.284623 -0.340360 -0.396498 -0.452446 -0.507582 -0.562094 -0.617436
3.284779 3.258930 3.225887 3.188215 3.147557 3.096295 3.054352 3.012139 2.971335 2.939793 2.909121 2.874607 2.829156 2.777539 2.706294 2.631164 2.555925 2.504766 2.465402 2.408140 2.329279 2.246359 2.183108 2.126901 2.048984 1.969786 1.903576 1.823851 1.751904 1.676919 1.599382 1.523874 1.448179 1.367968 1.291778 1.215469 1.137887 1.061162 0.984856 0.908338 0.832804 0.757881 0.683470 0.609816 0.537480 0.465707 0.395194 0.325905 0.257023 0.189935 0.124055 0.059727 -0.003595 -0.065797 -0.126264 -0.185708 -0.243979 -0.302170 -0.358204 -0.414854 -0.470755 -0.526292 -0.580558 -0.636209
3.281090 3.255067 3.221892 3.184022 3.143148 3.091651 3.049346 3.006746 2.965489 2.933611 2.902743 2.868239 2.823061 2.771778 2.700780 2.625426 2.549359 2.497228 2.457751 2.401316 2.323074 2.239348 2.175085 2.119253 2.042088 1.961933 1.895548 1.816238 1.743654 1.668803 1.590994 1.515393 1.439483 1.359135 1.282713 1.206169 1.128442 1.051491 0.974907 0.898141 0.822314 0.747129 0.672399 0.598346 0.525705 0.453604 0.382668 0.313013 0.243636 0.176217 0.109775 0.045083 -0.018804 -0.081444 -0.142371 -0.202360 -0.261015 -0.319637 -0.375837 -0.432708 -0.489181 -0.544709 -0.599175 -0.654876
3.277424 3.251242 3.217917 3.179862 3.138807 3.087025 3.044399 3.001391 2.959759 2.927538 2.896413 2.861932 2.816983 2.766117 2.695384 2.619745 2.542807 2.489782 2.450100 2.394575 2.316973 2.232623 2.167104 2.111720 2.035390 1.954178 1.887539 1.808694 1.735490 1.660756 1.582703 1.507011 1.430871 1.350394 1.273789 1.197028 1.119097 1.041894 0.965146 0.888110 0.811987 0.736477 0.661473 0.587131 0.514087 0.441609 0.370281 0.300290 0.230445 0.162676 0.095760 0.030594 -0.033683 -0.096807 -0.158306 -0.218656 -0.277833 -0.336792 -0.393286 -0.450671 -0.507285 -0.563239 -0.617412 -0.673381
3.273793 3.247461 3.213967 3.175747 3.134487 3.082497 3.039508 2.996153 2.954077 2.921505 2.890151 2.855674 2.810984 2.760477 2.689970 2.614129 2.536428 2.482449 2.442532 2.387827 2.310928 2.225942 2.159235 2.104110 2.028654 1.946577 1.879642 1.801261 1.727488 1.652849 1.574522 1.498762 1.422421 1.341791 1.265022 1.188101 1.109887 1.032484 0.955496 0.878193 0.801838 0.726065 0.650744 0.576068 0.502686 0.429845 0.358163 0.287805 0.217480 0.149249 0.081951 0.016331 -0.048391 -0.112065 -0.173972 -0.234684 -0.294393 -0.353784 -0.410467 -0.468165 -0.525049 -0.581228 -0.635808 -0.691666
3.270196 3.243721 3.210059 3.171700 3.130232 3.077972 3.034686 2.990949 2.948503 2.915579 2.883978 2.849501 2.805046 2.754857 2.684623 2.608621 2.530185 2.475239 2.435054 2.381129 2.304916 2.219407 2.151534 2.096633 2.021988 1.939145 1.871816 1.794010 1.719566 1.645062 1.566432 1.490585 1.414011 1.333325 1.256329 1.179207 1.100846 1.023183 0.945959 0.868463 0.791827 0.715784 0.640173 0.565180 0.491447 0.418254 0.346186 0.275443 0.204761 0.136155 0.068399 0.002399 -0.062898 -0.127005 -0.189330 -0.250619 -0.310704 -0.370505 -0.427626 -0.485780 -0.542951 -0.599169 -0.653972 -0.710031
3.266623 3.240019 3.206179 3.167672 3.126000 3.073564 3.029933 2.985843 2.942956 2.909717 2.877879 2.843341 2.799155 2.749294 2.679359 2.603209 2.524061 2.468137 2.427608 2.374432 2.299054 2.213040 2.143891 2.089125 2.015519 1.931817 1.864066 1.786760 1.711694 1.637332 1.558461 1.482483 1.405752 1.324950 1.247827 1.170513 1.091870 1.014023 0.936578 0.858859 0.781981 0.705674 0.629768 0.554416 0.480393 0.406819 0.334455 0.263256 0.192237 0.123227 0.055040 -0.011441 -0.077144 -0.141662 -0.204584 -0.266178 -0.326776 -0.386908 -0.444497 -0.503082 -0.560385 -0.617013 -0.672081 -0.727951
3.263097 3.236355 3.202332 3.163705 3.121836 3.069177 3.025245 2.980801 2.937531 2.903925 2.871818 2.837276 2.793298 2.743812 2.674179 2.597869 2.518048 2.461133 2.420252 2.367790 2.293244 2.206792 2.136401 2.081661 2.009193 1.924692 1.856357 1.779746 1.704110 1.629670 1.550600 1.474585 1.397629 1.316654 1.239412 1.161912 1.083093 1.005019 0.927349 0.849416 0.772230 0.695683 0.619498 0.543943 0.469523 0.395642 0.322826 0.251328 0.179888 0.110516 0.041885 -0.024953 -0.091226 -0.156099 -0.219622 -0.281686 -0.342605 -0.403046 -0.461195 -0.519919 -0.577855 -0.634920 -0.690282 -0.746220
3.269835 3.244270 3.211540 3.174150 3.133555 3.082237 3.039728 2.996792 2.955207 2.922967 2.891775 2.857399 2.812652 2.761896 2.691247 2.615143 2.537472 2.483359 2.443144 2.387683 2.309968 2.224482 2.157477 2.101499 2.024792 1.942216 1.874383 1.794776 1.720103 1.644227 1.564824 1.487706 1.410272 1.328294 1.249991 1.171631 1.091679 1.012835 0.934166 0.855047 0.776900 0.699436 0.622101 0.545530 0.470009 0.395264 0.321297 0.248685 0.176378 0.105774 0.036072 -0.032145 -0.099249 -0.165493 -0.229672 -0.293141 -0.355373 -0.416720 -0.477903 -0.536045 -0.595333 -0.653614 -0.710595 -0.770288
3.270811 3.245115 3.212257 3.174692 3.133974 3.082534 3.039962 2.996968 2.955295 2.923012 2.891817 2.857422 2.812687 2.761944 2.691298 2.615286 2.537632 2.483603 2.443429 2.388060 2.310515 2.225134 2.158308 2.102426 2.025871 1.943487 1.875856 1.796491 1.722022 1.646393 1.567184 1.490371 1.413115 1.331454 1.253454 1.175340 1.095812 1.017225 0.938870 0.860149 0.782399 0.705246 0.628372 0.552146 0.477076 0.402694 0.329265 0.257096 0.185255 0.115010 0.045920 -0.021784 -0.088464 -0.154145 -0.217851 -0.280671 -0.342324 -0.403298 -0.463491 -0.521618 -0.580365 -0.638334 -0.694545 -0.753584
3.271791 3.245959 3.212925 3.175254 3.134410 3.082839 3.040173 2.997127 2.955413 2.923080 2.891844 2.857417 2.812669 2.761964 2.691314 2.615353 2.537766 2.483814 2.443737 2.388505 2.310998 2.225814 2.159078 2.103386 2.027096 1.944780 1.877343 1.798187 1.723901 1.648516 1.569573 1.492943 1.415967 1.334546 1.256896 1.179071 1.099893 1.021585 0.943620 0.865247 0.787848 0.711094 0.634535 0.558720 0.484101 0.410140 0.337114 0.265436 0.193938 0.124340 0.055724 -0.011403 -0.077583 -0.142688 -0.205985 -0.268198 -0.329410 -0.389866 -0.449173 -0.507240 -0.565560 -0.622677 -0.678408 -0.736807
3.272778 3.246793 3.213639 3.175794 3.134819 3.083135 3.040394 2.997299 2.955502 2.923137 2.891887 2.857433 2.812687 2.762023 2.691389 2.615498 2.537954 2.484045 2.444058 2.388893 2.311536 2.226418 2.159809 2.104286 2.028110 1.946033 1.878827 1.799823 1.725766 1.650653 1.571911 1.495612 1.418851 1.337680 1.260313 1.182805 1.103966 1.025953 0.948312 0.870348 0.793268 0.716917 0.640730 0.565355 0.491196 0.417577 0.345072 0.273810 0.202749 0.133692 0.065424 -0.001132 -0.066789 -0.131378 -0.194232 -0.255870 -0.316470 -0.376666 -0.434981 -0.492907 -0.550812 -0.607599 -0.662842 -0.720471
3.273753 3.247631 3.214332 3.176321 3.135238 3.083461 3.040631 2.997456 2.955586 2.923188 2.891904 2.857460 2.812679 2.762038 2.691437 2.615571 2.538067 2.484283 2.444319 2.389306 2.312047 2.227115 2.160598 2.105256 2.029384 1.947336 1.880299 1.801543 1.727659 1.652800 1.574251 1.498201 1.421685 1.340817 1.263743 1.186546 1.108032 1.030348 0.953021 0.875432 0.798764 0.722660 0.646996 0.571940 0.498193 0.425031 0.352954 0.282212 0.211542 0.142914 0.075176 0.009143 -0.056035 -0.120129 -0.182319 -0.243676 -0.303643 -0.363411 -0.420909 -0.478714 -0.536032 -0.592601 -0.647404 -0.704098
3.274732 3.248458 3.215015 3.176864 3.135658 3.083739 3.040840 2.997613 2.955680 2.923231 2.891927 2.857458 2.812703 2.762062 2.691461 2.615720 2.538250 2.484512 2.444667 2.389733 2.312566 2.227772 2.161392 2.106193 2.030475 1.948666 1.881764 1.803220 1.729537 1.654899 1.576567 1.500833 1.424552 1.343906 1.267183 1.190264 1.112070 1.034701 0.957772 0.880541 0.804187 0.728467 0.653196 0.578584 0.505245 0.432460 0.360874 0.290572 0.220296 0.152150 0.084991 0.019429 -0.045316 -0.108823 -0.170702 -0.231376 -0.290873 -0.350131 -0.407044 -0.464503 -0.521449 -0.577480 -0.632217 -0.688076
3.275705 3.249284 3.215710 3.177388 3.136092 3.084033 3.041097 2.997784 2.955798 2.923274 2.891964 2.857494 2.812703 2.762066 2.691555 2.615817 2.538387 2.484755 2.444978 2.390162 2.313129 2.228403 2.162176 2.107144 2.031615 1.949908 1.883215 1.804935 1.731396 1.657078 1.578949 1.503464 1.427396 1.347049 1.270638 1.194007 1.116165 1.039106 0.962480 0.885607 0.809649 0.734270 0.659419 0.585189 0.512280 0.439869 0.368760 0.298868 0.229055 0.161374 0.094688 0.029664 -0.034590 -0.097597 -0.158923 -0.219084 -0.278146 -0.337046 -0.393117 -0.450573 -0.506964 -0.562620 -0.616875 -0.671968
3.276674 3.250108 3.216393 3.177957 3.136503 3.084350 3.041308 2.997960 2.955879 2.923311 2.892017 2.857486 2.812714 2.762086 2.691612 2.615907 2.538526 2.484951 2.445307 2.390535 2.313646 2.229061 2.162957 2.108081 2.032588 1.951191 1.884703 1.806606 1.733339 1.659188 1.581311 1.506059 1.430233 1.350204 1.274057 1.197745 1.120252 1.043463 0.967197 0.890716 0.815080 0.740052 0.665593 0.591737 0.519279 0.447353 0.376641 0.307173 0.237867 0.170681 0.104328 0.039850 -0.023903 -0.086398 -0.147268 -0.206989 -0.265433 -0.324067 -0.379345 -0.436662 -0.492582 -0.547821 -0.601766 -0.656118
3.277637 3.250925 3.217073 3.178483 3.136945 3.084647 3.041551 2.998116 2.955990 2.923371 2.892032 2.857502 2.812719 2.762154 2.691655 2.615978 2.538702 2.485183 2.445609 2.390972 2.314219 2.229694 2.163731 2.109017 2.033834 1.952466 1.886192 1.808289 1.735196 1.661322 1.583657 1.508724 1.433091 1.353330 1.277492 1.201485 1.124369 1.047839 0.971899 0.895793 0.820535 0.745865 0.671821 0.598369 0.526316 0.454746 0.384545 0.315442 0.246619 0.179911 0.114058 0.050094 -0.013229 -0.075185 -0.135628 -0.194852 -0.252994 -0.311027 -0.365786 -0.422722 -0.478425 -0.533351 -0.587066 -0.640527
3.274816 3.248522 3.215042 3.176882 3.135694 3.083766 3.040871 2.997630 2.955685 2.923238 2.891931 2.857465 2.812664 2.762090 2.691533 2.615718 2.538236 2.484478 2.444674 2.389751 2.312608 2.227829 2.161481 2.106273 2.030344 1.948763 1.881836 1.803402 1.729730 1.655112 1.576847 1.501126 1.424756 1.344248 1.267509 1.190617 1.112485 1.035146 0.958190 0.880983 0.804722 0.729066 0.653764 0.579202 0.505878 0.433133 0.361543 0.291284 0.221212 0.153127 0.085920 0.020515 -0.044149 -0.107676 -0.169454 -0.229948 -0.289583 -0.348883 -0.405788 -0.463387 -0.520293 -0.576196 -0.631139 -0.686351
3.274817 3.248528 3.215048 3.176921 3.135726 3.083765 3.040869 2.997614 2.955675 2.923246 2.891948 2.857501 2.812659 2.762054 2.691487 2.615709 2.538253 2.484520 2.444711 2.389773 2.312671 2.227819 2.161511 2.106267 2.030496 1.948767 1.881903 1.803403 1.729788 1.655096 1.576826 1.501075 1.424769 1.344245 1.267502 1.190664 1.112491 1.035112 0.958207 0.880998 0.804702 0.729059 0.653779 0.579207 0.505936 0.433173 0.361613 0.291321 0.221193 0.153086 0.085921 0.020480 -0.044167 -0.107676 -0.169449 -0.230099 -0.289681 -0.348917 -0.405756 -0.463250 -0.520240 -0.576258 -0.630617 -0.686274
3.274825 3.248539 3.215100 3.176935 3.135701 3.083769 3.040899 2.997645 2.955706 2.923236 2.891956 2.857470 2.812698 2.762058 2.691466 2.615705 2.538236 2.484541 2.444682 2.389761 2.312658 2.227840 2.161442 2.106288 2.030517 1.948749 1.881885 1.803421 1.729737 1.655114 1.576887 1.501089 1.424804 1.344250 1.267521 1.190647 1.112503 1.035155 0.958198 0.881031 0.804703 0.729058 0.653804 0.579214 0.505935 0.433171 0.361630 0.291320 0.221129 0.153106 0.085928 0.020398 -0.044235 -0.107682 -0.169552 -0.230186 -0.289646 -0.348882 -0.405582 -0.463259 -0.520162 -0.576164 -0.630302 -0.686422
3.274827 3.248548 3.215105 3.176944 3.135703 3.083767 3.040897 2.997619 2.955700 2.923234 2.891923 2.857469 2.812717 2.762071 2.691506 2.615688 2.538263 2.484562 2.444692 2.389782 2.312694 2.227830 2.161479 2.106288 2.030517 1.948735 1.881931 1.803401 1.729757 1.655140 1.576852 1.501074 1.424790 1.344234 1.267499 1.190648 1.112498 1.035148 0.958223 0.881027 0.804733 0.729039 0.653798 0.579224 0.505987 0.433230 0.361677 0.291290 0.221152 0.153025 0.085888 0.020353 -0.044255 -0.107690 -0.169586 -0.230207 -0.289628 -0.348964 -0.405620 -0.463216 -0.519791 -0.575950 -0.630371 -0.686528
3.274833 3.248549 3.215125 3.176947 3.135721 3.083800 3.040890 2.997652 2.955719 2.923211 2.891935 2.857449 2.812719 2.762036 2.691511 2.615727 2.538283 2.484538 2.444780 2.389787 2.312691 2.227798 2.161472 2.106271 2.030484 1.948718 1.881926 1.803395 1.729737 1.655121 1.576872 1.501093 1.424790 1.344230 1.267512 1.190685 1.112513 1.035156 0.958237 0.881048 0.804753 0.728989 0.653831 0.579239 0.505991 0.433244 0.361706 0.291390 0.221184 0.153060 0.085869 0.020310 -0.044334 -0.107869 -0.169598 -0.230208 -0.289671 -0.348928 -0.405591 -0.462992 -0.519750 -0.575757 -0.629907 -0.686024
3.274827 3.248549 3.215140 3.176947 3.135716 3.083806 3.040940 2.997656 2.955722 2.923207 2.891947 2.857469 2.812739 2.762067 2.691514 2.615690 2.538297 2.484575 2.444757 2.389750 2.312650 2.227785 2.161468 2.106265 2.030578 1.948717 1.881922 1.803385 1.729769 1.655113 1.576820 1.501053 1.424862 1.344225 1.267534 1.190638 1.112507 1.035124 0.958227 0.881066 0.804791 0.729040 0.653820 0.579239 0.505984 0.433273 0.361763 0.291431 0.221142 0.153037 0.085816 0.020354 -0.044344 -0.107838 -0.169631 -0.230333 -0.289694 -0.348879 -0.405605 -0.462909 -0.519744 -0.575498 -0.629484 -0.685718
3.274825 3.248551 3.215130 3.176938 3.135700 3.083841 3.040957 2.997653 2.955745 2.923193 2.891957 2.857445 2.812774 2.762062 2.691485 2.615716 2.538309 2.484574 2.444803 2.389790 2.312668 2.227772 2.161467 2.106350 2.030567 1.948734 1.881942 1.803363 1.729700 1.655172 1.576889 1.501074 1.424831 1.344251 1.267516 1.190658 1.112538 1.035176 0.958219 0.881033 0.804766 0.729021 0.653842 0.579279 0.505997 0.433296 0.361826 0.291403 0.221165 0.153021 0.085835 0.020356 -0.044454 -0.107944 -0.169680 -0.230423 -0.289620 -0.349015 -0.405509 -0.462916 -0.519575 -0.575373 -0.629285 -0.685188
3.274809 3.248546 3.215145 3.176939 3.135721 3.083834 3.040959 2.997660 2.955747 2.923190 2.891969 2.857456 2.812782 2.762057 2.691498 2.615756 2.538317 2.484571 2.444823 2.389727 2.312652 2.227842 2.161454 2.106298 2.030571 1.948657 1.881981 1.803401 1.729734 1.655186 1.576847 1.501102 1.424878 1.344237 1.267515 1.190689 1.112506 1.035154 0.958256 0.881100 0.804790 0.729039 0.653853 0.579276 0.506025 0.433296 0.361835 0.291381 0.221167 0.153041 0.085860 0.020279 -0.044500 -0.108034 -0.169852 -0.230520 -0.289621 -0.348884 -0.405519 -0.462865 -0.519372 -0.574943 -0.628822 -0.684622
3.274802 3.248540 3.215138 3.176979 3.135728 3.083825 3.040976 2.997687 2.955762 2.923190 2.891950 2.857414 2.812757 2.762095 2.691499 2.615740 2.538310 2.484573 2.444848 2.389761 2.312657 2.227824 2.161418 2.106317 2.030544 1.948700 1.881965 1.803397 1.729746 1.655173 1.576890 1.501099 1.424907 1.344252 1.267503 1.190670 1.112543 1.035138 0.958268 0.881113 0.804817 0.729038 0.653883 0.579338 0.506028 0.433337 0.361840 0.291409 0.221124 0.152995 0.085811 0.020240 -0.044529 -0.108097 -0.169820 -0.230517 -0.289658 -0.348882 -0.405438 -0.462724 -0.519032 -0.574515 -0.628575 -0.684004
