# mode(P)
1882.887036 1772.306628 1640.891380 1502.859116 1366.793030 1212.820985 1098.691263 994.560813 903.054301 837.996760 779.704855 720.216885 649.624359 578.215579 491.483233 412.776009 345.351426 305.168240 278.412232 245.333266 205.423165 168.977005 145.042235 127.733033 107.250636 88.867017 76.187959 63.590321 53.672548 45.199732 37.745152 31.702194 26.596939 22.091709 18.515523 15.511628 12.956815 10.842893 9.082451 7.603489 6.378407 5.358393 4.505955 3.794598 3.205922 2.711413 2.299427 1.955795 1.663966 1.422557 1.218637 1.048302 0.903205 0.780278 0.676768 0.588543 0.513273 0.447840 0.392924 0.344175 0.301956 0.265367 0.234074 0.205896
1933.931107 1813.911463 1672.429970 1525.112522 1381.629161 1221.048231 1102.756911 995.990191 902.502757 836.259127 777.062118 716.055913 643.362005 569.517516 481.152625 402.325522 336.222723 297.529431 271.190310 237.518605 197.403343 162.027489 139.362438 122.271097 101.869247 84.382410 72.263369 59.957082 50.536317 42.395962 35.301082 29.539007 24.714324 20.455239 17.080968 14.260607 11.861591 9.892135 8.254924 6.879683 5.747059 4.807754 4.023480 3.373261 2.834763 2.386309 2.013028 1.702094 1.440171 1.223922 1.042157 0.890557 0.762936 0.654744 0.564385 0.487756 0.422761 0.366906 0.319599 0.279013 0.243639 0.213301 0.187597 0.163741
1961.055019 1818.938581 1656.523053 1490.970399 1334.077967 1165.522362 1044.381235 938.704639 849.795494 789.061024 735.571741 677.962565 605.134831 528.480580 438.616254 361.795619 302.365911 270.844533 248.434301 215.028571 175.100894 143.402586 125.060175 109.222469 89.440734 74.532588 63.891368 52.480618 44.375446 37.033164 30.807437 25.697985 21.448815 17.709369 14.751950 12.284914 10.186431 8.471118 7.047601 5.853505 4.872982 4.060963 3.384845 2.825710 2.362855 1.979518 1.661272 1.396699 1.175619 0.993305 0.840714 0.713554 0.607196 0.517606 0.442665 0.379788 0.326730 0.281897 0.244020 0.211544 0.183839 0.160134 0.140184 0.122166
1946.405610 1811.467304 1655.810292 1496.505690 1343.994715 1178.334074 1058.290062 952.649052 862.741393 800.790477 745.990410 687.930660 615.566258 540.102593 450.742093 373.268167 311.861304 278.356415 255.091416 221.820352 181.772226 148.908724 129.357442 113.283466 93.264800 77.556942 66.535489 54.834580 46.343206 38.764405 32.269268 26.955830 22.528370 18.624354 15.534772 12.953633 10.757200 8.959340 7.465606 6.210570 5.179368 4.324125 3.611020 3.020668 2.531639 2.125149 1.787798 1.507002 1.271575 1.077184 0.914243 0.778385 0.664241 0.567908 0.487376 0.419461 0.361969 0.313160 0.272094 0.236482 0.206016 0.179813 0.157818 0.137800
1930.570084 1802.583453 1653.719244 1500.218898 1352.241326 1189.469311 1070.998804 965.399702 874.740904 811.757752 755.883801 697.360873 625.453324 551.064329 462.379750 384.414500 321.163401 285.786812 261.595957 228.443046 188.324060 154.374816 133.632292 117.285242 97.096608 80.596417 69.171501 57.204443 48.312880 40.499270 33.740025 28.227196 23.616385 19.547377 16.327056 13.631928 11.338971 9.456192 7.890514 6.576229 5.493029 4.593652 3.843998 3.221530 2.705975 2.276282 1.919367 1.621904 1.371630 1.165078 0.991367 0.846493 0.724332 0.621118 0.534748 0.461494 0.399586 0.346521 0.301878 0.263076 0.229664 0.200992 0.176594 0.154652
1913.755642 1792.409058 1650.075860 1502.367688 1358.784818 1199.264028 1082.201042 977.082903 885.923041 822.005920 765.179877 706.234399 634.850526 561.546990 473.522763 395.156681 330.263662 293.033620 267.922892 234.824642 194.749910 159.776236 137.857993 121.200375 100.874938 83.645612 71.779899 59.559937 50.288566 42.230272 35.211604 29.503908 24.709010 20.478696 17.128055 14.317834 11.928351 9.961257 8.324617 6.948748 5.814113 4.870244 4.082995 3.428082 2.885821 2.432292 2.055295 1.741435 1.475874 1.256670 1.072072 0.917853 0.787471 0.677329 0.584720 0.506251 0.439487 0.382084 0.333862 0.291497 0.254986 0.223540 0.196770 0.172608
1896.050277 1781.036235 1645.121252 1503.177320 1363.968544 1207.547365 1092.346524 987.665841 896.162703 831.560077 773.853494 714.549047 643.675230 571.438253 484.181916 405.546697 339.142057 300.151809 274.109112 241.020997 201.024630 165.173957 142.071627 125.031926 104.652632 86.692687 74.356811 61.913769 52.262559 43.965029 36.690627 30.785572 25.809227 21.419564 17.934188 15.012463 12.526994 10.471971 8.764248 7.328659 6.141404 5.152757 4.327636 3.640316 3.070545 2.593446 2.196114 1.865068 1.584164 1.352009 1.156323 0.992585 0.853800 0.736215 0.637561 0.553410 0.481692 0.419662 0.367644 0.321649 0.281841 0.247467 0.218014 0.191629
1877.542722 1768.678784 1639.053233 1502.600538 1367.753722 1214.713871 1101.203821 997.158434 905.643540 840.476767 781.969921 722.405623 651.992987 580.789033 494.336823 415.574623 347.807745 307.153229 280.125192 247.038368 207.163598 170.487672 146.227835 128.790474 108.302034 89.729998 76.914689 64.259234 54.235760 45.691147 38.167581 32.069885 26.912568 22.363466 18.747636 15.711384 13.130862 10.991521 9.210967 7.714651 6.474286 5.441413 4.578377 3.857470 3.260863 2.759159 2.341481 1.992798 1.696453 1.451281 1.244008 1.070794 0.923331 0.798432 0.692899 0.602950 0.526227 0.459271 0.403399 0.353459 0.310169 0.272806 0.240744 0.211691
1858.401678 1755.403639 1631.833143 1500.674283 1370.236890 1220.534778 1108.924166 1005.904287 914.320913 848.620443 789.540843 729.717465 659.771760 589.604557 503.982862 425.290619 356.243933 313.968053 285.986536 252.841045 213.168178 175.738898 150.322375 132.481153 112.007067 92.771525 79.449359 66.594804 56.198659 47.412488 39.647242 33.355154 28.015391 23.309893 19.563663 16.418222 13.738993 11.516039 9.662865 8.106150 6.813158 5.735358 4.834052 4.079668 3.455245 2.929304 2.491011 2.124537 1.812737 1.554024 1.335256 1.152225 0.995692 0.863182 0.751117 0.655095 0.572981 0.501162 0.440930 0.386969 0.340050 0.299425 0.264269 0.232758
1838.675914 1741.393326 1623.461683 1497.708870 1371.644600 1225.281319 1115.777199 1013.603664 922.266348 856.206162 796.563297 736.514387 666.975026 597.933752 513.196748 434.606120 364.467150 320.660306 291.682075 258.466575 218.998447 180.935960 154.393869 136.095976 115.607714 95.783365 81.943353 68.908293 58.152880 49.125287 41.119950 34.635836 29.123729 24.260837 20.385663 17.125259 14.354158 12.045028 10.120407 8.503067 7.157012 6.034578 5.094442 4.307005 3.654409 3.104198 2.644605 2.260600 1.932793 1.660338 1.429718 1.236486 1.070956 0.930757 0.811766 0.709624 0.621952 0.544929 0.480367 0.422077 0.371426 0.327321 0.289133 0.254805
1818.541468 1726.727321 1614.189843 1493.735855 1371.871247 1229.014889 1121.568961 1020.612186 929.490633 863.201827 803.009533 742.788418 673.766929 605.668648 521.986618 443.624217 372.484832 327.176136 297.266631 263.903071 224.713411 186.061562 158.393230 139.638206 119.211536 98.782281 84.422138 71.214612 60.107810 50.819465 42.599594 35.914701 30.231765 25.215883 21.208329 17.839086 14.972303 12.578988 10.582812 8.904862 7.505781 6.337605 5.359738 4.538457 3.858467 3.282830 2.802285 2.400399 2.056460 1.770345 1.527873 1.323913 1.149340 1.001264 0.875187 0.766582 0.673074 0.590813 0.521700 0.458952 0.404245 0.356434 0.314994 0.277689
1899.764828 1792.961073 1665.617840 1531.066285 1398.682223 1247.106996 1135.627057 1032.483665 940.600214 873.835839 812.254481 747.865593 672.117492 596.875435 508.089193 429.690510 363.067501 322.567894 293.108111 255.996046 214.062551 177.933667 153.692744 134.371523 112.474920 94.161690 80.574148 67.153299 56.939746 47.889099 40.080192 33.691340 28.298838 23.541196 19.757715 16.574720 13.871103 11.626401 9.756121 8.182541 6.878773 5.790661 4.880289 4.119849 3.489795 2.959103 2.515912 2.146517 1.832195 1.571013 1.350279 1.165120 1.007319 0.873435 0.760282 0.663195 0.580151 0.507284 0.446230 0.391628 0.344264 0.302914 0.267225 0.235391
1895.532785 1787.733900 1659.374147 1523.912418 1390.581065 1238.444608 1126.290714 1022.848728 931.161162 864.858955 804.135384 740.958280 666.480965 592.168740 503.834924 425.317807 358.557977 318.185605 289.417196 253.325637 211.864556 175.628729 151.498564 132.692282 111.150551 92.803690 79.467897 66.241280 56.116650 47.200871 39.486234 33.184187 27.866778 23.170322 19.439794 16.303034 13.637584 11.425667 9.583934 8.034196 6.750461 5.679677 4.783891 4.036218 3.416380 2.895380 2.459994 2.097269 1.788749 1.532541 1.316127 1.134728 0.980269 0.849225 0.738437 0.643798 0.562771 0.491770 0.432327 0.379291 0.333236 0.293302 0.258770 0.227776
1891.298334 1782.558531 1653.134709 1516.869332 1382.635714 1229.791405 1117.020801 1013.401990 921.725792 855.858039 795.948051 734.079118 660.848143 587.465342 499.670941 421.118584 354.086112 313.831638 285.758381 250.667329 209.695132 173.367397 149.335681 131.044937 109.811749 91.477018 78.369707 65.349034 55.285006 46.524566 38.896515 32.686922 27.436296 22.808085 19.126330 16.033880 13.405866 11.228957 9.413907 7.888541 6.624061 5.570682 4.689416 3.954068 3.344487 2.832566 2.405332 2.049031 1.746176 1.494886 1.282829 1.105107 0.953830 0.825705 0.717351 0.624794 0.545770 0.476674 0.418916 0.367317 0.322556 0.283650 0.250451 0.220312
1887.112451 1777.414166 1646.991642 1509.785187 1374.723865 1221.234342 1107.826782 1003.931548 912.338620 846.896600 787.848067 727.170137 655.269321 582.788539 495.531193 416.898081 349.694701 309.469299 282.073516 248.004138 207.534309 171.163367 147.180111 129.375331 108.534837 90.169820 77.273868 64.465343 54.477765 45.860203 38.318573 32.191116 27.014614 22.446362 18.819233 15.771568 13.179440 11.033837 9.246575 7.744781 6.500181 5.462884 4.597171 3.873787 3.274390 2.771396 2.351869 2.001891 1.704658 1.458434 1.250317 1.076232 0.928139 0.802671 0.696835 0.606489 0.529203 0.461980 0.405698 0.355493 0.312089 0.274454 0.242121 0.212921
1882.877103 1772.323935 1640.900708 1502.918996 1366.785480 1212.770236 1098.753745 994.602019 903.007012 837.967494 779.723300 720.207705 649.656965 578.172021 491.477830 412.762257 345.344882 305.149270 278.428471 245.328436 205.432574 168.971387 145.035123 127.728047 107.272972 88.865119 76.188695 63.592843 53.669943 45.195500 37.742055 31.703104 26.594940 22.091939 18.514862 15.510913 12.957130 10.842605 9.083146 7.604018 6.378190 5.358545 4.505872 3.794996 3.206149 2.711238 2.299513 1.955609 1.663971 1.422510 1.218716 1.048223 0.903140 0.780290 0.676815 0.588594 0.513309 0.447723 0.392992 0.344079 0.301932 0.265349 0.234092 0.205858
1878.714855 1767.229593 1634.839736 1495.867689 1358.985262 1204.330565 1089.686615 985.295549 893.767382 829.110442 771.616207 713.303694 644.099545 573.586827 487.469449 408.691061 341.054906 300.902588 274.758966 242.682543 203.326796 166.828655 142.916549 126.072381 106.037222 87.583686 75.115075 62.739677 52.879779 44.546019 37.176104 31.219334 26.182722 21.743083 18.215402 15.254856 12.737660 10.654680 8.921517 7.465339 6.259062 5.255613 4.416633 3.717806 3.138445 2.652723 2.248218 1.910733 1.624435 1.387522 1.187898 1.020756 0.878848 0.758594 0.657411 0.571251 0.497689 0.433845 0.380414 0.333050 0.292008 0.256617 0.226371 0.198942
1874.558989 1762.212827 1628.817808 1489.081390 1351.263766 1196.069244 1080.818276 976.037150 884.562498 820.201917 763.541927 706.379883 638.566077 569.032393 483.395886 404.697624 336.838470 296.649418 271.101176 240.046022 201.287799 164.729811 140.810017 124.426205 104.820978 86.325812 74.047941 61.887159 52.090644 43.906294 36.617282 30.747260 25.772713 21.397164 17.919964 15.003435 12.521223 10.469398 8.762563 7.328443 6.141777 5.154009 4.329406 3.642283 3.072543 2.595236 2.198019 1.866795 1.585799 1.353570 1.157702 0.993968 0.855229 0.737575 0.638551 0.554368 0.482552 0.420465 0.368339 0.322301 0.282425 0.248022 0.218602 0.192019
1870.452301 1757.236060 1622.805805 1482.191375 1343.541132 1187.905083 1071.887071 966.893784 875.390307 811.403110 755.427989 699.360195 633.059148 564.488942 479.441125 400.742013 332.688697 292.454884 267.465000 237.415115 199.265276 162.666159 138.700710 122.783086 103.594256 85.076468 72.982369 61.060478 51.304472 43.273370 36.065571 30.276759 25.372534 21.056398 17.628369 14.754136 12.307699 10.287155 8.606232 7.194937 6.026692 5.054715 4.244079 3.567461 3.007807 2.538918 2.149073 1.823540 1.548267 1.320419 1.128584 0.968059 0.832219 0.717162 0.620235 0.538016 0.467903 0.407454 0.356603 0.311792 0.273056 0.239712 0.211129 0.185362
1866.309233 1752.271985 1616.866260 1475.297039 1335.823535 1179.593645 1063.053558 957.829303 866.297516 802.602829 747.400234 692.453366 627.563111 560.033446 475.537512 396.905178 328.559640 288.285298 263.779464 234.781421 197.256013 160.615762 136.632379 121.152642 102.407317 83.855978 71.928764 60.240774 50.539506 42.647160 35.521903 29.813969 24.973991 20.722133 17.344204 14.509277 12.098176 10.107636 8.453067 7.063724 5.913636 4.957438 4.159688 3.494960 2.944542 2.484017 2.101056 1.781539 1.511508 1.287806 1.099775 0.942811 0.809685 0.697094 0.602384 0.522066 0.453669 0.394683 0.345186 0.301665 0.263973 0.231544 0.203796 0.178950
1718.825076 1610.188594 1482.829064 1350.922159 1221.146491 1076.930314 968.327302 869.837590 783.761006 722.521500 669.429063 617.391553 558.179119 497.903374 423.568044 353.812950 292.301920 254.580413 231.092186 205.383823 173.316754 141.254795 119.060560 104.828175 88.968427 72.862791 61.911092 51.978626 43.430665 36.513179 30.347863 25.387746 21.198305 17.531922 14.622775 12.188097 10.122197 8.419182 7.008875 5.830391 4.856898 4.049629 3.378336 2.821732 2.362460 1.979101 1.661167 1.398862 1.177528 0.995631 0.842728 0.716064 0.609286 0.519666 0.444702 0.381828 0.328390 0.283368 0.245530 0.213004 0.185149 0.161313 0.141340 0.122778
1760.076099 1650.824209 1522.275620 1388.712315 1257.259922 1110.565403 1000.482138 900.619212 813.106875 750.930448 696.595520 642.747166 580.723533 517.652993 440.222868 368.153092 305.142225 266.817035 242.607016 215.144837 181.086020 147.889412 125.299226 110.382249 93.416162 76.667232 65.334234 54.752529 45.863659 38.581919 32.103094 26.882012 22.473934 18.606752 15.537333 12.966640 10.783158 8.984343 7.490499 6.240155 5.208325 4.350201 3.636815 3.043809 2.554185 2.145046 1.805369 1.524126 1.286112 1.090618 0.926168 0.789349 0.673818 0.576778 0.495329 0.426689 0.368476 0.318834 0.277188 0.241198 0.210269 0.183775 0.161301 0.140631
1801.192936 1691.387031 1561.783428 1426.705866 1293.630050 1144.357712 1032.965574 931.676733 842.846429 779.690148 724.110819 668.401481 603.517604 537.593873 457.072349 382.777639 318.260310 279.325841 254.344766 225.060106 189.041285 154.727409 131.695257 116.045469 97.930918 80.608416 68.854389 57.616913 48.381217 40.720736 33.923587 28.433101 23.798023 19.725922 16.490839 13.782224 11.476836 9.575998 7.996568 6.672466 5.578213 4.668703 3.910389 3.279946 2.758269 2.321882 1.959410 1.658087 1.403488 1.193268 1.016194 0.868953 0.744019 0.638847 0.550658 0.475925 0.412392 0.357893 0.312288 0.272384 0.237941 0.208393 0.183401 0.160466
1842.147480 1731.893175 1601.372656 1464.672435 1330.101053 1178.538057 1065.766185 962.960143 872.809029 808.716057 751.767597 694.200883 626.502520 557.796999 474.208637 397.631885 331.659670 292.123596 266.292610 235.127510 197.151383 161.763331 138.280166 121.830986 102.563610 84.676778 72.472334 60.557999 50.990729 42.926918 35.801185 30.038659 25.173819 20.888306 17.484018 14.628770 12.200365 10.195989 8.526382 7.126879 5.968865 5.004542 4.200266 3.530208 2.975317 2.510445 2.123778 1.802083 1.529205 1.303680 1.113516 0.955021 0.820335 0.706740 0.611115 0.529794 0.460611 0.400811 0.350771 0.306638 0.268562 0.235606 0.207616 0.182121
1882.878927 1772.315985 1640.977633 1502.897945 1366.784530 1212.719185 1098.743673 994.598142 902.986412 837.954082 779.671856 720.212527 649.669235 578.158193 491.451593 412.776380 345.350037 305.172723 278.400933 245.332564 205.423286 168.974089 145.037074 127.727149 107.291211 88.861843 76.186312 63.594486 53.672801 45.196971 37.743457 31.703122 26.593666 22.092740 18.515984 15.511636 12.957263 10.843033 9.083202 7.603714 6.378562 5.357982 4.506019 3.795002 3.205617 2.711408 2.299472 1.955809 1.664113 1.422455 1.218586 1.048126 0.903190 0.780430 0.676816 0.588646 0.513278 0.447830 0.392883 0.344118 0.301930 0.265491 0.234089 0.205745
1923.478428 1812.597483 1680.390080 1541.148249 1403.594779 1247.246020 1131.947499 1026.389795 933.527784 867.453212 807.811985 746.408539 672.977488 598.744618 508.980973 428.114493 359.281242 318.432317 290.716276 255.706816 213.844815 176.372371 151.947452 133.724674 112.096848 93.184304 80.002544 66.706534 56.429216 47.536998 39.743762 33.419427 28.067097 23.340594 19.584449 16.429531 13.746277 11.518802 9.664346 8.103489 6.809867 5.730384 4.828984 4.075083 3.450066 2.924712 2.486741 2.120201 1.808614 1.550066 1.331736 1.148716 0.992796 0.860182 0.748360 0.652828 0.570731 0.498963 0.439049 0.385070 0.338406 0.297823 0.262882 0.231644
1963.792595 1852.776286 1719.756090 1579.269353 1440.449575 1281.753450 1165.338882 1058.511953 964.236136 897.136372 836.185921 772.761219 696.438869 619.440173 526.723535 443.802399 373.490989 331.942248 303.231271 266.165230 222.429118 183.949743 159.036031 139.839728 117.014298 97.621766 83.900590 69.908995 59.280652 49.938015 41.814134 35.191183 29.587575 24.633909 20.694753 17.382473 14.566317 12.224021 10.271840 8.626864 7.261608 6.122625 5.170091 4.371279 3.709168 3.151691 2.685801 2.295848 1.963385 1.687380 1.453358 1.257301 1.089792 0.946671 0.825970 0.722319 0.633109 0.554691 0.489234 0.429633 0.378073 0.333137 0.294209 0.259393
2003.828711 1892.785129 1759.007107 1617.353372 1477.310353 1316.605272 1198.869782 1090.745261 995.143446 927.068862 864.670107 799.285864 720.101798 640.349085 544.619309 459.670440 387.928109 345.705319 315.867814 276.785868 231.168152 191.736651 166.276458 146.036763 122.086481 102.173098 87.884737 73.197384 62.210286 52.405824 43.940273 37.015929 31.153585 25.972920 21.843547 18.368005 15.419570 12.957612 10.905785 9.174173 7.735098 6.534141 5.528178 4.684000 3.983770 3.391994 2.898015 2.482712 2.128598 1.834400 1.584097 1.373998 1.194297 1.040262 0.909986 0.797900 0.700880 0.615259 0.543771 0.477975 0.421037 0.371352 0.327939 0.289291
2043.691330 1932.624669 1798.036545 1655.483485 1514.207280 1351.371972 1232.438522 1123.109897 1026.121095 957.150201 893.354428 825.970810 743.765953 661.310805 562.783433 475.831050 402.624754 359.674335 328.700866 287.499626 240.067536 199.688138 173.653093 152.349950 127.213266 106.858784 91.950416 76.558233 65.207789 54.945191 46.123260 38.897950 32.774646 27.355151 23.032828 19.391464 16.304876 13.720724 11.567353 9.745790 8.230903 6.965865 5.905039 5.013778 4.273109 3.646352 3.123049 2.681763 2.305444 1.991558 1.724496 1.499907 1.307089 1.141208 1.000816 0.879739 0.773767 0.680707 0.602501 0.530177 0.467451 0.412434 0.364223 0.321373
1452.836106 1366.805194 1265.030930 1158.659084 1053.315116 936.298909 847.505092 766.891618 696.568718 645.899534 600.807806 555.120930 501.406280 445.790667 378.822646 317.791559 266.055708 234.886232 214.257418 188.990906 157.971853 129.656237 111.231585 98.078927 82.238830 67.911302 58.150994 48.484577 40.773975 34.260946 28.528640 23.891536 19.956949 16.518210 13.790681 11.495669 9.545905 7.942135 6.608122 5.496943 4.577923 3.814614 3.179957 2.654387 2.219548 1.856281 1.556695 1.309183 1.099997 0.928244 0.784520 0.665178 0.564471 0.480619 0.410107 0.351091 0.301510 0.259496 0.224594 0.194257 0.168588 0.146773 0.128371 0.111764
1560.238449 1468.082799 1358.796375 1244.547135 1131.546970 1005.384066 910.249131 823.694490 748.088927 693.844553 645.493423 596.348770 538.412318 478.828476 406.962166 341.486287 285.817518 252.377238 230.258082 203.050714 169.772855 139.427969 119.627048 105.452943 88.488279 73.104137 62.613151 52.221803 43.959765 36.955442 30.796262 25.807279 21.583292 17.880537 14.941695 12.470643 10.372207 8.642880 7.203247 6.002040 5.007791 4.181636 3.493917 2.922824 2.451046 2.055990 1.729347 1.458549 1.229535 1.041233 0.883022 0.751814 0.640761 0.547719 0.469482 0.403716 0.348178 0.300867 0.261470 0.227074 0.197783 0.172697 0.151567 0.132417
1667.833158 1569.528442 1452.880674 1330.688187 1209.975344 1074.567732 973.125274 880.727687 799.772300 741.898754 690.249581 637.657290 575.516657 511.962452 435.125161 365.263206 305.678448 269.968020 246.311549 217.131956 181.649625 149.253633 128.074743 112.860619 94.749060 78.344517 67.117091 55.992299 47.176638 39.683543 33.095489 27.752982 23.237984 19.266964 16.115324 13.467487 11.216770 9.359950 7.814609 6.522227 5.451794 4.561823 3.819946 3.202711 2.692790 2.265044 1.910975 1.616301 1.366968 1.161284 0.988329 0.844348 0.722535 0.620014 0.533754 0.460914 0.399065 0.346135 0.301869 0.263126 0.229830 0.201204 0.176960 0.155008
1775.451140 1670.959775 1547.031694 1416.858513 1288.436635 1143.680751 1035.990846 937.679022 851.405239 789.968090 735.020850 679.002980 612.631503 545.067224 463.301293 389.012647 325.538562 287.569749 262.378822 231.236968 193.534037 159.107054 136.550913 120.292802 101.025250 83.593422 71.645442 59.783355 50.412146 42.433669 35.408628 29.718002 24.908942 20.671208 17.306168 14.480409 12.078187 10.094054 8.441417 7.056390 5.909276 4.954071 4.157871 3.493798 2.944555 2.483839 2.100931 1.781849 1.511797 1.288432 1.100163 0.943180 0.810057 0.697598 0.602851 0.522547 0.454174 0.395056 0.345699 0.302181 0.264557 0.232029 0.204465 0.179598
1882.848698 1772.302800 1640.924961 1502.896781 1366.756141 1212.754165 1098.751825 994.562311 903.013224 837.955017 779.737255 720.203539 649.689950 578.143444 491.444337 412.765442 345.354426 305.164673 278.417268 245.335857 205.439886 168.955830 145.036020 127.731716 107.270874 88.864268 76.188294 63.592010 53.675231 45.199691 37.738918 31.702698 26.592550 22.092946 18.514269 15.510579 12.957497 10.843077 9.082555 7.603914 6.378325 5.358290 4.506151 3.794912 3.205593 2.711314 2.299487 1.955701 1.663928 1.422569 1.218561 1.048075 0.903264 0.780359 0.676773 0.588623 0.513302 0.447764 0.393001 0.344178 0.301973 0.265411 0.234072 0.205837
1990.177611 1873.560851 1734.610734 1588.691685 1444.953081 1281.654955 1161.303831 1051.341635 954.505571 885.848403 824.326840 761.423945 686.614796 611.192892 519.563005 436.504574 365.123360 322.756678 294.456911 259.392408 217.311110 178.842569 153.528471 135.169408 113.530433 94.152225 80.751416 67.419298 56.942654 47.979968 40.088486 33.704072 28.296387 23.528184 19.738967 16.557475 13.850313 11.605983 9.737921 8.163640 6.860568 5.773974 4.865186 4.107015 3.477013 2.947978 2.506592 2.137631 1.824358 1.563874 1.343700 1.159317 1.002088 0.868335 0.755747 0.659230 0.576536 0.504093 0.443572 0.389075 0.341871 0.300914 0.265462 0.233800
2097.323718 1974.771452 1828.238175 1674.406112 1523.057427 1350.280445 1223.901810 1108.033171 1005.789577 933.673924 868.831585 802.479621 723.471417 644.154974 547.613213 460.192087 384.908015 340.322341 310.493594 273.451381 229.185154 188.723235 162.022544 142.603183 119.784995 99.447852 85.322234 71.262313 60.232526 50.782878 42.452928 35.719556 30.016457 24.983194 20.980284 17.617694 14.759668 12.383310 10.406563 8.738024 7.355084 6.201630 5.236283 4.429172 3.757979 3.194345 2.722108 2.327564 1.991438 1.712284 1.475184 1.276669 1.106309 0.961750 0.839347 0.734070 0.643778 0.564216 0.497318 0.436986 0.384361 0.338606 0.298923 0.263231
2204.539723 2076.049575 1921.844072 1760.194885 1601.256012 1419.065031 1286.311753 1164.765589 1057.212592 981.495258 913.391363 843.525064 760.371456 677.127144 575.756385 483.913078 404.691275 357.901908 326.513221 287.533355 241.086084 198.627761 170.544491 150.048229 126.093472 104.762853 89.924431 75.122498 63.539196 53.607152 44.837401 37.758492 31.756202 26.453440 22.240461 18.694021 15.684220 13.177179 11.091715 9.325762 7.862663 6.642879 5.618700 4.762801 4.049455 3.450158 2.946476 2.525503 2.167209 1.868306 1.613908 1.400440 1.216885 1.060477 0.928009 0.813455 0.715152 0.627817 0.554331 0.487463 0.429297 0.378278 0.333910 0.293935
2312.002459 2177.464349 2015.920483 1846.277494 1679.853619 1488.080084 1349.166569 1221.749178 1108.766184 1029.446657 958.138805 884.764511 797.285494 710.198507 603.939969 507.762525 424.552564 375.597673 342.627630 301.610517 253.073671 208.611071 179.126833 157.523625 132.402238 110.120753 94.560062 79.020019 66.891294 56.456464 47.240990 39.819851 33.519171 27.947210 23.519832 19.794272 16.630144 13.987219 11.792862 9.928787 8.384202 7.096293 6.013739 5.107502 4.351624 3.716561 3.180512 2.732732 2.351120 2.032151 1.759725 1.531168 1.333468 1.165201 1.021799 0.897470 0.790753 0.695348 0.614581 0.541055 0.476715 0.420307 0.370699 0.326246
2021.449021 1892.029709 1741.060702 1584.187072 1432.210373 1261.909806 1136.624300 1022.913230 922.569186 851.072216 787.179565 722.660614 647.514132 573.094520 484.160363 404.297209 336.119503 295.403705 267.737801 234.471500 195.177073 159.626130 136.231056 119.169896 99.390928 81.918442 69.867286 57.928464 48.581759 40.688590 33.743109 28.160068 23.484125 19.380209 16.126913 13.419149 11.118714 9.245045 7.690650 6.382143 5.312436 4.428615 3.690409 3.082144 2.577326 2.161095 1.814419 1.526120 1.285911 1.087544 0.921154 0.782811 0.667016 0.569219 0.488060 0.419253 0.361541 0.312076 0.270147 0.234747 0.204081 0.177744 0.155465 0.135289
1996.262954 1870.278318 1722.999868 1569.467697 1420.358094 1253.063381 1129.836306 1017.932196 919.136093 848.739091 785.861896 722.270795 647.918669 573.963568 485.418580 405.776046 337.717945 297.093056 269.594164 236.337458 196.934101 161.258945 137.738059 120.640673 100.721515 83.110466 70.939428 58.888533 49.440821 41.451079 34.416266 28.754641 24.005095 19.833694 16.524197 13.766914 11.424391 9.509571 7.920041 6.582951 5.487306 4.580042 3.823312 3.197425 2.678855 2.249687 1.892336 1.594852 1.346027 1.140600 0.967995 0.824421 0.703860 0.602045 0.517309 0.445499 0.384906 0.332851 0.288954 0.251458 0.218975 0.191152 0.167413 0.146057
1971.395578 1848.838636 1705.056678 1554.934756 1408.698868 1244.361510 1123.041740 1012.837009 915.662563 846.422799 784.527809 721.793673 648.265218 574.847863 486.715011 407.261544 339.357846 298.811125 271.478737 238.230001 198.757625 162.875501 139.265452 122.123422 102.082808 84.310185 72.033984 59.867061 50.320388 42.226687 35.108909 29.363673 24.539609 20.297546 16.933021 14.125139 11.736903 9.780347 8.156088 6.789849 5.667341 4.736535 3.960732 3.317461 2.784407 2.341880 1.973463 1.666496 1.408962 1.196295 1.017318 0.868279 0.742798 0.636840 0.548217 0.473208 0.409619 0.355003 0.308872 0.269245 0.234822 0.205321 0.180220 0.157451
1946.856124 1827.643239 1687.328589 1540.586794 1397.128446 1235.645841 1116.430377 1007.835866 912.178572 844.092795 783.215365 721.338668 648.655492 575.766958 488.063969 408.755264 340.974553 300.524865 273.335796 240.159946 200.516464 164.505776 140.814629 123.620906 103.484460 85.527587 73.141685 60.863633 51.213370 43.015709 35.803275 29.982110 25.085372 20.772299 17.350396 14.491354 12.058857 10.060173 8.399015 7.002759 5.853868 4.898812 4.102717 3.441482 2.893632 2.437451 2.057660 1.741141 1.474599 1.254442 1.068924 0.914123 0.783717 0.673284 0.580823 0.502382 0.435865 0.378422 0.330012 0.288082 0.251749 0.220413 0.193806 0.169652
1922.627466 1806.688726 1669.719544 1526.305787 1385.694730 1226.949857 1109.697397 1002.808355 908.729671 841.787576 781.901955 720.980078 649.070355 576.643120 489.302475 410.237513 342.617972 302.265151 275.243102 242.094122 202.350003 166.172178 142.392562 125.136989 104.903831 86.768682 74.268931 61.867150 52.123211 43.822859 36.517520 30.616260 25.638393 21.258505 17.777377 14.865734 12.387903 10.346230 8.649549 7.222202 6.045384 5.066161 4.249557 3.570149 3.006810 2.536898 2.145254 1.818990 1.543121 1.315078 1.122922 0.962360 0.826623 0.711631 0.615351 0.533297 0.463596 0.403306 0.352534 0.308095 0.269628 0.236530 0.208128 0.182503
1898.690685 1785.984941 1652.395460 1512.132431 1374.319790 1218.453704 1103.078999 997.889407 905.289904 839.505355 780.569004 720.548710 649.449662 577.553383 490.625277 411.755638 344.236337 303.999101 277.147254 244.031639 204.178999 167.844777 143.971959 126.685755 106.340800 88.020566 75.416509 62.895757 53.047107 44.639949 37.248275 31.264417 26.207800 21.755454 18.218004 15.250420 12.726249 10.641874 8.906881 7.449174 6.242853 5.239836 4.401925 3.703419 3.124509 2.640224 2.236584 1.899898 1.614582 1.378616 1.179419 1.013242 0.871813 0.752161 0.651510 0.565882 0.492970 0.429462 0.376365 0.329330 0.288754 0.253506 0.223450 0.196264
1875.073770 1765.527427 1635.232297 1498.227884 1363.099787 1209.899984 1096.557070 992.927764 901.842159 837.186561 779.288019 720.088130 649.794225 578.475588 491.942088 413.253066 345.900123 305.741940 279.069997 245.984504 206.038610 169.536978 145.572791 128.252399 107.761894 89.296365 76.577591 63.942380 53.986269 45.479350 37.995815 31.925356 26.790679 22.262325 18.665406 15.643955 13.074002 10.943976 9.172156 7.682277 6.447265 5.419425 4.559190 3.841567 3.247128 2.747551 2.331682 1.984330 1.689474 1.445100 1.238709 1.066032 0.919193 0.794756 0.689856 0.600346 0.523735 0.457244 0.401474 0.351903 0.308734 0.271602 0.239569 0.210888
1851.746964 1745.300957 1618.177003 1484.322464 1351.883824 1201.425394 1090.030018 988.067297 898.478064 834.917612 777.940164 719.676954 650.198519 579.421510 493.250749 414.788181 347.564361 307.517399 280.983463 247.968470 207.933209 171.240370 147.193937 129.826588 109.200876 90.590156 77.761976 65.005506 54.946598 46.331052 38.746660 32.600350 27.383783 22.783497 19.125550 16.047713 13.430597 11.256593 9.443992 7.922747 6.658455 5.604253 4.722094 3.984146 3.373691 2.859089 2.430243 2.072177 1.767242 1.514674 1.300721 1.121846 0.969118 0.839670 0.730037 0.636565 0.556440 0.486617 0.428119 0.375581 0.330041 0.290678 0.256699 0.226119
1828.657554 1725.329485 1601.377558 1470.628348 1340.841389 1193.172444 1083.511315 983.121468 895.052201 832.633575 776.692278 719.199036 650.579956 580.307103 494.536415 416.324823 349.229225 309.276187 282.937015 249.970530 209.800509 172.982399 148.826067 131.437082 110.713314 91.890059 78.963616 66.082533 55.916674 47.201750 39.525485 33.287661 27.990381 23.316595 19.597412 16.462854 13.798042 11.576331 9.725435 8.169908 6.875658 5.795367 4.890516 4.132737 3.504964 2.975127 2.532833 2.163997 1.848692 1.586988 1.365534 1.180153 1.021345 0.886729 0.772617 0.674783 0.590827 0.517627 0.456257 0.400708 0.352754 0.310857 0.274729 0.242477
1899.902276 1788.561272 1655.547520 1516.177651 1378.907910 1223.530797 1108.450676 1003.402274 910.962217 845.247989 786.371834 726.294215 655.151130 583.096195 495.465219 416.196704 348.285034 307.797113 280.746574 247.332392 207.129558 170.419754 146.259955 128.775042 108.108944 89.607401 76.868333 64.138071 54.131773 45.594695 38.072594 31.983303 26.841775 22.299957 18.688091 15.661288 13.088225 10.952433 9.176524 7.684706 6.447691 5.417508 4.557414 3.838983 3.243373 2.744169 2.328770 1.981263 1.686465 1.442026 1.236156 1.063661 0.917155 0.792968 0.688114 0.598570 0.521703 0.455792 0.399794 0.350288 0.307456 0.270133 0.238048 0.208906
1897.613549 1786.450171 1653.314350 1514.056207 1376.869060 1221.778741 1106.764736 1001.936579 909.620947 844.008070 785.194693 725.190584 654.194061 582.217031 494.756040 415.539282 347.738842 307.282985 280.271070 246.935795 206.835791 170.149194 146.026240 128.587298 107.914155 89.465197 76.732767 64.038511 54.046085 45.526854 38.016639 31.934366 26.795142 22.263803 18.656487 15.634699 13.064469 10.933942 9.160722 7.671748 6.435843 5.408366 4.549335 3.832321 3.237771 2.739229 2.324734 1.977396 1.683427 1.439468 1.233718 1.061603 0.915173 0.791077 0.686393 0.597258 0.520663 0.454780 0.398959 0.349391 0.306688 0.269487 0.237474 0.208530
1894.019040 1783.057150 1650.234703 1511.210347 1374.444940 1219.471903 1104.735970 1000.071003 907.957762 842.468493 783.831318 723.936845 653.141753 581.280897 494.000022 414.914385 347.199687 306.730260 279.809730 246.586497 206.524607 169.879457 145.791524 128.392873 107.792589 89.329339 76.604913 63.943708 53.959873 45.455605 37.951513 31.881900 26.747902 22.225587 18.627059 15.608172 13.039886 10.913774 9.143239 7.656798 6.423968 5.397334 4.540419 3.824733 3.231216 2.733792 2.319290 1.973293 1.679515 1.436009 1.230703 1.058885 0.913023 0.788972 0.684572 0.595503 0.519321 0.453278 0.397920 0.348479 0.305773 0.268758 0.236906 0.208169
1889.232598 1778.426798 1646.230271 1507.671136 1371.189623 1216.640809 1102.214663 997.741473 905.934005 840.628128 782.142923 722.450362 651.694235 580.015478 492.979289 414.071319 346.457764 306.123048 279.284393 246.102734 206.117587 169.520077 145.493240 128.135825 107.610271 89.154316 76.442630 63.809824 53.847045 45.354219 37.869235 31.813924 26.688810 22.173502 18.582732 15.570309 13.007783 10.885875 9.120481 7.635783 6.405889 5.382527 4.526895 3.812763 3.221302 2.724949 2.311420 1.966418 1.673373 1.430932 1.226064 1.054702 0.909006 0.785646 0.681477 0.592875 0.517044 0.451218 0.395980 0.346830 0.304308 0.267422 0.235963 0.207395
1882.906947 1772.314817 1640.942368 1502.836430 1366.822773 1212.749832 1098.719771 994.587155 903.021596 837.980999 779.680511 720.245567 649.649172 578.243644 491.465537 412.778697 345.328139 305.166104 278.424728 245.335118 205.415204 168.981360 145.042450 127.726908 107.260249 88.873288 76.187584 63.593276 53.672850 45.197665 37.742075 31.701599 26.599736 22.093662 18.515726 15.511344 12.956876 10.841744 9.082606 7.603730 6.378642 5.357907 4.506108 3.795258 3.205744 2.711319 2.299300 1.955795 1.664133 1.422513 1.218704 1.048042 0.903054 0.780357 0.676774 0.588554 0.513323 0.447679 0.393007 0.344075 0.301930 0.265435 0.234110 0.205865
1874.174899 1763.950677 1633.309354 1495.853168 1360.388399 1207.173600 1093.735720 990.000463 898.842550 834.099453 776.117671 716.881671 646.675523 575.485310 489.105082 410.793284 343.723935 303.704910 277.100739 244.166714 204.391625 168.162019 144.342489 127.111352 106.745572 88.432805 75.804838 63.266632 53.405589 44.957427 37.550455 31.535554 26.452137 21.970249 18.412955 15.423893 12.882151 10.778184 9.026523 7.556634 6.338602 5.323023 4.475773 3.768476 3.183008 2.691388 2.281982 1.940438 1.650481 1.410679 1.207946 1.038670 0.894939 0.773011 0.670297 0.582640 0.508029 0.443043 0.388685 0.340381 0.298533 0.262397 0.231364 0.203506
1861.878012 1752.337930 1622.573072 1486.096357 1351.450593 1199.319417 1086.464468 983.452173 892.872418 828.562269 770.978867 712.100772 642.360209 571.620455 485.761176 407.966650 341.425521 301.649142 275.216209 242.490070 202.965199 166.965682 143.342778 126.217434 105.990561 87.805533 75.267395 62.810919 53.016741 44.623037 37.270238 31.298924 26.252336 21.798574 18.267676 15.299228 12.777435 10.688004 8.949670 7.490670 6.281303 5.273824 4.433466 3.732097 3.151388 2.664098 2.257807 1.919281 1.632059 1.394256 1.193592 1.026014 0.883677 0.763014 0.661294 0.574673 0.500933 0.436703 0.383024 0.335162 0.294014 0.258329 0.227676 0.200368
1845.021264 1736.413088 1607.590395 1472.362794 1339.018827 1188.342131 1076.527458 974.457467 884.718803 820.922969 763.868565 705.531032 636.465041 566.384011 481.278575 404.185044 338.202161 298.819704 272.583499 240.218215 201.064404 165.394423 141.972464 125.003182 104.977264 86.967829 74.538008 62.212903 52.484511 44.176462 36.893382 30.983232 25.981075 21.570181 18.073940 15.133324 12.637034 10.567810 8.846722 7.403205 6.205370 5.209095 4.377346 3.683417 3.109591 2.627409 2.225673 1.891232 1.607551 1.372740 1.174734 1.009327 0.868941 0.749862 0.649786 0.564186 0.491653 0.428466 0.375580 0.328547 0.288106 0.253072 0.223084 0.196476
1822.046680 1714.949661 1587.202160 1453.926224 1322.067841 1173.709701 1063.091038 962.404397 873.768145 810.664160 754.290070 696.678078 628.509900 559.267694 475.279617 399.110951 333.965404 295.011006 269.153787 237.231397 198.583513 163.313490 140.148892 123.416616 103.599024 85.855151 73.563113 61.413537 51.786375 43.595134 36.392086 30.564449 25.612702 21.267067 17.815887 14.913032 12.451254 10.408599 8.709314 7.286644 6.106002 5.123213 4.303525 3.619339 3.054581 2.579302 2.183750 1.854552 1.575676 1.344575 1.150011 0.987356 0.849609 0.732641 0.634300 0.550513 0.479532 0.417651 0.365906 0.320031 0.280543 0.246391 0.216979 0.191228
1898.564343 1787.227033 1654.321392 1515.167835 1378.092566 1222.847573 1107.822487 1002.934944 910.482845 844.884524 786.110560 726.083160 655.058573 582.966980 495.488835 416.233542 348.291547 307.616080 280.652228 247.317207 207.083915 170.426657 146.208486 128.783689 108.189041 89.603270 76.829500 64.134096 54.128794 45.590590 38.086505 31.981813 26.841376 22.295058 18.688032 15.659387 13.080948 10.950042 9.174226 7.681080 6.445019 5.415682 4.555257 3.838229 3.242656 2.743328 2.327299 1.979882 1.685797 1.441487 1.235598 1.062902 0.916585 0.792053 0.687383 0.597981 0.521457 0.455838 0.399301 0.350082 0.307217 0.269721 0.237726 0.209045
1895.670587 1784.537055 1651.770882 1512.675785 1375.701999 1220.735874 1105.885972 1001.220181 908.910134 843.433892 784.696977 724.740299 653.747216 581.799112 494.400232 415.342631 347.569793 307.023798 280.068900 246.793137 206.669071 170.059642 145.913500 128.500164 107.914441 89.412488 76.664273 63.998633 54.019556 45.490049 37.998968 31.910766 26.781619 22.241217 18.644211 15.621687 13.049627 10.922499 9.151067 7.661523 6.428060 5.401707 4.542777 3.826952 3.233628 2.735269 2.320534 1.974234 1.680495 1.437114 1.231413 1.059459 0.913257 0.789290 0.684741 0.595781 0.519563 0.453733 0.397799 0.348545 0.305780 0.268701 0.236961 0.208370
1890.860787 1779.918336 1647.541610 1508.882884 1372.198908 1217.670332 1103.039059 998.675927 906.677737 841.300710 782.728347 722.978657 652.155189 580.388280 493.235214 414.296064 346.665399 306.284841 279.444440 246.193780 206.173463 169.608630 145.570092 128.193584 107.652199 89.214912 76.472687 63.838550 53.881932 45.378052 37.896220 31.829979 26.704592 22.183516 18.592506 15.578690 13.013288 10.891970 9.124317 7.639523 6.409654 5.384943 4.529052 3.815027 3.223263 2.726332 2.312768 1.967524 1.674380 1.431630 1.226705 1.055314 0.909644 0.785957 0.681987 0.593206 0.517352 0.451504 0.396168 0.347084 0.304535 0.267640 0.236237 0.207686
1884.205788 1773.547843 1641.996917 1503.760433 1367.684030 1213.624454 1099.481497 995.253855 903.664254 838.525114 780.184812 720.698461 650.097849 578.518601 491.810781 413.018783 345.592483 305.354772 278.599688 245.496700 205.567443 169.078902 145.134810 127.808693 107.350593 88.930299 76.238234 63.635993 53.711413 45.228707 37.767927 31.723110 26.613939 22.107790 18.528907 15.522460 12.967659 10.852012 9.090280 7.610180 6.384245 5.362782 4.510065 3.798501 3.208660 2.714273 2.301878 1.957979 1.665940 1.424171 1.220020 1.049318 0.904241 0.781433 0.677780 0.589413 0.513963 0.448460 0.393583 0.344597 0.302350 0.265736 0.234492 0.206203
1875.342449 1765.126712 1634.369161 1496.835159 1361.358375 1207.915067 1094.359510 990.540118 899.400053 834.564358 776.560652 717.363671 647.069051 575.848924 489.485169 411.073450 343.935011 303.920433 277.306419 244.355255 204.570329 168.272533 144.420615 127.211030 106.823947 88.477197 75.865126 63.311664 53.433993 44.996704 37.573912 31.557781 26.472777 21.990263 18.425379 15.436424 12.893417 10.786540 9.035476 7.563483 6.343496 5.327682 4.479882 3.771907 3.185843 2.693957 2.284263 1.942215 1.652088 1.412275 1.209426 1.040099 0.895883 0.773874 0.670966 0.583437 0.508753 0.443561 0.389323 0.340817 0.298947 0.262650 0.231609 0.203627
1862.563794 1753.139252 1622.932818 1486.371626 1351.646209 1199.434168 1086.562955 983.524655 892.983441 828.606642 771.000164 712.205404 642.399721 571.794960 485.806253 408.001719 341.408285 301.657230 275.234509 242.555970 203.028805 166.982922 143.321218 126.234489 105.971683 87.792242 75.280563 62.817364 53.009277 44.637244 37.270905 31.301510 26.254447 21.802834 18.268603 15.300577 12.778555 10.689782 8.951525 7.490789 6.281700 5.274140 4.433793 3.731813 3.151022 2.663377 2.257519 1.918769 1.631300 1.394096 1.193462 1.025898 0.883274 0.762666 0.660975 0.574566 0.500716 0.436516 0.383146 0.335207 0.294009 0.258207 0.227662 0.200110
1843.075703 1734.846042 1605.686819 1470.603377 1337.221589 1186.749619 1074.969233 973.043412 883.456660 819.754256 762.659820 704.526040 635.516845 565.555992 480.591485 403.518702 337.660594 298.337108 272.199119 239.889905 200.805738 165.123752 141.711542 124.831626 104.726202 86.812211 74.416303 62.116625 52.384110 44.119515 36.832312 30.928178 25.931055 21.537372 18.041009 15.105537 12.612479 10.549082 8.830613 7.388564 6.193531 5.197874 4.368554 3.674865 3.101849 2.620506 2.219992 1.886022 1.602595 1.368512 1.171342 1.006193 0.865857 0.747236 0.647075 0.562173 0.489618 0.426957 0.374429 0.327633 0.287409 0.252433 0.222369 0.195400
1813.240327 1706.783006 1579.609567 1446.678796 1315.628374 1167.645341 1057.694101 957.413385 869.201696 806.480120 750.244124 693.085953 625.340420 556.420162 472.884083 397.078475 332.288456 293.562575 267.791684 236.029195 197.590692 162.487750 139.416754 122.782007 103.001710 85.411353 73.184284 61.103437 51.504581 43.371793 36.193355 30.396597 25.466796 21.153701 17.712372 14.825707 12.378679 10.347861 8.657934 7.242659 6.067855 5.089168 4.275135 3.594602 3.032091 2.559887 2.167537 1.840120 1.562310 1.333041 1.139891 0.978387 0.841325 0.725642 0.627808 0.545028 0.474231 0.413469 0.362277 0.316901 0.277942 0.244004 0.215035 0.189038
1766.683959 1663.036444 1538.904720 1409.554680 1281.794638 1138.003633 1030.743671 932.956938 847.064319 785.803565 731.079500 675.369099 609.548416 542.312459 461.044226 387.165952 323.959651 286.154357 261.016793 230.079169 192.649759 158.386146 135.889928 119.660628 100.432062 83.227419 71.280975 59.528620 50.139245 42.217940 35.213528 29.571295 24.760456 20.560254 17.207325 14.396472 12.016537 10.036108 8.392942 7.016758 5.873694 4.921825 4.131916 3.470345 2.924533 2.466528 2.086147 1.768758 1.500107 1.278389 1.091583 0.935756 0.803453 0.691929 0.597661 0.518075 0.450313 0.392293 0.343236 0.300015 0.262858 0.230740 0.203196 0.178591
1975.107110 1864.295493 1729.982395 1588.821416 1448.835166 1288.372859 1169.658935 1060.486867 963.966201 895.194099 833.428211 770.319355 695.809249 620.492530 528.742968 445.109641 372.660126 329.114446 300.110732 264.791475 222.411688 183.216059 157.086333 138.372682 116.479019 96.618145 82.810558 69.253993 58.495424 49.315287 41.227510 34.666912 29.122241 24.218508 20.327938 17.059200 14.272660 11.965430 10.042755 8.422000 7.080619 5.963785 5.025681 4.243980 3.593596 3.047701 2.593013 2.212502 1.889192 1.620533 1.393210 1.202398 1.039995 0.901700 0.785315 0.685023 0.599526 0.524427 0.460910 0.404653 0.355692 0.312908 0.275911 0.243602
1948.454667 1838.011996 1704.541868 1564.442654 1425.629555 1267.123591 1149.779929 1042.103651 947.004655 879.389791 818.673029 756.641993 683.133571 608.879509 518.529764 436.265850 365.183926 322.561849 294.221179 259.478032 217.768067 179.326266 153.786094 135.475644 113.997843 94.488161 81.006727 67.708809 57.172321 48.192981 40.273163 33.860321 28.432125 23.637791 19.832702 16.636181 13.911533 11.656834 9.779252 8.197112 6.887378 5.797583 4.882434 4.120093 3.486860 2.954998 2.511748 2.141363 1.826635 1.565435 1.344652 1.159481 1.002007 0.867903 0.755021 0.658230 0.575434 0.503058 0.441992 0.387888 0.340680 0.299809 0.264420 0.233034
1921.379415 1810.950952 1678.524430 1539.289089 1401.750544 1245.073428 1129.134730 1022.911689 929.313089 862.740687 803.047570 742.093836 669.767617 596.623282 507.681564 426.866639 357.280068 315.622734 287.923242 253.868126 212.825907 175.202312 150.306945 132.382775 111.311875 92.250901 79.084136 66.064848 55.779006 46.994150 39.265928 32.997935 27.698521 23.020542 19.306940 16.186795 13.530998 11.331171 9.501134 7.959807 6.683778 5.621620 4.731825 3.989462 3.374150 2.857253 2.426702 2.067005 1.761327 1.507834 1.293821 1.114746 0.962030 0.832626 0.723437 0.630173 0.550378 0.480764 0.422145 0.370200 0.325068 0.285826 0.252194 0.222017
1894.572150 1784.043809 1652.421938 1514.094003 1377.526930 1222.744406 1108.105648 1003.348369 911.120228 845.644775 786.972530 727.032089 655.900520 583.917155 496.542441 417.146221 349.052710 308.412828 281.399785 247.992198 207.747001 170.923273 146.683504 129.174406 108.534508 89.910187 77.095033 64.360139 54.331661 45.759600 38.216237 32.106228 26.941014 22.381301 18.761086 15.720744 13.135112 10.995679 9.211983 7.714504 6.473042 5.440528 4.576071 3.855509 3.258121 2.756487 2.338910 1.990238 1.694287 1.448817 1.242075 1.068715 0.921333 0.796451 0.691256 0.601435 0.524839 0.457934 0.401961 0.352184 0.309096 0.271739 0.239651 0.210869
1868.599884 1757.900515 1626.713325 1489.015448 1353.482581 1200.354619 1087.041575 983.614514 892.875413 828.367264 770.622320 711.741409 641.849279 571.003717 485.134225 407.258541 340.679804 301.071580 274.706722 241.979176 202.522493 166.532985 142.973767 125.897999 105.711916 87.540800 75.050417 62.621285 52.844448 44.492974 37.144188 31.195217 26.165049 21.728054 18.206809 15.248269 12.733032 10.652017 8.919485 7.464971 6.259741 5.255803 4.418421 3.719383 3.140204 2.654893 2.250270 1.912823 1.626587 1.389656 1.189593 1.022536 0.880529 0.760256 0.658985 0.572731 0.499093 0.435146 0.381664 0.334109 0.293069 0.257433 0.227009 0.199610
1843.908919 1732.986944 1601.668863 1464.525252 1329.880959 1178.489090 1066.227525 964.158676 874.740346 811.182838 754.409804 696.440399 627.787837 558.066022 473.758866 397.348771 332.295920 293.671247 267.973464 235.976503 197.276139 162.138144 139.248604 122.599735 102.819536 85.145578 73.005059 60.872258 51.352388 43.222725 36.066729 30.278475 25.383977 21.074243 17.647580 14.771748 12.329538 10.308610 8.626921 7.214965 6.045817 5.071768 4.260848 3.583095 3.023078 2.553288 2.161977 1.835839 1.559127 1.330526 1.137732 0.976666 0.839997 0.724527 0.627032 0.544366 0.473725 0.412659 0.361629 0.316312 0.277228 0.243430 0.214698 0.188469
1820.703599 1709.486647 1577.680544 1441.097626 1307.179089 1157.268879 1046.111330 945.249797 857.035516 794.367716 738.510869 681.498360 613.967484 545.260916 462.458878 387.597125 324.023105 286.391722 261.292058 229.978234 192.068418 157.783439 135.541773 119.296066 99.987902 82.778632 70.963951 59.133541 49.871717 41.958078 34.997694 29.367768 24.607055 20.422508 17.095164 14.299621 11.929786 9.968088 8.336303 6.967972 5.834595 4.890560 4.105079 3.449379 2.907583 2.453590 2.075054 1.760040 1.493194 1.272926 1.086955 0.931920 0.800367 0.689492 0.596016 0.516766 0.449130 0.390729 0.342196 0.298946 0.261651 0.229701 0.202462 0.177522
1799.081727 1687.420207 1555.152399 1418.868170 1285.569171 1137.049091 1026.872423 927.149991 840.013003 778.188281 723.136000 666.945387 600.548884 532.948729 451.539324 378.130573 315.913953 279.257742 254.776546 224.104051 186.969450 153.514623 131.913767 116.060811 97.173227 80.443361 68.965691 57.425764 48.419073 40.719895 33.951887 28.478865 23.852373 19.784762 16.551733 13.839342 11.539036 9.635781 8.053874 6.726714 5.628616 4.713595 3.953765 3.318902 2.795235 2.356516 1.990776 1.686747 1.429314 1.216732 1.037894 0.888828 0.762260 0.655824 0.566054 0.490301 0.425347 0.369628 0.323444 0.282303 0.246824 0.216524 0.190747 0.166972
1778.932687 1666.602236 1534.368051 1398.316994 1265.481417 1118.156565 1008.801474 910.097273 824.010851 762.844158 708.542892 653.188681 587.792498 521.094160 441.028615 368.978091 308.155208 272.384258 248.464944 218.452452 182.065503 149.394730 128.384051 112.937724 94.482353 78.177008 67.020495 55.768984 47.008941 39.516682 32.934494 27.612179 23.114507 19.166708 16.027721 13.391905 11.160660 9.314622 7.779300 6.494010 5.429608 4.542951 3.807955 3.193727 2.687290 2.262962 1.909820 1.616248 1.368258 1.163209 0.990966 0.847281 0.725917 0.623836 0.537638 0.465018 0.402721 0.349599 0.305613 0.266341 0.232667 0.203785 0.179496 0.156861
1960.042563 1848.278916 1714.099353 1573.014439 1433.837830 1275.891364 1160.361449 1054.769021 962.037244 896.010867 835.755087 771.857191 694.279873 615.357929 521.774998 439.530506 371.133498 331.308671 302.660063 264.185101 219.722354 182.263289 158.341601 138.775555 115.613850 96.819996 83.146203 69.101092 58.726432 49.367199 41.361286 34.760768 29.239350 24.321821 20.427520 17.150491 14.361568 12.049367 10.120296 8.494986 7.148343 6.024684 5.083090 4.296483 3.643509 3.094124 2.635144 2.250924 1.924832 1.652465 1.422842 1.229375 1.065093 0.925111 0.806597 0.704662 0.617552 0.541133 0.476289 0.418678 0.368403 0.324426 0.286207 0.251813
1943.154547 1831.576270 1697.940203 1557.575700 1419.049671 1261.950666 1146.631452 1041.353147 948.896821 883.125169 823.316004 760.421709 684.429102 607.219197 515.067754 433.575165 365.332206 325.418709 297.283895 260.025369 216.550019 179.255020 155.355520 136.329328 113.767945 95.013476 81.595176 67.863805 57.580929 48.433014 40.543992 34.074236 28.646045 23.822797 19.996660 16.780110 14.044252 11.775854 9.885237 8.292496 6.973031 5.872806 4.951270 4.181973 3.543113 3.006513 2.558014 2.183165 1.864694 1.599351 1.375440 1.187338 1.027484 0.891261 0.776382 0.677591 0.593305 0.519245 0.456706 0.401320 0.352808 0.310739 0.274077 0.241295
1926.543486 1815.224726 1682.235419 1542.463278 1404.613484 1248.229973 1133.318197 1028.345902 936.126219 870.548028 811.187229 749.214709 674.769774 599.154605 508.503181 427.723931 359.687047 319.717273 292.012754 255.940790 213.441300 176.343190 152.442922 133.937049 111.939091 93.279099 80.089535 66.657689 56.481109 47.524610 39.754017 33.409720 28.065856 23.332834 19.578424 16.423601 13.736823 11.512293 9.657299 8.097243 6.804611 5.726383 4.824689 4.072075 3.447304 2.922173 2.484241 2.117894 1.807266 1.548581 1.330619 1.147430 0.991753 0.859412 0.747711 0.652064 0.570189 0.498683 0.438321 0.384711 0.338244 0.297637 0.262669 0.231085
1910.248862 1799.146276 1666.833596 1527.642814 1390.425511 1234.953829 1120.330153 1015.654826 923.611472 858.244441 799.361026 738.310111 665.365904 591.258223 502.087989 422.109631 354.289518 314.215557 286.913144 251.950712 210.413654 173.519220 149.652663 131.598989 110.175553 91.607574 78.622650 65.499310 55.418315 46.644754 38.993633 32.763604 27.509463 22.863058 19.174011 16.075633 13.441310 11.258751 9.438572 7.909348 6.642222 5.586351 4.703256 3.965936 3.355091 2.841862 2.413612 2.055949 1.752407 1.500432 1.287578 1.109385 0.957623 0.829001 0.720488 0.627535 0.548255 0.479024 0.420881 0.369216 0.324193 0.285279 0.251647 0.221363
1894.191093 1783.372607 1651.644896 1513.079390 1376.596023 1221.870669 1107.639555 1003.207466 911.504973 846.326334 787.794873 727.666109 656.118603 583.601663 495.887766 416.624631 348.985047 308.874120 281.902692 248.070271 207.478147 170.852960 146.927782 129.335986 108.489443 89.986316 77.186058 64.371377 54.386256 45.788376 38.256252 32.137375 26.969333 22.407508 18.784015 15.740811 13.155159 11.012686 9.228817 7.728749 6.486146 5.451008 4.586410 3.864828 3.266530 2.764449 2.345742 1.996592 1.699983 1.454372 1.246692 1.072984 0.925370 0.800188 0.694532 0.604425 0.527429 0.460472 0.404306 0.354257 0.310957 0.273364 0.241299 0.212130
1878.420911 1767.913238 1636.693396 1498.810477 1362.970265 1209.195360 1095.235408 991.181280 899.657636 834.651824 776.516109 717.255560 647.118510 576.071209 489.744392 411.271677 343.896783 303.703080 277.032912 244.245620 204.610494 168.244774 144.289348 127.089282 106.819769 88.425238 75.795192 63.279109 53.393395 44.962373 37.542318 31.532682 26.449707 21.967999 18.408646 15.420588 12.879142 10.776648 9.026009 7.554271 6.336331 5.321876 4.474495 3.767622 3.181890 2.690567 2.281196 1.940012 1.649982 1.410095 1.207674 1.038318 0.894557 0.772562 0.669925 0.582524 0.507697 0.442803 0.388624 0.340269 0.298494 0.262271 0.231292 0.203384
1862.927536 1752.752095 1622.029086 1484.909150 1349.681693 1196.662185 1083.142355 979.375552 888.183090 823.339587 765.556771 707.132486 638.331305 568.665195 483.751295 406.088099 338.988342 298.702400 272.303988 240.507362 201.797247 165.731879 141.753543 124.920112 105.192801 86.924760 74.441657 62.231289 52.428301 44.163322 36.849444 30.944560 25.942444 21.543939 18.043823 15.107989 12.613789 10.548298 8.829954 7.386902 6.191933 5.197366 4.366895 3.674339 3.100607 2.619710 2.219143 1.885567 1.602361 1.368214 1.170572 1.005537 0.865169 0.746438 0.646648 0.561538 0.488983 0.426078 0.373568 0.326745 0.286440 0.251657 0.221817 0.194963
1847.664615 1737.876522 1607.601587 1471.198755 1336.594026 1184.579130 1071.353365 967.927193 876.910968 812.301651 754.881367 697.173436 629.730228 561.427474 477.923823 401.059246 334.241958 293.857162 267.674622 236.827128 199.091901 163.319933 139.280474 122.779029 103.637365 85.470479 73.124984 61.201144 51.486460 43.384162 36.179346 30.372585 25.453755 21.132423 17.694020 14.808536 12.355772 10.328154 8.641278 7.225354 6.053136 5.077780 4.263512 3.584394 3.022680 2.551635 2.160005 1.833390 1.556813 1.328086 1.135112 0.973997 0.837248 0.721666 0.624330 0.541777 0.471218 0.410287 0.359334 0.313984 0.275169 0.241527 0.212758 0.187082
1832.723025 1723.277118 1593.425313 1457.824715 1323.840170 1172.671759 1059.852212 956.755678 866.025843 801.538622 744.420364 687.504665 621.294924 554.384946 472.257265 396.158304 329.645922 289.156349 263.179421 233.232733 196.446129 160.987203 136.899019 120.686879 102.138730 84.079592 71.838401 60.220622 50.595182 42.625474 35.530324 29.825271 24.982098 20.732613 17.354471 14.518157 12.108552 10.116235 8.459576 7.069940 5.918746 4.962291 4.163878 3.498987 2.947963 2.486801 2.102934 1.783721 1.513168 1.289777 1.101245 0.944161 0.810536 0.698071 0.603082 0.522772 0.454353 0.395320 0.345781 0.302044 0.264320 0.231771 0.204026 0.179376
1861.379465 1754.972119 1627.571314 1493.311245 1360.049772 1208.473143 1095.790814 992.639143 902.001251 837.465708 779.425121 720.110042 649.608130 577.957031 491.186764 412.232794 344.724225 304.340072 277.423555 244.164218 204.158545 167.680191 143.706458 126.327521 105.874029 87.541729 74.882859 62.341235 52.493130 44.078459 36.713262 30.740116 25.720006 21.295777 17.782417 14.846701 12.350330 10.299940 8.593417 7.162201 5.982731 5.005365 4.188902 3.511798 2.951268 2.484640 2.095542 1.772902 1.500987 1.275773 1.086604 0.928654 0.795700 0.683134 0.589286 0.509163 0.441189 0.383067 0.332731 0.291034 0.253893 0.222006 0.194703 0.169705
1865.569224 1758.390631 1630.258462 1495.174415 1361.362512 1209.300074 1096.382724 993.042723 902.183352 837.553044 779.501501 720.147700 649.660876 578.020382 491.244865 412.368797 344.851354 304.510838 277.606162 244.376475 204.415640 167.932034 143.981964 126.597577 106.137340 87.798199 75.137340 62.587806 52.725569 44.298900 36.913322 30.929285 25.888960 21.451306 17.924772 14.974066 12.468406 10.404576 8.686994 7.246832 6.058964 5.072773 4.249831 3.565705 2.999685 2.527513 2.134347 1.807572 1.531985 1.303193 1.111525 0.951075 0.815707 0.701218 0.605546 0.523996 0.454646 0.395091 0.343958 0.300864 0.262797 0.229955 0.202033 0.176360
1869.781537 1761.810153 1632.771225 1497.109252 1362.729997 1210.148854 1096.915853 993.405761 902.429209 837.682932 779.549253 720.140182 649.634435 578.047257 491.262260 412.432567 344.957417 304.658714 277.802648 244.626790 204.643466 168.195277 144.237398 126.877679 106.437246 88.060133 75.395020 62.832730 52.954258 44.515919 37.116985 31.112981 26.059530 21.604562 18.067406 15.103262 12.586138 10.509570 8.782522 7.332402 6.135472 5.141548 4.310570 3.620092 3.048603 2.571222 2.173270 1.842618 1.562923 1.331494 1.136902 0.974083 0.836404 0.719964 0.622319 0.539262 0.468369 0.407501 0.355486 0.310992 0.271910 0.238398 0.209681 0.183306
1874.037638 1765.197865 1635.454556 1498.972579 1364.013650 1210.973379 1097.472480 993.798826 902.612773 837.793496 779.627224 720.165672 649.660848 578.126340 491.347756 412.569919 345.106977 304.820774 278.008461 244.845543 204.896899 168.429431 144.480379 127.140965 106.685958 88.314500 75.653106 63.069854 53.182132 44.735539 37.317333 31.304819 26.233157 21.761037 18.210096 15.233664 12.704717 10.615792 8.877921 7.419046 6.212514 5.210939 4.372496 3.675821 3.098817 2.615633 2.213460 1.878493 1.594955 1.360476 1.162581 0.997395 0.857452 0.738959 0.639390 0.554789 0.482534 0.420077 0.367295 0.321427 0.281302 0.246820 0.217332 0.190332
1878.248634 1768.603711 1638.067168 1500.794037 1365.330552 1211.882279 1098.073087 994.158272 902.788109 837.891882 779.657620 720.210459 649.649574 578.145751 491.401201 412.639472 345.196421 304.988047 278.175627 245.078456 205.138374 168.699861 144.743141 127.425076 106.999508 88.579847 75.909901 63.320216 53.414450 44.957279 37.518890 31.491988 26.404879 21.918776 18.354498 15.365464 12.824233 10.723772 8.974718 7.506398 6.291639 5.280310 4.436041 3.731986 3.149145 2.660909 2.253996 1.915189 1.627574 1.389676 1.188980 1.021274 0.878949 0.758350 0.657173 0.570588 0.496998 0.433096 0.379391 0.332105 0.291040 0.255492 0.225197 0.197645
1882.485336 1771.977886 1640.647040 1502.672116 1366.652160 1212.658243 1098.601878 994.518842 902.984093 837.973776 779.699531 720.206866 649.685352 578.178024 491.428397 412.780807 345.341991 305.148526 278.398532 245.319767 205.383744 168.955320 145.007939 127.700338 107.268719 88.851438 76.166390 63.565185 53.645874 45.175024 37.719532 31.683388 26.579787 22.075265 18.500472 15.497578 12.944036 10.831805 9.073440 7.595218 6.370696 5.351385 4.499825 3.789515 3.200699 2.706821 2.295478 1.952410 1.660716 1.419545 1.216159 1.045749 0.900913 0.778350 0.674989 0.586979 0.511829 0.446543 0.391699 0.343151 0.300979 0.264544 0.233212 0.205072
1886.710158 1775.350812 1643.272944 1504.484309 1368.016551 1213.481953 1099.251268 994.909176 903.228723 838.057254 779.764583 720.267971 649.684871 578.183770 491.535376 412.873285 345.451654 305.319418 278.597810 245.562001 205.650052 169.200676 145.269791 127.980208 107.550597 89.105955 76.421411 63.816686 53.875980 45.402289 37.927005 31.875973 26.754438 22.235614 18.648238 15.631718 13.066663 10.942215 9.172322 7.684343 6.451323 5.423378 4.564765 3.847591 3.252967 2.753392 2.337542 1.990064 1.694551 1.450018 1.243618 1.070688 0.923441 0.798732 0.693545 0.603830 0.527050 0.460203 0.404463 0.354336 0.311187 0.273753 0.241597 0.212821
1890.922412 1778.720520 1645.861023 1506.455920 1369.314707 1214.367075 1099.786110 995.312805 903.398316 838.128582 779.860858 720.254829 649.700789 578.210370 491.600013 412.958560 345.562139 305.457583 278.808572 245.773037 205.894708 169.457450 145.531529 128.256684 107.791873 89.369645 76.683639 64.062747 54.117632 45.623387 38.133825 32.066985 26.929747 22.397729 18.795622 15.766837 13.190211 11.052544 9.272497 7.775280 6.532507 5.496056 4.630127 3.906042 3.305812 2.801255 2.380346 2.028489 1.729282 1.481427 1.271530 1.096097 0.946446 0.819598 0.712410 0.620882 0.542706 0.474163 0.417495 0.365870 0.321664 0.283242 0.250150 0.220731
1895.120246 1782.068959 1648.439345 1508.283202 1370.708958 1215.196621 1100.400671 995.670987 903.627969 838.244821 779.887463 720.280789 649.709155 578.300633 491.648655 413.025878 345.702239 305.621008 279.002486 246.020495 206.166735 169.704455 145.791114 128.533577 108.101452 89.632390 76.946960 64.311472 54.349444 45.848103 38.340368 32.264342 27.107588 22.559531 18.944858 15.903200 13.315828 11.164483 9.373423 7.866704 6.615080 5.570123 4.696998 3.966140 3.359815 2.849350 2.424063 2.067481 1.764486 1.513249 1.300339 1.122258 0.969996 0.841034 0.731762 0.638478 0.558475 0.488616 0.430735 0.377804 0.332322 0.292838 0.258763 0.228800
1882.849997 1772.237356 1640.747367 1502.731817 1366.765474 1212.736175 1098.678227 994.556590 902.992977 837.987354 779.705851 720.219326 649.626103 578.215764 491.509796 412.779154 345.331184 305.125121 278.403010 245.329910 205.403506 168.977301 145.037502 127.723830 107.236330 88.871422 76.179147 63.591815 53.669711 45.197203 37.743839 31.704827 26.592261 22.092644 18.514361 15.510172 12.956397 10.842916 9.082170 7.602958 6.378543 5.358779 4.505712 3.794914 3.205367 2.711019 2.299020 1.955617 1.664223 1.422742 1.218763 1.048369 0.903338 0.780410 0.676931 0.588912 0.513351 0.447829 0.392833 0.344034 0.301781 0.265327 0.233792 0.205888
1882.854436 1772.263986 1640.771672 1502.867762 1366.864881 1212.732590 1098.673212 994.520641 902.973863 838.002649 779.736357 720.278164 649.619334 578.167402 491.458600 412.770578 345.344739 305.154739 278.426266 245.342540 205.433100 168.973347 145.047809 127.722299 107.273759 88.872197 76.190870 63.591962 53.676937 45.195524 37.742086 31.701058 26.593091 22.092479 18.514055 15.511832 12.956573 10.842068 9.082534 7.603229 6.378254 5.358684 4.505874 3.794954 3.205790 2.711269 2.299391 1.955780 1.664149 1.422609 1.218766 1.048285 0.903299 0.780409 0.676939 0.588706 0.513236 0.447793 0.392862 0.344142 0.301817 0.265290 0.234072 0.205923
1882.890726 1772.307049 1640.966301 1502.917900 1366.787425 1212.744282 1098.749939 994.591249 903.037077 837.983506 779.750587 720.227915 649.677715 578.172832 491.434603 412.766894 345.331252 305.169151 278.408124 245.335381 205.426846 168.981575 145.024626 127.728235 107.279110 88.868488 76.187742 63.594590 53.670548 45.197450 37.747357 31.702122 26.595230 22.092763 18.514862 15.511230 12.956927 10.843123 9.082339 7.603800 6.378268 5.358671 4.506127 3.795014 3.205783 2.711255 2.299479 1.955777 1.663902 1.422673 1.218785 1.048086 0.903158 0.780398 0.676778 0.588590 0.513277 0.447829 0.393020 0.344136 0.301871 0.265347 0.234243 0.205855
1882.896982 1772.342005 1640.987286 1502.949214 1366.794264 1212.738614 1098.744949 994.532891 903.026038 837.981116 779.692049 720.225872 649.705515 578.189653 491.479388 412.750572 345.352739 305.183766 278.414370 245.347226 205.444127 168.977618 145.036962 127.728407 107.279058 88.865655 76.195811 63.591624 53.673063 45.200107 37.744301 31.701012 26.594341 22.091947 18.513933 15.511284 12.956784 10.842952 9.082860 7.603731 6.378708 5.358443 4.506068 3.795099 3.206167 2.711622 2.299728 1.955640 1.663992 1.422408 1.218673 1.047977 0.903115 0.780384 0.676725 0.588561 0.513298 0.447745 0.392985 0.344169 0.302130 0.265479 0.234205 0.205804
1882.924511 1772.348663 1641.062615 1502.957344 1366.849757 1212.829828 1098.727576 994.607279 903.064251 837.935263 779.713155 720.193325 649.709087 578.143583 491.484837 412.787953 345.368333 305.167219 278.470709 245.350306 205.442799 168.965148 145.034616 127.723276 107.271008 88.862226 76.194894 63.590792 53.670605 45.198174 37.745993 31.702433 26.594325 22.091736 18.514490 15.512600 12.957232 10.843152 9.083162 7.604092 6.378997 5.357821 4.506407 3.795230 3.206198 2.711710 2.299880 1.956093 1.664116 1.422524 1.218619 1.047873 0.902953 0.780063 0.676707 0.588559 0.513247 0.447782 0.393011 0.344348 0.302159 0.265596 0.234456 0.206043
1882.899881 1772.346881 1641.116807 1502.956485 1366.833786 1212.845164 1098.852724 994.617087 903.071545 837.929054 779.735173 720.226605 649.738272 578.184742 491.488387 412.752209 345.379680 305.193013 278.456010 245.329241 205.423129 168.960350 145.033254 127.721633 107.293998 88.862015 76.194222 63.589365 53.674558 45.197347 37.741495 31.699461 26.598759 22.091475 18.515400 15.510932 12.957065 10.842360 9.082949 7.604404 6.379566 5.358454 4.506297 3.795236 3.206150 2.711890 2.300185 1.956276 1.663953 1.422448 1.218470 1.047979 0.902932 0.780119 0.676654 0.588391 0.513221 0.447832 0.392999 0.344413 0.302162 0.265754 0.234683 0.206189
1882.891950 1772.357207 1641.078781 1502.927955 1366.783220 1212.943742 1098.895514 994.609410 903.118107 837.900708 779.752499 720.186342 649.791094 578.177758 491.456049 412.776768 345.389558 305.192683 278.485639 245.351911 205.431509 168.955228 145.033117 127.746692 107.291226 88.865403 76.197712 63.586115 53.666065 45.203490 37.747521 31.701009 26.596889 22.092816 18.514640 15.511629 12.957978 10.843652 9.082788 7.603837 6.379186 5.358222 4.506525 3.795582 3.206244 2.712037 2.300515 1.956150 1.664042 1.422393 1.218525 1.047985 0.902702 0.779927 0.676579 0.588269 0.513308 0.447692 0.393086 0.344408 0.302280 0.265831 0.234792 0.206440
1882.818979 1772.334508 1641.136057 1502.931117 1366.849278 1212.923677 1098.902163 994.627024 903.123511 837.895656 779.773926 720.204758 649.803435 578.171798 491.470661 412.815557 345.395310 305.190175 278.498392 245.316398 205.423933 168.982586 145.028460 127.731323 107.292368 88.849642 76.204513 63.591603 53.670276 45.204922 37.743902 31.703032 26.599736 22.092070 18.514617 15.512755 12.957018 10.843098 9.083548 7.604999 6.379548 5.358444 4.506637 3.795554 3.206447 2.712037 2.300565 1.956054 1.664049 1.422460 1.218595 1.047798 0.902606 0.779765 0.676311 0.588137 0.513306 0.447828 0.393076 0.344449 0.302421 0.266095 0.235042 0.206709
1882.790963 1772.311143 1641.109681 1503.067775 1366.872110 1212.899570 1098.944157 994.688876 903.153391 837.894730 779.739827 720.134576 649.765150 578.221994 491.472337 412.799734 345.390096 305.191637 278.514149 245.335438 205.426390 168.975408 145.016749 127.736739 107.285603 88.858383 76.201619 63.591066 53.671749 45.203518 37.747577 31.702838 26.601505 22.092824 18.514091 15.512059 12.958133 10.842710 9.083804 7.605229 6.379948 5.358433 4.506944 3.796096 3.206473 2.712289 2.300593 1.956177 1.663884 1.422310 1.218457 1.047705 0.902546 0.779653 0.676361 0.588141 0.513262 0.447830 0.393149 0.344560 0.302659 0.266357 0.235175 0.207002
