-5.9976085275e-01
-5.7246644082e-01
-5.4517202890e-01
-5.1787761697e-01
-4.9058320505e-01
-4.6328879313e-01
-4.3599438120e-01
-4.0869996928e-01
-3.8140555735e-01
-3.5411114543e-01
-3.2681673350e-01
-2.9952232158e-01
-2.7222790965e-01
-2.4493349773e-01
-2.1763908580e-01
-1.9034467388e-01
-1.6305026196e-01
-1.3575585003e-01
-1.0846143811e-01
-8.1167026182e-02
-5.3872614257e-02
-2.6578202333e-02
7.1620959190e-04
2.8010621516e-02
5.5305033441e-02
8.2599445366e-02
1.0989385729e-01
1.3718826921e-01
1.6448268114e-01
1.9177709306e-01
2.1907150499e-01
2.4636591691e-01
2.7366032884e-01
3.0095474076e-01
3.2824915269e-01
3.5554356461e-01
3.8283797654e-01
4.1013238846e-01
4.3742680038e-01
4.6472121231e-01
4.9201562423e-01
5.1931003616e-01
5.4660444808e-01
5.7389886001e-01
6.0119327193e-01
6.2848768386e-01
6.5578209578e-01
6.8307650771e-01
7.1037091963e-01
7.3766533155e-01
7.6495974348e-01
7.9225415540e-01
8.1954856733e-01
8.4684297925e-01
8.7413739118e-01
9.0143180310e-01
9.2872621503e-01
9.5602062695e-01
9.8331503888e-01
1.0106094508e+00
