# 1. len_slice  2. n_select_slc  3. beams  4. n_optimization_restarts  5. best slices  6. best points  7. loss (variance)  8. time spent (min)
3  5  1  20  [175, 163, 114, 140, 60]  [525, 526, 527, 489, 490, 491, 342, 343, 344, 420, 421, 422, 180, 181, 182]  1.145954e-03 76.29
3  5  4  20  [175, 163, 114, 140, 60]  [525, 526, 527, 489, 490, 491, 342, 343, 344, 420, 421, 422, 180, 181, 182]  1.145954e-03 283.76
0  0  0  0  [152, 64, 139, 11, 96]  [456, 457, 458, 192, 193, 194, 417, 418, 419, 33, 34, 35, 288, 289, 290]  1.150383e-03 0.00
0  0  0  0  [59, 169, 23, 123, 68]  [177, 178, 179, 507, 508, 509, 69, 70, 71, 369, 370, 371, 204, 205, 206]  1.232100e-03 0.00
0  0  0  0  [108, 29, 133, 86, 32]  [324, 325, 326, 87, 88, 89, 399, 400, 401, 258, 259, 260, 96, 97, 98]  1.293999e-03 0.00
3  5  8  20  [179, 142, 132, 67, 100]  [537, 538, 539, 426, 427, 428, 396, 397, 398, 201, 202, 203, 300, 301, 302]  1.087274e-03 557.79
0  0  0  0  [29, 41, 40, 106, 11]  [87, 88, 89, 123, 124, 125, 120, 121, 122, 318, 319, 320, 33, 34, 35]  1.129710e-03 0.00
0  0  0  0  [175, 163, 114, 140, 60]  [525, 526, 527, 489, 490, 491, 342, 343, 344, 420, 421, 422, 180, 181, 182]  1.145954e-03 0.00
0  0  0  0  [152, 64, 139, 11, 96]  [456, 457, 458, 192, 193, 194, 417, 418, 419, 33, 34, 35, 288, 289, 290]  1.150383e-03 0.00
0  0  0  0  [59, 169, 23, 123, 68]  [177, 178, 179, 507, 508, 509, 69, 70, 71, 369, 370, 371, 204, 205, 206]  1.232100e-03 0.00
0  0  0  0  [58, 47, 140, 11, 117]  [174, 175, 176, 141, 142, 143, 420, 421, 422, 33, 34, 35, 351, 352, 353]  1.292104e-03 0.00
0  0  0  0  [108, 29, 133, 86, 32]  [324, 325, 326, 87, 88, 89, 399, 400, 401, 258, 259, 260, 96, 97, 98]  1.293999e-03 0.00
0  0  0  0  [128, 2, 13, 99, 116]  [384, 385, 386, 6, 7, 8, 39, 40, 41, 297, 298, 299, 348, 349, 350]  2.182357e-03 0.00
3  5  16  20  [145, 6, 1, 122, 142]  [435, 436, 437, 18, 19, 20, 3, 4, 5, 366, 367, 368, 426, 427, 428]  1.032485e-03 1119.15
0  0  0  0  [179, 142, 132, 67, 100]  [537, 538, 539, 426, 427, 428, 396, 397, 398, 201, 202, 203, 300, 301, 302]  1.087274e-03 0.00
0  0  0  0  [11, 19, 173, 73, 79]  [33, 34, 35, 57, 58, 59, 519, 520, 521, 219, 220, 221, 237, 238, 239]  1.101326e-03 0.00
0  0  0  0  [32, 135, 106, 21, 86]  [96, 97, 98, 405, 406, 407, 318, 319, 320, 63, 64, 65, 258, 259, 260]  1.104913e-03 0.00
0  0  0  0  [29, 41, 40, 106, 11]  [87, 88, 89, 123, 124, 125, 120, 121, 122, 318, 319, 320, 33, 34, 35]  1.129710e-03 0.00
0  0  0  0  [175, 163, 114, 140, 60]  [525, 526, 527, 489, 490, 491, 342, 343, 344, 420, 421, 422, 180, 181, 182]  1.145954e-03 0.00
0  0  0  0  [152, 64, 139, 11, 96]  [456, 457, 458, 192, 193, 194, 417, 418, 419, 33, 34, 35, 288, 289, 290]  1.150383e-03 0.00
0  0  0  0  [69, 45, 1, 112, 56]  [207, 208, 209, 135, 136, 137, 3, 4, 5, 336, 337, 338, 168, 169, 170]  1.155847e-03 0.00
0  0  0  0  [59, 169, 23, 123, 68]  [177, 178, 179, 507, 508, 509, 69, 70, 71, 369, 370, 371, 204, 205, 206]  1.232100e-03 0.00
0  0  0  0  [58, 47, 140, 11, 117]  [174, 175, 176, 141, 142, 143, 420, 421, 422, 33, 34, 35, 351, 352, 353]  1.292104e-03 0.00
0  0  0  0  [108, 29, 133, 86, 32]  [324, 325, 326, 87, 88, 89, 399, 400, 401, 258, 259, 260, 96, 97, 98]  1.293999e-03 0.00
0  0  0  0  [8, 156, 61, 187, 67]  [24, 25, 26, 468, 469, 470, 183, 184, 185, 561, 562, 563, 201, 202, 203]  1.357938e-03 0.00
0  0  0  0  [43, 133, 132, 134, 181]  [129, 130, 131, 399, 400, 401, 396, 397, 398, 402, 403, 404, 543, 544, 545]  1.461304e-03 0.00
0  0  0  0  [187, 78, 132, 97, 11]  [561, 562, 563, 234, 235, 236, 396, 397, 398, 291, 292, 293, 33, 34, 35]  1.482154e-03 0.00
0  0  0  0  [20, 98, 173, 63, 114]  [60, 61, 62, 294, 295, 296, 519, 520, 521, 189, 190, 191, 342, 343, 344]  1.615231e-03 0.00
0  0  0  0  [128, 2, 13, 99, 116]  [384, 385, 386, 6, 7, 8, 39, 40, 41, 297, 298, 299, 348, 349, 350]  2.182357e-03 0.00
3  5  24  20  [19, 112, 114, 1, 108]  [57, 58, 59, 336, 337, 338, 342, 343, 344, 3, 4, 5, 324, 325, 326]  1.011302e-03 1659.90
0  0  0  0  [174, 65, 9, 35, 55]  [522, 523, 524, 195, 196, 197, 27, 28, 29, 105, 106, 107, 165, 166, 167]  1.015866e-03 0.00
0  0  0  0  [145, 6, 1, 122, 142]  [435, 436, 437, 18, 19, 20, 3, 4, 5, 366, 367, 368, 426, 427, 428]  1.032485e-03 0.00
0  0  0  0  [179, 142, 132, 67, 100]  [537, 538, 539, 426, 427, 428, 396, 397, 398, 201, 202, 203, 300, 301, 302]  1.087274e-03 0.00
0  0  0  0  [11, 19, 173, 73, 79]  [33, 34, 35, 57, 58, 59, 519, 520, 521, 219, 220, 221, 237, 238, 239]  1.101326e-03 0.00
0  0  0  0  [161, 56, 130, 11, 149]  [483, 484, 485, 168, 169, 170, 390, 391, 392, 33, 34, 35, 447, 448, 449]  1.103093e-03 0.00
0  0  0  0  [32, 135, 106, 21, 86]  [96, 97, 98, 405, 406, 407, 318, 319, 320, 63, 64, 65, 258, 259, 260]  1.104913e-03 0.00
0  0  0  0  [29, 41, 40, 106, 11]  [87, 88, 89, 123, 124, 125, 120, 121, 122, 318, 319, 320, 33, 34, 35]  1.129710e-03 0.00
0  0  0  0  [175, 163, 114, 140, 60]  [525, 526, 527, 489, 490, 491, 342, 343, 344, 420, 421, 422, 180, 181, 182]  1.145954e-03 0.00
0  0  0  0  [152, 64, 139, 11, 96]  [456, 457, 458, 192, 193, 194, 417, 418, 419, 33, 34, 35, 288, 289, 290]  1.150383e-03 0.00
0  0  0  0  [69, 45, 1, 112, 56]  [207, 208, 209, 135, 136, 137, 3, 4, 5, 336, 337, 338, 168, 169, 170]  1.155847e-03 0.00
0  0  0  0  [59, 169, 23, 123, 68]  [177, 178, 179, 507, 508, 509, 69, 70, 71, 369, 370, 371, 204, 205, 206]  1.232100e-03 0.00
0  0  0  0  [24, 56, 164, 64, 158]  [72, 73, 74, 168, 169, 170, 492, 493, 494, 192, 193, 194, 474, 475, 476]  1.253891e-03 0.00
0  0  0  0  [58, 47, 140, 11, 117]  [174, 175, 176, 141, 142, 143, 420, 421, 422, 33, 34, 35, 351, 352, 353]  1.292104e-03 0.00
0  0  0  0  [108, 29, 133, 86, 32]  [324, 325, 326, 87, 88, 89, 399, 400, 401, 258, 259, 260, 96, 97, 98]  1.293999e-03 0.00
0  0  0  0  [8, 156, 61, 187, 67]  [24, 25, 26, 468, 469, 470, 183, 184, 185, 561, 562, 563, 201, 202, 203]  1.357938e-03 0.00
0  0  0  0  [25, 88, 185, 47, 1]  [75, 76, 77, 264, 265, 266, 555, 556, 557, 141, 142, 143, 3, 4, 5]  1.403877e-03 0.00
0  0  0  0  [146, 125, 17, 185, 122]  [438, 439, 440, 375, 376, 377, 51, 52, 53, 555, 556, 557, 366, 367, 368]  1.459139e-03 0.00
0  0  0  0  [43, 133, 132, 134, 181]  [129, 130, 131, 399, 400, 401, 396, 397, 398, 402, 403, 404, 543, 544, 545]  1.461304e-03 0.00
0  0  0  0  [187, 78, 132, 97, 11]  [561, 562, 563, 234, 235, 236, 396, 397, 398, 291, 292, 293, 33, 34, 35]  1.482154e-03 0.00
0  0  0  0  [99, 13, 100, 173, 64]  [297, 298, 299, 39, 40, 41, 300, 301, 302, 519, 520, 521, 192, 193, 194]  1.593850e-03 0.00
0  0  0  0  [20, 98, 173, 63, 114]  [60, 61, 62, 294, 295, 296, 519, 520, 521, 189, 190, 191, 342, 343, 344]  1.615231e-03 0.00
0  0  0  0  [3, 156, 13, 59, 153]  [9, 10, 11, 468, 469, 470, 39, 40, 41, 177, 178, 179, 459, 460, 461]  1.829842e-03 0.00
0  0  0  0  [128, 2, 13, 99, 116]  [384, 385, 386, 6, 7, 8, 39, 40, 41, 297, 298, 299, 348, 349, 350]  2.182357e-03 0.00
3  5  32  20  [68, 65, 112, 56, 48]  [204, 205, 206, 195, 196, 197, 336, 337, 338, 168, 169, 170, 144, 145, 146]  9.818681e-04 2193.63
0  0  0  0  [19, 112, 114, 1, 108]  [57, 58, 59, 336, 337, 338, 342, 343, 344, 3, 4, 5, 324, 325, 326]  1.011302e-03 0.00
0  0  0  0  [174, 65, 9, 35, 55]  [522, 523, 524, 195, 196, 197, 27, 28, 29, 105, 106, 107, 165, 166, 167]  1.015866e-03 0.00
0  0  0  0  [145, 6, 1, 122, 142]  [435, 436, 437, 18, 19, 20, 3, 4, 5, 366, 367, 368, 426, 427, 428]  1.032485e-03 0.00
0  0  0  0  [48, 52, 67, 73, 163]  [144, 145, 146, 156, 157, 158, 201, 202, 203, 219, 220, 221, 489, 490, 491]  1.067960e-03 0.00
0  0  0  0  [100, 56, 175, 184, 60]  [300, 301, 302, 168, 169, 170, 525, 526, 527, 552, 553, 554, 180, 181, 182]  1.073149e-03 0.00
0  0  0  0  [54, 169, 73, 65, 14]  [162, 163, 164, 507, 508, 509, 219, 220, 221, 195, 196, 197, 42, 43, 44]  1.082118e-03 0.00
0  0  0  0  [179, 142, 132, 67, 100]  [537, 538, 539, 426, 427, 428, 396, 397, 398, 201, 202, 203, 300, 301, 302]  1.087274e-03 0.00
0  0  0  0  [11, 19, 173, 73, 79]  [33, 34, 35, 57, 58, 59, 519, 520, 521, 219, 220, 221, 237, 238, 239]  1.101326e-03 0.00
0  0  0  0  [161, 56, 130, 11, 149]  [483, 484, 485, 168, 169, 170, 390, 391, 392, 33, 34, 35, 447, 448, 449]  1.103093e-03 0.00
0  0  0  0  [32, 135, 106, 21, 86]  [96, 97, 98, 405, 406, 407, 318, 319, 320, 63, 64, 65, 258, 259, 260]  1.104913e-03 0.00
0  0  0  0  [29, 41, 40, 106, 11]  [87, 88, 89, 123, 124, 125, 120, 121, 122, 318, 319, 320, 33, 34, 35]  1.129710e-03 0.00
0  0  0  0  [175, 163, 114, 140, 60]  [525, 526, 527, 489, 490, 491, 342, 343, 344, 420, 421, 422, 180, 181, 182]  1.145954e-03 0.00
0  0  0  0  [79, 158, 84, 77, 101]  [237, 238, 239, 474, 475, 476, 252, 253, 254, 231, 232, 233, 303, 304, 305]  1.147892e-03 0.00
0  0  0  0  [133, 53, 51, 86, 20]  [399, 400, 401, 159, 160, 161, 153, 154, 155, 258, 259, 260, 60, 61, 62]  1.147994e-03 0.00
0  0  0  0  [152, 64, 139, 11, 96]  [456, 457, 458, 192, 193, 194, 417, 418, 419, 33, 34, 35, 288, 289, 290]  1.150383e-03 0.00
0  0  0  0  [69, 45, 1, 112, 56]  [207, 208, 209, 135, 136, 137, 3, 4, 5, 336, 337, 338, 168, 169, 170]  1.155847e-03 0.00
0  0  0  0  [9, 132, 4, 127, 163]  [27, 28, 29, 396, 397, 398, 12, 13, 14, 381, 382, 383, 489, 490, 491]  1.217917e-03 0.00
0  0  0  0  [59, 169, 23, 123, 68]  [177, 178, 179, 507, 508, 509, 69, 70, 71, 369, 370, 371, 204, 205, 206]  1.232100e-03 0.00
0  0  0  0  [24, 56, 164, 64, 158]  [72, 73, 74, 168, 169, 170, 492, 493, 494, 192, 193, 194, 474, 475, 476]  1.253891e-03 0.00
0  0  0  0  [58, 47, 140, 11, 117]  [174, 175, 176, 141, 142, 143, 420, 421, 422, 33, 34, 35, 351, 352, 353]  1.292104e-03 0.00
0  0  0  0  [108, 29, 133, 86, 32]  [324, 325, 326, 87, 88, 89, 399, 400, 401, 258, 259, 260, 96, 97, 98]  1.293999e-03 0.00
0  0  0  0  [153, 51, 180, 17, 168]  [459, 460, 461, 153, 154, 155, 540, 541, 542, 51, 52, 53, 504, 505, 506]  1.310910e-03 0.00
0  0  0  0  [8, 156, 61, 187, 67]  [24, 25, 26, 468, 469, 470, 183, 184, 185, 561, 562, 563, 201, 202, 203]  1.357938e-03 0.00
0  0  0  0  [25, 88, 185, 47, 1]  [75, 76, 77, 264, 265, 266, 555, 556, 557, 141, 142, 143, 3, 4, 5]  1.403877e-03 0.00
0  0  0  0  [146, 125, 17, 185, 122]  [438, 439, 440, 375, 376, 377, 51, 52, 53, 555, 556, 557, 366, 367, 368]  1.459139e-03 0.00
0  0  0  0  [43, 133, 132, 134, 181]  [129, 130, 131, 399, 400, 401, 396, 397, 398, 402, 403, 404, 543, 544, 545]  1.461304e-03 0.00
0  0  0  0  [187, 78, 132, 97, 11]  [561, 562, 563, 234, 235, 236, 396, 397, 398, 291, 292, 293, 33, 34, 35]  1.482154e-03 0.00
0  0  0  0  [99, 13, 100, 173, 64]  [297, 298, 299, 39, 40, 41, 300, 301, 302, 519, 520, 521, 192, 193, 194]  1.593850e-03 0.00
0  0  0  0  [20, 98, 173, 63, 114]  [60, 61, 62, 294, 295, 296, 519, 520, 521, 189, 190, 191, 342, 343, 344]  1.615231e-03 0.00
0  0  0  0  [3, 156, 13, 59, 153]  [9, 10, 11, 468, 469, 470, 39, 40, 41, 177, 178, 179, 459, 460, 461]  1.829842e-03 0.00
0  0  0  0  [128, 2, 13, 99, 116]  [384, 385, 386, 6, 7, 8, 39, 40, 41, 297, 298, 299, 348, 349, 350]  2.182357e-03 0.00
3  5  40  20  [68, 65, 112, 56, 48]  [204, 205, 206, 195, 196, 197, 336, 337, 338, 168, 169, 170, 144, 145, 146]  9.818681e-04 2839.04
0  0  0  0  [19, 112, 114, 1, 108]  [57, 58, 59, 336, 337, 338, 342, 343, 344, 3, 4, 5, 324, 325, 326]  1.011302e-03 0.00
0  0  0  0  [174, 65, 9, 35, 55]  [522, 523, 524, 195, 196, 197, 27, 28, 29, 105, 106, 107, 165, 166, 167]  1.015866e-03 0.00
0  0  0  0  [145, 6, 1, 122, 142]  [435, 436, 437, 18, 19, 20, 3, 4, 5, 366, 367, 368, 426, 427, 428]  1.032485e-03 0.00
0  0  0  0  [48, 52, 67, 73, 163]  [144, 145, 146, 156, 157, 158, 201, 202, 203, 219, 220, 221, 489, 490, 491]  1.067960e-03 0.00
0  0  0  0  [100, 56, 175, 184, 60]  [300, 301, 302, 168, 169, 170, 525, 526, 527, 552, 553, 554, 180, 181, 182]  1.073149e-03 0.00
0  0  0  0  [54, 169, 73, 65, 14]  [162, 163, 164, 507, 508, 509, 219, 220, 221, 195, 196, 197, 42, 43, 44]  1.082118e-03 0.00
0  0  0  0  [179, 142, 132, 67, 100]  [537, 538, 539, 426, 427, 428, 396, 397, 398, 201, 202, 203, 300, 301, 302]  1.087274e-03 0.00
0  0  0  0  [11, 19, 173, 73, 79]  [33, 34, 35, 57, 58, 59, 519, 520, 521, 219, 220, 221, 237, 238, 239]  1.101326e-03 0.00
0  0  0  0  [161, 56, 130, 11, 149]  [483, 484, 485, 168, 169, 170, 390, 391, 392, 33, 34, 35, 447, 448, 449]  1.103093e-03 0.00
0  0  0  0  [32, 135, 106, 21, 86]  [96, 97, 98, 405, 406, 407, 318, 319, 320, 63, 64, 65, 258, 259, 260]  1.104913e-03 0.00
0  0  0  0  [29, 41, 40, 106, 11]  [87, 88, 89, 123, 124, 125, 120, 121, 122, 318, 319, 320, 33, 34, 35]  1.129710e-03 0.00
0  0  0  0  [175, 163, 114, 140, 60]  [525, 526, 527, 489, 490, 491, 342, 343, 344, 420, 421, 422, 180, 181, 182]  1.145954e-03 0.00
0  0  0  0  [79, 158, 84, 77, 101]  [237, 238, 239, 474, 475, 476, 252, 253, 254, 231, 232, 233, 303, 304, 305]  1.147892e-03 0.00
0  0  0  0  [133, 53, 51, 86, 20]  [399, 400, 401, 159, 160, 161, 153, 154, 155, 258, 259, 260, 60, 61, 62]  1.147994e-03 0.00
0  0  0  0  [152, 64, 139, 11, 96]  [456, 457, 458, 192, 193, 194, 417, 418, 419, 33, 34, 35, 288, 289, 290]  1.150383e-03 0.00
0  0  0  0  [69, 45, 1, 112, 56]  [207, 208, 209, 135, 136, 137, 3, 4, 5, 336, 337, 338, 168, 169, 170]  1.155847e-03 0.00
0  0  0  0  [183, 27, 76, 18, 77]  [549, 550, 551, 81, 82, 83, 228, 229, 230, 54, 55, 56, 231, 232, 233]  1.172918e-03 0.00
0  0  0  0  [34, 185, 19, 127, 87]  [102, 103, 104, 555, 556, 557, 57, 58, 59, 381, 382, 383, 261, 262, 263]  1.180458e-03 0.00
0  0  0  0  [9, 132, 4, 127, 163]  [27, 28, 29, 396, 397, 398, 12, 13, 14, 381, 382, 383, 489, 490, 491]  1.217917e-03 0.00
0  0  0  0  [59, 169, 23, 123, 68]  [177, 178, 179, 507, 508, 509, 69, 70, 71, 369, 370, 371, 204, 205, 206]  1.232100e-03 0.00
0  0  0  0  [81, 42, 100, 99, 41]  [243, 244, 245, 126, 127, 128, 300, 301, 302, 297, 298, 299, 123, 124, 125]  1.234027e-03 0.00
0  0  0  0  [24, 56, 164, 64, 158]  [72, 73, 74, 168, 169, 170, 492, 493, 494, 192, 193, 194, 474, 475, 476]  1.253891e-03 0.00
0  0  0  0  [57, 181, 19, 60, 23]  [171, 172, 173, 543, 544, 545, 57, 58, 59, 180, 181, 182, 69, 70, 71]  1.268532e-03 0.00
0  0  0  0  [58, 47, 140, 11, 117]  [174, 175, 176, 141, 142, 143, 420, 421, 422, 33, 34, 35, 351, 352, 353]  1.292104e-03 0.00
0  0  0  0  [108, 29, 133, 86, 32]  [324, 325, 326, 87, 88, 89, 399, 400, 401, 258, 259, 260, 96, 97, 98]  1.293999e-03 0.00
0  0  0  0  [153, 51, 180, 17, 168]  [459, 460, 461, 153, 154, 155, 540, 541, 542, 51, 52, 53, 504, 505, 506]  1.310910e-03 0.00
0  0  0  0  [35, 169, 76, 4, 74]  [105, 106, 107, 507, 508, 509, 228, 229, 230, 12, 13, 14, 222, 223, 224]  1.315586e-03 0.00
0  0  0  0  [8, 156, 61, 187, 67]  [24, 25, 26, 468, 469, 470, 183, 184, 185, 561, 562, 563, 201, 202, 203]  1.357938e-03 0.00
0  0  0  0  [136, 76, 16, 34, 168]  [408, 409, 410, 228, 229, 230, 48, 49, 50, 102, 103, 104, 504, 505, 506]  1.368985e-03 0.00
0  0  0  0  [25, 88, 185, 47, 1]  [75, 76, 77, 264, 265, 266, 555, 556, 557, 141, 142, 143, 3, 4, 5]  1.403877e-03 0.00
0  0  0  0  [146, 125, 17, 185, 122]  [438, 439, 440, 375, 376, 377, 51, 52, 53, 555, 556, 557, 366, 367, 368]  1.459139e-03 0.00
0  0  0  0  [43, 133, 132, 134, 181]  [129, 130, 131, 399, 400, 401, 396, 397, 398, 402, 403, 404, 543, 544, 545]  1.461304e-03 0.00
0  0  0  0  [41, 56, 24, 163, 114]  [123, 124, 125, 168, 169, 170, 72, 73, 74, 489, 490, 491, 342, 343, 344]  1.473449e-03 0.00
0  0  0  0  [187, 78, 132, 97, 11]  [561, 562, 563, 234, 235, 236, 396, 397, 398, 291, 292, 293, 33, 34, 35]  1.482154e-03 0.00
0  0  0  0  [99, 13, 100, 173, 64]  [297, 298, 299, 39, 40, 41, 300, 301, 302, 519, 520, 521, 192, 193, 194]  1.593850e-03 0.00
0  0  0  0  [20, 98, 173, 63, 114]  [60, 61, 62, 294, 295, 296, 519, 520, 521, 189, 190, 191, 342, 343, 344]  1.615231e-03 0.00
0  0  0  0  [33, 83, 78, 182, 41]  [99, 100, 101, 249, 250, 251, 234, 235, 236, 546, 547, 548, 123, 124, 125]  1.717248e-03 0.00
0  0  0  0  [3, 156, 13, 59, 153]  [9, 10, 11, 468, 469, 470, 39, 40, 41, 177, 178, 179, 459, 460, 461]  1.829842e-03 0.00
0  0  0  0  [128, 2, 13, 99, 116]  [384, 385, 386, 6, 7, 8, 39, 40, 41, 297, 298, 299, 348, 349, 350]  2.182357e-03 0.00
