# 1. n_LF  2. n_HF  3. error  4. n_optimization_restarts 5. time spent (min)
3  15  3.623803e-01  20  21.88
3  24  1.170779e-01  20  23.15
3  12  3.036437e-01  20  24.20
3  27  5.184285e-02  20  24.36
6  9  6.016924e-01  20  24.88
3  18  2.324144e-01  20  25.96
9  9  9.752883e-01  20  26.14
3  3  1.755312e+00  20  26.16
6  6  2.032427e+00  20  26.34
3  9  6.785989e-01  20  26.59
6  18  1.378952e-01  20  27.23
12  9  7.428238e-01  20  27.30
12  12  3.327379e-01  20  27.35
3  6  6.403592e-01  20  27.66
15  15  3.654220e-01  20  27.75
9  6  6.956244e-01  20  27.93
15  9  3.251290e-01  20  28.02
18  6  5.302648e-01  20  28.03
36  9  1.918073e-01  20  28.05
27  9  2.771964e-01  20  28.11
24  9  3.278938e-01  20  28.15
3  21  9.493094e-02  20  28.42
15  6  6.127732e-01  20  28.42
24  12  1.625639e-01  20  28.78
42  12  6.223900e-02  20  28.78
45  12  3.023995e-01  20  28.79
48  9  2.072685e-01  20  28.81
21  15  5.783479e-01  20  28.89
18  12  5.307512e-01  20  28.90
36  12  2.503741e-01  20  28.96
39  18  6.394697e-02  20  28.97
18  9  4.103388e-01  20  29.12
6  3  1.398802e+00  20  29.13
6  24  6.377613e-02  20  29.18
24  15  1.186109e-01  20  29.20
15  12  4.483939e-01  20  29.24
21  9  1.920008e-01  20  29.38
27  12  1.880300e-01  20  29.42
51  9  1.079363e-01  20  29.44
33  9  1.799697e-01  20  29.48
30  6  2.061761e-01  20  29.50
6  12  4.983570e-01  20  29.55
15  3  8.997383e-01  20  29.56
30  12  4.147112e-01  20  29.58
12  6  5.354162e-01  20  29.64
36  15  1.812653e-01  20  29.65
12  3  5.856481e-01  20  29.67
33  18  7.564270e-02  20  29.69
30  18  5.230187e-02  20  29.69
27  15  1.504335e-01  20  29.72
21  12  5.445384e-01  20  29.78
48  12  1.528811e-01  20  29.84
39  12  1.372705e-01  20  29.86
42  9  2.717958e-01  20  29.88
36  18  2.313655e-01  20  29.95
57  15  9.341404e-02  20  29.96
33  15  1.950647e-01  20  29.97
21  21  9.529408e-02  20  29.97
33  12  2.725430e-01  20  29.98
9  3  7.766323e-01  20  30.02
48  18  1.087132e-01  20  30.02
9  12  3.645920e-01  20  30.03
18  18  2.003192e-01  20  30.04
42  15  1.275243e-01  20  30.15
27  6  1.307146e-01  20  30.16
24  18  1.429355e-01  20  30.27
21  6  4.003792e-01  20  30.27
54  9  1.043973e-01  20  30.29
27  18  1.354281e-01  20  30.33
51  12  1.074933e-01  20  30.34
60  9  1.431264e-01  20  30.35
57  9  1.960318e-01  20  30.38
39  6  2.694357e-01  20  30.49
21  3  4.249101e-01  20  30.52
24  6  3.543425e-01  20  30.54
21  18  2.724681e-01  20  30.64
36  21  7.326114e-02  20  30.64
30  21  7.166476e-02  20  30.69
51  15  6.095744e-02  20  30.70
42  6  1.786823e-01  20  30.74
39  9  1.692801e-01  20  30.80
30  9  1.885096e-01  20  30.82
9  18  2.235953e-01  20  30.88
63  6  2.197963e-01  20  30.89
33  6  2.710564e-01  20  30.92
57  12  1.603510e-01  20  30.97
54  15  5.115263e-02  20  31.08
45  15  5.817926e-02  20  31.11
48  21  1.296673e-02  20  31.12
60  15  6.524680e-02  20  31.18
48  15  8.672511e-02  20  31.18
9  15  3.058484e-01  20  31.19
27  24  3.393653e-02  20  31.20
66  15  1.117210e-01  20  31.24
18  15  2.292672e-01  20  31.28
48  6  1.075247e-01  20  31.30
39  15  5.530093e-02  20  31.31
42  27  4.031308e-03  20  31.36
51  6  8.954801e-02  20  31.46
39  24  3.213003e-02  20  31.50
45  24  3.064291e-02  20  31.51
30  27  4.014374e-03  20  31.56
54  12  1.095332e-01  20  31.56
54  27  3.965480e-03  20  31.60
30  15  1.758649e-01  20  31.61
60  12  9.038245e-02  20  31.61
54  24  1.172143e-02  20  31.69
42  18  7.671694e-02  20  31.72
75  9  1.420083e-01  20  31.75
27  3  4.299706e-01  20  31.88
9  27  6.840285e-02  20  31.89
42  21  4.045313e-02  20  31.90
30  24  4.486350e-02  20  31.92
69  15  8.031511e-02  20  31.93
6  27  7.405033e-02  20  31.97
51  27  3.977703e-03  20  31.97
45  6  2.135857e-01  20  31.98
18  3  3.620079e-01  20  32.00
24  24  6.729814e-02  20  32.02
27  27  1.422397e-02  20  32.08
66  9  1.011707e-01  20  32.10
45  3  1.529323e-01  20  32.14
51  18  1.563031e-01  20  32.16
54  18  8.102084e-02  20  32.17
45  18  7.657761e-02  20  32.17
63  15  1.041286e-01  20  32.19
72  9  7.350632e-02  20  32.31
45  9  2.208611e-01  20  32.31
33  27  5.379528e-03  20  32.32
39  21  7.115424e-02  20  32.36
63  9  1.579812e-01  20  32.39
45  21  3.880058e-02  20  32.43
63  12  4.782679e-02  20  32.43
36  3  4.102270e-01  20  32.48
78  9  1.182557e-01  20  32.57
60  6  1.058046e-01  20  32.58
60  18  5.431416e-02  20  32.59
36  6  2.776532e-01  20  32.62
72  18  6.504164e-02  20  32.65
36  27  5.453788e-03  20  32.71
69  12  9.520324e-02  20  32.72
66  18  3.866401e-02  20  32.75
78  12  6.980092e-02  20  32.76
60  24  1.576349e-02  20  32.84
69  9  1.021194e-01  20  32.85
72  21  3.340850e-02  20  32.87
33  21  8.708322e-02  20  32.89
24  3  4.997578e-01  20  32.91
81  12  4.037566e-02  20  32.92
57  24  1.622101e-02  20  32.92
57  18  5.277748e-02  20  32.98
6  15  3.837505e-01  20  33.05
27  21  9.586439e-02  20  33.08
6  21  1.009725e-01  20  33.08
24  21  1.262500e-01  20  33.09
33  3  2.451277e-01  20  33.12
57  3  1.582692e-01  20  33.16
9  21  1.314239e-01  20  33.18
9  24  6.997061e-02  20  33.23
75  15  1.094446e-01  20  33.34
30  3  2.505556e-01  20  33.39
36  24  3.965385e-02  20  33.44
54  3  1.569860e-01  20  33.45
63  24  1.830454e-02  20  33.52
63  21  3.214900e-02  20  33.54
54  6  1.479317e-01  20  33.59
42  3  3.709433e-01  20  33.63
75  18  5.348519e-02  20  33.64
78  15  5.877850e-02  20  33.71
66  12  1.253558e-01  20  33.78
48  24  1.768558e-02  20  33.82
69  21  4.160409e-02  20  33.84
63  18  1.092862e-01  20  33.86
57  21  5.009330e-02  20  33.87
66  6  9.824595e-02  20  33.87
84  9  9.275011e-02  20  33.87
81  9  8.365213e-02  20  33.88
57  6  1.620749e-01  20  33.88
69  24  9.442124e-03  20  33.89
72  15  4.737393e-02  20  33.89
75  12  1.191337e-01  20  33.90
69  18  5.740604e-02  20  33.95
48  3  1.948044e-01  20  33.95
63  3  2.263110e-01  20  33.97
33  24  2.706514e-02  20  33.98
81  21  6.869496e-03  20  33.99
12  27  7.551246e-02  20  34.01
72  12  1.113832e-01  20  34.03
60  3  1.603354e-01  20  34.13
18  27  3.704230e-02  20  34.18
69  3  1.172235e-01  20  34.27
69  6  1.301394e-01  20  34.29
45  27  1.324142e-02  20  34.35
18  21  1.367226e-01  20  34.41
78  18  5.652686e-02  20  34.42
39  3  2.514967e-01  20  34.45
42  24  5.437345e-02  20  34.49
60  27  3.668344e-03  20  34.61
72  6  1.594796e-01  20  34.65
66  24  4.692563e-03  20  34.69
51  3  2.336611e-01  20  34.69
72  24  1.838097e-02  20  34.74
84  12  3.376509e-02  20  34.75
60  21  3.726177e-02  20  34.87
12  24  1.092830e-01  20  34.94
63  27  9.991773e-03  20  35.01
66  21  4.325447e-02  20  35.03
12  15  5.635420e-01  20  35.12
75  24  2.031053e-02  20  35.21
90  9  7.401124e-02  20  34.31
57  27  3.982437e-03  20  35.28
81  15  8.563221e-02  20  35.28
84  18  3.087849e-02  20  35.28
15  18  4.019873e-01  20  35.32
51  24  6.577460e-02  20  35.47
66  27  3.510372e-03  20  35.49
87  12  7.439005e-02  20  34.58
90  24  2.360743e-02  20  34.79
15  24  9.117285e-02  20  35.73
102  6  7.959788e-02  20  34.97
84  3  1.014950e-01  20  36.00
81  18  3.755253e-02  20  36.02
84  15  5.672678e-02  20  36.02
75  3  2.489030e-01  20  36.16
84  21  2.721207e-02  20  36.17
78  3  1.276792e-01  20  36.17
39  27  3.979856e-02  20  36.20
69  27  3.138849e-02  20  36.22
75  6  1.251648e-01  20  36.26
78  27  4.092352e-03  20  36.27
84  6  1.095378e-01  20  36.33
15  27  3.330380e-02  20  36.34
75  21  2.547544e-02  20  36.47
87  24  4.900610e-03  20  35.53
87  6  1.047467e-01  20  35.55
78  21  2.542615e-02  20  36.49
93  12  8.032340e-02  20  35.56
81  27  3.882944e-03  20  36.51
96  12  9.124026e-02  20  35.67
87  9  7.088425e-02  20  35.68
72  27  3.118674e-02  20  36.62
90  12  3.002267e-02  20  35.76
51  21  9.632035e-02  20  36.82
12  21  8.037496e-02  20  36.86
12  18  1.503634e-01  20  36.88
72  3  1.473337e-01  20  36.89
93  15  3.969947e-02  20  35.96
96  9  8.099288e-02  20  36.00
66  3  2.390462e-01  20  37.00
81  6  8.710817e-02  20  37.08
93  9  8.260192e-02  20  36.16
24  27  6.005434e-02  20  37.20
87  18  3.894647e-02  20  36.36
15  21  1.401127e-01  20  37.33
18  24  1.479581e-01  20  37.40
75  27  3.046792e-02  20  37.45
48  27  1.605636e-02  20  37.61
78  6  1.785727e-01  20  37.65
84  27  3.995796e-03  20  36.73
90  21  3.288974e-02  20  36.76
87  21  8.350459e-03  20  36.90
21  24  2.308650e-01  20  37.86
99  15  5.385663e-02  20  36.96
78  24  1.889778e-02  20  38.00
90  15  2.893467e-02  20  37.07
90  27  4.056450e-03  20  37.09
99  21  3.048768e-02  20  37.11
93  21  3.302314e-02  20  37.19
99  18  3.419539e-02  20  37.23
84  24  2.270832e-02  20  37.38
21  27  1.373308e-01  20  38.32
54  21  8.987486e-02  20  38.33
87  27  3.736104e-03  20  37.40
81  3  2.797907e-01  20  38.39
99  12  6.228417e-02  20  37.68
96  15  4.939776e-02  20  37.78
90  18  3.092803e-02  20  37.81
96  24  2.169593e-02  20  37.87
93  18  3.622141e-02  20  38.00
93  6  8.068427e-02  20  38.01
99  3  1.876740e-01  20  38.20
93  27  3.978159e-03  20  38.21
81  24  3.175060e-02  20  39.16
96  6  6.052623e-02  20  38.48
90  6  6.985637e-02  20  38.73
96  18  3.075409e-02  20  38.76
93  24  1.710159e-02  20  38.86
99  9  9.498408e-02  20  39.02
90  3  1.667078e-01  20  39.15
102  12  6.681091e-02  20  37.17
99  6  9.867940e-02  20  39.28
96  3  1.104921e-01  20  39.32
87  3  1.635611e-01  20  39.44
99  27  4.032569e-03  20  39.57
102  9  6.872702e-02  20  39.62
105  24  3.399262e-02  20  37.70
96  21  3.731471e-02  20  40.03
96  27  3.551634e-03  20  40.04
102  21  2.038198e-02  20  38.33
93  3  1.658629e-01  20  40.46
108  9  5.817362e-02  20  38.50
99  24  2.112986e-02  20  40.72
114  15  6.037001e-02  20  39.18
105  9  6.589112e-02  20  39.18
105  12  5.353423e-02  20  39.20
87  15  8.385014e-02  20  41.27
102  24  1.398923e-02  20  39.27
105  18  4.057248e-02  20  39.28
108  18  2.945051e-02  20  39.30
105  15  6.627176e-02  20  39.34
102  18  4.099754e-02  20  39.36
108  12  6.951950e-02  20  39.50
108  3  1.136198e-01  20  39.58
117  12  4.297168e-02  20  39.64
114  12  6.548542e-02  20  39.75
108  21  2.018998e-02  20  39.78
102  27  3.749789e-03  20  39.79
105  6  8.848361e-02  20  39.81
111  15  2.624161e-02  20  39.82
102  3  9.736996e-02  20  41.88
114  18  2.362738e-02  20  40.01
111  9  7.251704e-02  20  40.47
108  15  6.701945e-02  20  40.47
105  27  4.048073e-03  20  40.48
102  15  3.769618e-02  20  40.55
114  6  8.226564e-02  20  40.60
117  9  4.129367e-02  20  40.78
114  9  5.423815e-02  20  40.83
111  12  5.438687e-02  20  40.88
108  6  1.075246e-01  20  40.99
114  24  5.972052e-03  20  41.04
108  27  3.907837e-03  20  41.20
111  21  2.931371e-02  20  41.31
117  15  2.018993e-02  20  41.41
111  18  3.256470e-02  20  41.47
117  24  4.741068e-03  20  41.78
108  24  1.635689e-02  20  41.81
117  21  2.359166e-02  20  42.34
105  3  1.692671e-01  20  42.42
117  18  3.050506e-02  20  42.47
114  3  9.671367e-02  20  42.62
111  27  3.748333e-03  20  42.64
114  21  2.605039e-02  20  43.29
117  6  1.587645e-01  20  43.45
111  3  9.291104e-02  20  43.47
114  27  3.697170e-03  20  43.59
105  21  6.459264e-02  20  43.91
111  24  3.682880e-02  20  44.01
111  6  1.729476e-01  20  44.97
117  3  1.386707e-01  20  45.99
168  18  1.991574e-02  20  56.83
168  21  1.956860e-02  20  57.20
168  24  1.167061e-02  20  58.68
174  9  4.280363e-02  20  58.70
171  9  2.643467e-02  20  58.88
171  18  2.310305e-02  20  58.96
171  15  2.923571e-02  20  59.23
177  18  1.347954e-02  20  59.30
174  12  2.107023e-02  20  59.49
177  9  3.026213e-02  20  60.33
174  24  6.676813e-03  20  60.49
168  27  3.870829e-03  20  60.78
171  21  2.960413e-02  20  60.82
171  12  4.652714e-02  20  60.94
174  15  2.283758e-02  20  61.04
174  6  5.755241e-02  20  61.05
180  18  2.945570e-02  20  61.20
177  12  3.385668e-02  20  61.23
174  21  7.551909e-03  20  61.48
174  27  3.702131e-03  20  61.61
171  6  6.506578e-02  20  61.80
180  24  9.592283e-03  20  61.89
174  18  5.309037e-02  20  62.09
180  15  1.866242e-02  20  62.14
183  9  6.445918e-02  20  62.24
177  27  3.929070e-03  20  62.40
171  27  3.683188e-03  20  62.46
174  3  1.040651e-01  20  62.53
177  15  1.558144e-02  20  62.57
180  12  2.717930e-02  20  62.84
180  27  3.851120e-03  20  63.00
183  18  2.143872e-02  20  63.05
180  9  5.585266e-02  20  63.18
177  6  6.888465e-02  20  63.23
186  12  3.436822e-02  20  63.28
171  24  6.706495e-03  20  63.37
180  21  1.200903e-02  20  63.79
177  24  5.527799e-03  20  63.81
177  21  2.401130e-02  20  64.14
183  6  6.156854e-02  20  64.35
171  3  1.935480e-01  20  64.80
180  6  5.512843e-02  20  64.92
177  3  2.129731e-01  20  65.32
186  15  2.470145e-02  20  65.34
183  15  4.621397e-02  20  65.36
183  21  2.066829e-02  20  65.38
180  3  7.318490e-02  20  65.39
183  12  4.599059e-02  20  65.39
186  24  5.840664e-03  20  65.54
183  27  3.835315e-03  20  65.55
189  18  1.407233e-02  20  65.68
183  3  7.837543e-02  20  65.89
183  24  1.291368e-02  20  66.18
189  12  3.297348e-02  20  66.67
195  15  3.145891e-02  20  66.82
189  9  7.145519e-02  20  66.83
186  9  2.897895e-02  20  66.98
189  21  1.459597e-02  20  67.05
186  18  2.773783e-02  20  67.21
189  15  3.019652e-02  20  67.48
189  24  1.493772e-02  20  67.61
195  9  5.585072e-02  20  67.92
186  3  9.556999e-02  20  68.00
186  21  1.165179e-02  20  68.12
198  18  8.520357e-03  20  68.40
189  6  6.059988e-02  20  68.47
192  9  5.217364e-02  20  68.55
186  27  4.083714e-03  20  68.79
195  12  3.341712e-02  20  69.12
189  3  5.569749e-02  20  69.27
192  15  2.465819e-02  20  69.36
198  9  2.475577e-02  20  69.84
192  12  4.859007e-02  20  69.86
189  27  3.750154e-03  20  69.87
186  6  6.764813e-02  20  69.89
195  18  3.399949e-02  20  70.08
198  21  1.143202e-02  20  70.24
192  18  2.458999e-02  20  70.29
201  9  3.495709e-02  20  70.54
195  24  5.723124e-03  20  70.55
192  24  1.187311e-02  20  70.76
198  12  3.013022e-02  20  70.95
192  6  7.510609e-02  20  71.28
198  15  2.054687e-02  20  71.37
195  6  4.823047e-02  20  71.82
195  21  8.910741e-03  20  71.90
192  3  4.978335e-02  20  71.90
192  21  1.241048e-02  20  72.01
195  27  3.624793e-03  20  72.01
201  24  6.626947e-03  20  72.10
198  6  5.068888e-02  20  72.27
198  24  1.781148e-02  20  72.59
201  15  1.347510e-02  20  72.63
192  27  4.717889e-03  20  73.12
201  18  1.574516e-02  20  73.36
195  3  1.092572e-01  20  73.45
201  12  5.826059e-02  20  73.54
204  18  2.438158e-02  20  73.63
201  6  4.006218e-02  20  73.64
198  27  4.037796e-03  20  73.71
207  9  4.982690e-02  20  74.10
204  9  4.355692e-02  20  74.20
198  3  1.096527e-01  20  74.22
201  21  8.226773e-03  20  74.55
204  24  6.153562e-03  20  74.70
204  21  1.438682e-02  20  74.77
201  3  5.602266e-02  20  74.84
204  15  2.785228e-02  20  75.11
210  12  3.929920e-02  20  75.77
204  12  2.535789e-02  20  75.86
204  27  3.467733e-03  20  75.86
207  27  3.790769e-03  20  75.92
207  12  3.417184e-02  20  76.08
210  9  5.520838e-02  20  76.09
210  18  9.694340e-03  20  76.10
204  6  3.374602e-02  20  76.24
201  27  3.734373e-03  20  76.31
207  24  1.407479e-02  20  76.41
207  18  2.814419e-02  20  76.87
204  3  1.421692e-01  20  77.24
207  15  1.620586e-02  20  77.56
207  21  1.426324e-02  20  77.67
210  27  3.603540e-03  20  77.78
210  15  2.765448e-02  20  77.94
213  18  8.860677e-03  20  78.02
213  27  3.792823e-03  20  78.14
213  12  2.595434e-02  20  78.21
210  21  2.323980e-02  20  78.22
207  6  5.015020e-02  20  78.28
216  15  2.653915e-02  20  78.39
210  24  6.655564e-03  20  78.62
213  9  3.122704e-02  20  78.89
207  3  6.109762e-02  20  79.08
216  9  3.378272e-02  20  79.11
216  12  2.411946e-02  20  79.16
213  24  6.458179e-03  20  79.53
210  6  3.010382e-02  20  79.71
213  15  2.635780e-02  20  79.87
219  27  4.095850e-03  20  80.02
216  18  1.721223e-02  20  80.21
213  6  3.680684e-02  20  80.22
216  6  3.909133e-02  20  80.65
210  3  1.025256e-01  20  80.85
213  21  1.924079e-02  20  81.00
219  12  2.774810e-02  20  81.03
222  9  4.072607e-02  20  81.19
219  21  1.351197e-02  20  81.38
213  3  5.887286e-02  20  81.42
216  21  6.728964e-03  20  81.75
222  21  3.217186e-02  20  81.87
216  24  4.738334e-03  20  82.36
219  15  3.413145e-02  20  82.60
219  24  6.455298e-03  20  82.65
216  27  3.913571e-03  20  82.98
216  3  6.980194e-02  20  83.14
219  6  4.497703e-02  20  83.18
219  9  2.588528e-02  20  83.29
225  15  2.068729e-02  20  83.31
222  15  3.538076e-02  20  83.33
222  24  5.993134e-03  20  83.92
222  6  3.175204e-02  20  84.42
222  12  2.068450e-02  20  84.60
228  15  2.849992e-02  20  84.88
225  24  1.065418e-02  20  85.00
225  21  1.412780e-02  20  85.14
225  27  4.021901e-03  20  85.16
219  3  7.185394e-02  20  85.24
219  18  1.421060e-02  20  85.33
228  9  2.148768e-02  20  86.07
225  12  1.919534e-02  20  86.15
225  6  2.869837e-02  20  86.18
222  27  4.013946e-03  20  86.39
228  12  3.767703e-02  20  86.43
222  18  1.723556e-02  20  86.50
225  18  1.184577e-02  20  86.78
225  9  2.958041e-02  20  87.31
228  27  3.827037e-03  20  87.45
222  3  9.206507e-02  20  87.85
231  12  3.671998e-02  20  87.96
234  18  1.087711e-02  20  87.96
228  21  1.356676e-02  20  88.06
225  3  6.544199e-02  20  88.07
228  24  5.943024e-03  20  88.17
231  18  1.214500e-02  20  88.17
228  18  1.268346e-02  20  88.71
231  27  3.805958e-03  20  89.23
231  9  4.267049e-02  20  89.44
234  9  3.494371e-02  20  89.52
228  3  6.309000e-02  20  89.75
228  6  5.278884e-02  20  90.27
234  12  2.683791e-02  20  90.27
234  21  1.293250e-02  20  90.29
231  15  2.859858e-02  20  90.43
234  15  4.008246e-02  20  90.78
231  24  1.062737e-02  20  90.86
231  21  8.608160e-03  20  90.86
237  15  1.394377e-02  20  90.93
231  3  7.945073e-02  20  91.61
234  6  8.968051e-02  20  92.02
231  6  4.032811e-02  20  92.13
234  27  3.984784e-03  20  92.55
240  9  3.671542e-02  20  92.59
237  21  9.814308e-03  20  92.71
234  3  5.773120e-02  20  92.92
237  9  3.828190e-02  20  93.08
234  24  6.631564e-03  20  93.11
240  15  3.124048e-02  20  93.29
237  12  4.153122e-02  20  93.54
240  12  2.531474e-02  20  93.64
237  24  9.983646e-03  20  93.96
243  12  3.605205e-02  20  94.26
237  18  3.087958e-02  20  94.50
237  6  3.405612e-02  20  94.50
240  21  9.410768e-03  20  94.61
240  18  1.233530e-02  20  95.25
237  27  4.053926e-03  20  95.52
240  6  4.557406e-02  20  95.72
237  3  7.065992e-02  20  95.80
246  9  2.230820e-02  20  95.86
240  27  4.167299e-03  20  96.41
243  18  9.323873e-03  20  96.73
243  21  9.341854e-03  20  97.14
243  9  2.634545e-02  20  97.24
246  12  1.849654e-02  20  97.29
240  3  8.412838e-02  20  97.48
243  27  3.693788e-03  20  97.55
246  6  2.705911e-02  20  98.04
240  24  4.767904e-03  20  98.10
243  15  1.377924e-02  20  98.37
243  24  5.908398e-03  20  98.63
246  15  2.530188e-02  20  98.93
246  24  6.437531e-03  20  99.04
249  9  2.892337e-02  20  99.06
243  3  6.028361e-02  20  99.09
246  21  6.911741e-03  20  99.21
246  27  4.103081e-03  20  99.47
249  18  1.524362e-02  20  99.50
243  6  3.624560e-02  20  99.71
246  18  9.810042e-03  20  100.08
252  9  3.160147e-02  20  100.14
249  21  7.109052e-03  20  100.50
249  12  3.140133e-02  20  100.66
249  24  6.620048e-03  20  100.78
249  15  1.879664e-02  20  101.01
246  3  6.197032e-02  20  101.04
126  12  3.727937e-02  20  39.09
249  27  4.100356e-03  20  101.22
252  12  1.677796e-02  20  101.48
252  21  5.779219e-03  20  101.69
252  6  3.938693e-02  20  101.91
123  9  5.035589e-02  20  40.69
252  15  1.213016e-02  20  102.71
252  27  3.765012e-03  20  103.00
249  6  3.505888e-02  20  103.21
120  12  6.963378e-02  20  41.29
120  9  8.660355e-02  20  41.45
249  3  6.861877e-02  20  103.59
252  18  1.154879e-02  20  103.64
252  3  5.856692e-02  20  103.96
255  9  2.679837e-02  20  104.02
123  15  3.056492e-02  20  42.07
120  24  1.792030e-02  20  42.10
120  15  6.108067e-02  20  42.22
252  24  6.623882e-03  20  104.27
129  9  6.983403e-02  20  42.38
120  21  2.295252e-02  20  42.56
123  21  2.354597e-02  20  42.60
123  12  3.480830e-02  20  42.68
132  12  2.975742e-02  20  42.88
120  18  3.188725e-02  20  43.15
120  6  4.543212e-02  20  43.17
126  24  6.576016e-03  20  43.24
255  24  6.784550e-03  20  105.29
123  24  1.454395e-02  20  43.40
126  18  2.326602e-02  20  43.36
129  21  4.785659e-02  20  43.42
258  12  1.887414e-02  20  105.41
129  15  2.861292e-02  20  43.55
117  27  3.439343e-03  20  43.70
132  24  1.961549e-02  20  43.75
123  27  4.011231e-03  20  43.97
258  9  2.642796e-02  20  105.96
255  12  2.439566e-02  20  105.97
129  24  1.479825e-02  20  44.04
123  18  3.170901e-02  20  44.23
258  15  1.308637e-02  20  106.24
132  15  3.491477e-02  20  44.27
255  18  9.364875e-03  20  106.34
126  9  8.344278e-02  20  44.85
255  6  3.473512e-02  20  106.84
126  6  1.155108e-01  20  44.95
255  21  8.536899e-03  20  106.96
258  27  4.064078e-03  20  107.01
258  6  4.506142e-02  20  107.06
258  3  4.411535e-02  20  107.11
129  12  3.964677e-02  20  45.14
123  6  1.038620e-01  20  45.15
120  27  3.930726e-03  20  45.20
264  15  1.211301e-02  20  107.25
126  27  3.599784e-03  20  45.32
129  6  4.831556e-02  20  45.42
132  18  4.916992e-02  20  45.46
255  27  3.545505e-03  20  107.51
126  15  2.939412e-02  20  45.54
123  3  1.064245e-01  20  45.58
132  9  5.260660e-02  20  45.63
135  6  5.136932e-02  20  45.62
129  18  4.237296e-02  20  45.71
261  18  2.398559e-02  20  107.87
258  21  2.019877e-02  20  107.88
129  27  4.067453e-03  20  45.94
255  15  1.112574e-02  20  107.94
126  21  2.150485e-02  20  46.05
264  18  1.591515e-02  20  108.04
132  6  1.044000e-01  20  46.13
135  12  7.284497e-02  20  46.22
261  9  2.859718e-02  20  108.21
120  3  2.070141e-01  20  46.40
132  21  3.117251e-02  20  46.56
261  24  6.481556e-03  20  108.72
258  18  1.077109e-02  20  108.88
255  3  1.174693e-01  20  108.89
135  18  2.043546e-02  20  45.27
135  9  9.261614e-02  20  47.10
258  24  6.922926e-03  20  109.11
141  12  4.155617e-02  20  45.55
264  9  2.092189e-02  20  109.44
261  12  2.958785e-02  20  109.46
138  21  7.112925e-03  20  45.76
264  12  1.587761e-02  20  109.63
135  3  8.695659e-02  20  47.77
261  21  7.981480e-03  20  110.00
261  15  2.737241e-02  20  110.20
261  27  4.192268e-03  20  110.21
126  3  1.376955e-01  20  48.24
138  9  5.438302e-02  20  46.58
132  3  7.670496e-02  20  48.42
138  12  7.451687e-02  20  46.62
267  21  5.867522e-03  20  110.47
132  27  4.180455e-03  20  48.64
138  18  4.524202e-02  20  46.90
141  21  3.441670e-02  20  46.97
141  15  4.017055e-02  20  47.18
264  21  1.410098e-02  20  111.04
264  24  1.137042e-02  20  111.08
261  3  6.119670e-02  20  111.34
267  9  2.489257e-02  20  111.44
270  9  2.611499e-02  20  111.48
138  27  3.533947e-03  20  47.75
141  27  4.035591e-03  20  47.77
135  24  6.535419e-03  20  47.89
129  3  1.208423e-01  20  49.70
264  6  3.399346e-02  20  111.71
261  6  3.665666e-02  20  111.75
144  6  9.947033e-02  20  47.98
150  9  4.018789e-02  20  48.01
267  24  6.685048e-03  20  111.80
135  21  1.416223e-02  20  48.15
144  12  7.097407e-02  20  48.27
147  15  3.201317e-02  20  48.30
135  15  5.439953e-02  20  48.38
144  15  1.500890e-02  20  48.64
138  15  4.483603e-02  20  48.66
144  21  1.843512e-02  20  48.66
135  27  4.287149e-03  20  48.74
144  18  1.704674e-02  20  48.74
141  9  8.505819e-02  20  48.82
264  27  3.778589e-03  20  112.75
144  9  3.748812e-02  20  48.98
267  18  1.186281e-02  20  112.78
270  27  4.202043e-03  20  112.80
267  15  2.715521e-02  20  112.91
264  3  1.065579e-01  20  112.91
150  12  2.618492e-02  20  49.22
267  27  4.067863e-03  20  113.02
141  18  3.533627e-02  20  49.43
147  9  3.627185e-02  20  49.56
267  12  2.523619e-02  20  113.39
138  6  5.054171e-02  20  49.79
267  6  2.776856e-02  20  113.78
138  3  1.133118e-01  20  50.06
144  24  2.749963e-02  20  50.30
138  24  1.509896e-02  20  50.36
147  18  2.295333e-02  20  50.44
270  12  1.714879e-02  20  114.34
270  21  5.891276e-03  20  114.79
267  3  5.704587e-02  20  114.85
147  12  5.563681e-02  20  51.12
147  21  2.138605e-02  20  51.18
147  24  1.509281e-02  20  51.26
144  27  5.131743e-03  20  51.36
141  24  1.610419e-02  20  51.39
141  3  2.294148e-01  20  51.39
141  6  8.547670e-02  20  51.44
147  6  7.442203e-02  20  51.57
270  24  1.086091e-02  20  115.41
270  6  5.210830e-02  20  115.45
150  27  3.857881e-03  20  51.72
150  15  2.986534e-02  20  51.89
144  3  8.410317e-02  20  52.04
147  27  4.110916e-03  20  52.19
270  15  1.322296e-02  20  116.21
270  18  8.199505e-03  20  116.28
147  3  1.280855e-01  20  52.63
276  15  1.223469e-02  20  116.63
150  6  6.365222e-02  20  52.98
150  21  2.221860e-02  20  53.53
273  12  2.130462e-02  20  117.48
150  24  6.071445e-03  20  53.78
276  12  1.728029e-02  20  117.99
153  9  4.229418e-02  20  49.64
273  24  6.625786e-03  20  118.20
150  3  1.843957e-01  20  54.79
273  9  3.278901e-02  20  118.58
273  18  8.940861e-03  20  118.61
150  18  4.453949e-02  20  55.15
153  24  6.987563e-03  20  50.62
159  12  6.445041e-02  20  51.05
279  9  3.343096e-02  20  119.49
273  15  1.313490e-02  20  119.51
153  15  4.575296e-02  20  51.20
270  3  1.183016e-01  20  119.83
276  9  3.769755e-02  20  119.86
276  18  1.604992e-02  20  119.98
273  6  3.548217e-02  20  120.07
276  24  4.785848e-03  20  120.08
273  27  4.384099e-03  20  120.14
282  18  2.246884e-02  20  120.26
276  27  3.979560e-03  20  120.46
273  21  1.282360e-02  20  120.49
276  6  3.735575e-02  20  120.54
153  18  1.763833e-02  20  52.24
276  21  9.206177e-03  20  121.47
159  27  3.670806e-03  20  53.08
162  12  4.790055e-02  20  53.17
156  12  3.095307e-02  20  53.29
153  21  1.697641e-02  20  53.31
156  24  4.654051e-03  20  53.33
156  21  2.028707e-02  20  53.36
282  21  6.875292e-03  20  121.90
153  12  3.614137e-02  20  53.51
279  12  1.672836e-02  20  122.06
273  3  5.101144e-02  20  122.10
156  18  1.940641e-02  20  53.69
162  9  4.517956e-02  20  53.75
156  15  3.026841e-02  20  53.79
282  9  2.093659e-02  20  122.30
156  9  3.364028e-02  20  53.91
153  3  6.149823e-02  20  54.00
153  27  3.619474e-03  20  54.11
159  18  1.691882e-02  20  54.14
279  15  1.184045e-02  20  122.64
279  21  8.579416e-03  20  122.73
276  3  1.254376e-01  20  122.75
282  12  1.953155e-02  20  122.76
159  9  6.066129e-02  20  54.40
156  27  3.892217e-03  20  54.68
279  3  4.319611e-02  20  123.17
285  24  9.374886e-03  20  123.31
279  18  1.016690e-02  20  123.30
282  15  2.137252e-02  20  123.44
279  6  2.886248e-02  20  123.54
153  6  5.855728e-02  20  55.21
162  15  3.249216e-02  20  55.25
285  27  4.053434e-03  20  123.75
165  9  3.612411e-02  20  55.49
285  15  2.170896e-02  20  123.96
159  15  1.490187e-02  20  55.52
279  27  3.668257e-03  20  123.99
165  12  3.026596e-02  20  55.62
165  18  2.844916e-02  20  55.69
282  24  6.722725e-03  20  124.13
159  21  2.345988e-02  20  55.73
279  24  7.642482e-03  20  124.29
159  24  6.505772e-03  20  55.85
165  27  3.886938e-03  20  56.01
282  27  4.157857e-03  20  124.53
285  18  1.114392e-02  20  124.59
156  6  7.214932e-02  20  56.17
162  18  1.161754e-02  20  56.32
162  27  3.973081e-03  20  56.36
168  9  3.162418e-02  20  56.46
165  15  3.977479e-02  20  56.54
165  21  9.916607e-03  20  56.62
282  6  3.344924e-02  20  125.08
159  6  8.526704e-02  20  56.73
162  21  1.479989e-02  20  56.73
162  6  4.860822e-02  20  56.78
285  21  9.098712e-03  20  125.29
162  24  5.976261e-03  20  56.91
159  3  7.794121e-02  20  57.11
282  3  7.287974e-02  20  125.63
156  3  1.732191e-01  20  57.20
168  15  4.264575e-02  20  57.30
165  6  5.620891e-02  20  57.54
291  12  1.756649e-02  20  126.17
165  24  5.949625e-03  20  57.77
168  12  2.693621e-02  20  57.86
291  27  3.924312e-03  20  126.42
162  3  9.478746e-02  20  57.99
285  3  7.879211e-02  20  126.68
285  6  3.887602e-02  20  127.18
285  12  2.123067e-02  20  127.24
294  21  1.232403e-02  20  127.37
288  15  1.538043e-02  20  127.72
168  6  4.744534e-02  20  59.27
291  18  8.384337e-03  20  127.73
165  3  7.978242e-02  20  59.29
288  9  2.301432e-02  20  127.79
285  9  2.498813e-02  20  128.03
291  3  7.618060e-02  20  128.30
288  21  6.374896e-03  20  128.34
291  15  1.446243e-02  20  128.36
291  9  2.356656e-02  20  128.58
291  24  4.695797e-03  20  128.69
288  12  1.429476e-02  20  128.97
294  9  2.499127e-02  20  129.08
294  12  2.104092e-02  20  129.15
291  21  8.223493e-03  20  129.20
288  18  1.114978e-02  20  129.22
168  3  7.865716e-02  20  60.83
294  27  3.996677e-03  20  129.29
288  27  4.014790e-03  20  129.49
288  24  5.907629e-03  20  130.06
288  6  3.666647e-02  20  130.26
294  18  1.068931e-02  20  130.53
288  3  4.236207e-02  20  130.56
294  15  1.225645e-02  20  130.59
294  6  3.071422e-02  20  130.70
294  24  6.495834e-03  20  131.02
297  9  2.247673e-02  20  131.03
294  3  7.515135e-02  20  131.15
297  24  9.505711e-03  20  131.68
297  15  1.272898e-02  20  131.89
291  6  2.888664e-02  20  132.99
297  12  2.000468e-02  20  133.20
297  18  1.346016e-02  20  133.49
297  27  4.041967e-03  20  133.90
297  21  8.562264e-03  20  134.18
297  6  4.074772e-02  20  135.49
297  3  1.056393e-01  20  135.72
3  12  4.452709e-01  20  25.21
9  9  9.307489e-01  20  25.37
12  6  1.071497e+00  20  25.44
3  18  1.888388e-01  20  25.46
3  21  1.136001e-01  20  25.73
3  15  3.119215e-01  20  25.73
12  12  7.122292e-01  20  26.03
3  3  1.120663e+00  20  26.22
3  24  7.433679e-02  20  26.25
3  6  8.117403e-01  20  26.57
3  27  7.081923e-02  20  26.70
12  9  4.399161e-01  20  26.79
3  9  4.897295e-01  20  27.29
6  6  1.613618e+00  20  27.60
15  12  4.812495e-01  20  27.72
9  6  6.434045e-01  20  27.83
15  15  2.061826e-01  20  27.95
18  15  2.513898e-01  20  27.97
6  24  1.541099e-01  20  28.43
15  9  2.741573e-01  20  28.58
18  9  7.075166e-01  20  28.66
9  24  3.349781e-02  20  29.00
18  12  4.221493e-01  20  29.15
6  3  8.079641e-01  20  29.37
9  3  1.100114e+00  20  29.88
18  6  2.656757e-01  20  30.22
12  3  4.992542e-01  20  30.45
15  6  5.545037e-01  20  30.46
9  15  2.338502e-01  20  30.70
6  9  5.688564e-01  20  30.97
15  3  5.162052e-01  20  31.12
6  15  2.193550e-01  20  31.54
15  27  8.179218e-02  20  31.54
6  12  4.824110e-01  20  31.95
18  3  5.195535e-01  20  32.21
6  18  2.861362e-01  20  32.37
9  12  5.981950e-01  20  32.41
12  15  3.948393e-01  20  32.69
6  27  5.657342e-02  20  33.38
9  18  3.064588e-01  20  33.74
9  21  2.011987e-01  20  33.99
9  27  6.363537e-02  20  34.26
6  21  9.669685e-02  20  34.61
12  18  4.495901e-01  20  34.85
15  24  1.113823e-01  20  35.63
15  18  2.235758e-01  20  35.77
15  21  2.415675e-01  20  35.83
12  27  5.387868e-02  20  35.91
12  24  1.027753e-01  20  35.92
12  21  1.589782e-01  20  36.63
174  18  1.199085e-02  20  57.34
168  18  2.174330e-02  20  57.74
168  27  3.803900e-03  20  58.09
174  15  3.372871e-02  20  58.19
171  27  3.755291e-03  20  58.37
171  15  1.433425e-02  20  58.63
171  9  3.404092e-02  20  58.84
171  12  1.724678e-02  20  59.57
174  21  3.250397e-02  20  59.66
168  21  2.157080e-02  20  59.95
174  12  6.194031e-02  20  60.21
171  18  1.372287e-02  20  60.27
171  6  6.505993e-02  20  60.32
174  9  3.850310e-02  20  60.73
174  27  3.948826e-03  20  60.82
180  18  1.743598e-02  20  60.90
180  12  3.257048e-02  20  61.05
168  24  1.929502e-02  20  61.17
180  9  3.719758e-02  20  61.28
171  24  6.509247e-03  20  61.44
171  21  3.034908e-02  20  61.45
177  6  7.548099e-02  20  61.57
180  15  2.118419e-02  20  61.68
177  15  1.997439e-02  20  61.70
183  18  2.375215e-02  20  61.81
177  24  6.776188e-03  20  62.13
177  12  1.845220e-02  20  62.20
177  9  4.666482e-02  20  62.30
174  24  1.303013e-02  20  62.35
177  18  2.276705e-02  20  62.37
177  27  4.306363e-03  20  62.45
174  6  1.065641e-01  20  62.61
180  27  4.220096e-03  20  62.71
177  21  5.931265e-03  20  62.81
171  3  1.396770e-01  20  63.17
183  15  2.367798e-02  20  63.62
174  3  1.687936e-01  20  63.87
180  3  4.983985e-02  20  63.95
183  12  2.265987e-02  20  64.20
183  27  3.937127e-03  20  64.25
183  21  7.751235e-03  20  64.48
183  24  1.038009e-02  20  64.77
180  21  9.537003e-03  20  64.89
177  3  1.839277e-01  20  65.05
183  9  4.937100e-02  20  65.23
180  24  8.539009e-03  20  65.26
180  6  8.442027e-02  20  65.72
183  6  6.001538e-02  20  65.75
183  3  7.837288e-02  20  66.66
186  12  2.729348e-02  20  65.00
186  21  1.336862e-02  20  65.01
186  3  5.772098e-02  20  66.87
186  6  7.081003e-02  20  66.34
186  15  3.312918e-02  20  66.69
186  18  1.716824e-02  20  66.75
186  27  4.072176e-03  20  66.83
189  6  5.622463e-02  20  66.90
195  15  1.461203e-02  20  67.05
189  12  4.772595e-02  20  67.24
189  18  8.689060e-03  20  67.25
189  15  2.529187e-02  20  67.31
189  9  5.058811e-02  20  67.48
186  24  4.655307e-03  20  67.48
192  12  2.406071e-02  20  67.81
189  27  3.929049e-03  20  67.87
195  18  1.070421e-02  20  68.28
189  24  4.603441e-03  20  68.50
186  9  3.477520e-02  20  68.54
192  18  1.494431e-02  20  68.59
189  21  7.126353e-03  20  68.66
198  9  3.362573e-02  20  68.94
195  21  8.921174e-03  20  69.19
198  21  1.019891e-02  20  69.51
195  9  3.220848e-02  20  69.88
192  9  2.388465e-02  20  70.10
189  3  7.309357e-02  20  70.20
198  12  2.693866e-02  20  70.20
198  15  3.551509e-02  20  70.24
192  15  3.722957e-02  20  70.30
192  21  1.822617e-02  20  70.37
198  18  1.985090e-02  20  70.97
192  24  5.858246e-03  20  70.99
201  9  3.368164e-02  20  71.03
201  12  2.646441e-02  20  71.10
195  12  4.586044e-02  20  71.31
198  6  4.599616e-02  20  71.50
198  27  3.967833e-03  20  71.77
195  27  3.769524e-03  20  71.79
201  15  1.207580e-02  20  71.99
192  27  4.028298e-03  20  72.00
192  6  5.756850e-02  20  72.02
195  24  1.258712e-02  20  72.09
195  6  4.823202e-02  20  72.24
198  24  6.748996e-03  20  72.26
192  3  9.588391e-02  20  72.36
204  15  1.826223e-02  20  73.10
198  3  1.130879e-01  20  73.27
195  3  1.427810e-01  20  73.63
204  18  2.112458e-02  20  73.65
201  18  9.994926e-03  20  73.76
201  6  4.990321e-02  20  74.17
201  24  1.035131e-02  20  74.22
204  12  3.510349e-02  20  74.29
207  12  2.552114e-02  20  74.32
210  9  2.890743e-02  20  74.54
204  9  6.344878e-02  20  74.74
201  3  1.910419e-01  20  74.76
207  9  3.439726e-02  20  75.12
201  21  6.995960e-03  20  75.29
207  21  1.350523e-02  20  75.51
210  27  4.074573e-03  20  75.59
207  15  2.248811e-02  20  76.00
210  21  8.311024e-03  20  76.06
204  21  9.768664e-03  20  76.11
204  27  3.750154e-03  20  76.23
207  6  4.969581e-02  20  76.25
204  6  4.517296e-02  20  76.29
201  27  3.936551e-03  20  76.38
210  12  4.693138e-02  20  76.89
210  24  4.799614e-03  20  77.06
204  24  1.564850e-02  20  77.11
207  18  1.454378e-02  20  77.15
213  27  3.921645e-03  20  77.75
210  15  1.783590e-02  20  77.79
210  18  2.352455e-02  20  77.94
207  24  1.121649e-02  20  77.99
213  18  2.368394e-02  20  78.11
213  12  2.309762e-02  20  78.69
213  9  4.400793e-02  20  79.04
216  12  3.317992e-02  20  79.15
207  27  4.110907e-03  20  79.17
213  24  7.990585e-03  20  79.34
207  3  1.339152e-01  20  79.56
213  15  1.564964e-02  20  79.78
204  3  1.492420e-01  20  79.79
216  6  3.430495e-02  20  79.79
210  6  6.599132e-02  20  79.82
213  21  8.908560e-03  20  80.11
216  15  2.000048e-02  20  80.15
216  27  3.782794e-03  20  80.37
216  18  9.392795e-03  20  80.43
210  3  1.367943e-01  20  80.66
216  9  2.556766e-02  20  80.71
213  6  4.063806e-02  20  80.74
216  21  6.618106e-03  20  81.73
216  3  6.893713e-02  20  82.02
216  24  9.580012e-03  20  82.08
213  3  1.299905e-01  20  82.84
219  6  4.210333e-02  20  84.36
219  3  6.660423e-02  20  84.76
222  12  2.495410e-02  20  81.21
219  18  1.941745e-02  20  81.32
219  15  1.544404e-02  20  81.74
219  9  4.407579e-02  20  82.20
219  12  2.948525e-02  20  82.55
222  9  3.638050e-02  20  83.00
33  9  1.802794e-01  20  27.87
21  12  3.546139e-01  20  27.87
27  12  1.138515e-01  20  28.06
21  9  3.255912e-01  20  28.14
219  21  8.902160e-03  20  83.38
27  9  1.646800e-01  20  28.46
30  6  2.894079e-01  20  29.01
30  12  2.254414e-01  20  29.01
24  12  3.174127e-01  20  29.03
225  12  2.025717e-02  20  84.24
18  18  3.871689e-01  20  29.15
222  21  1.030412e-02  20  84.43
219  27  4.040448e-03  20  84.47
222  27  3.928467e-03  20  84.49
24  18  1.085013e-01  20  29.49
222  6  3.413250e-02  20  84.71
33  12  2.119421e-01  20  29.63
225  6  5.291603e-02  20  84.85
222  3  5.465613e-02  20  84.86
33  18  6.698418e-02  20  29.65
30  21  8.762484e-02  20  29.68
228  12  2.959197e-02  20  84.91
21  15  3.928052e-01  20  29.72
30  9  2.986690e-01  20  29.76
30  15  1.583864e-01  20  29.96
21  18  3.514771e-01  20  29.98
30  27  3.683401e-03  20  30.01
24  9  2.673170e-01  20  30.02
225  24  8.157573e-03  20  85.24
27  18  1.104997e-01  20  30.08
222  24  4.774374e-03  20  85.30
27  6  1.765442e-01  20  30.13
24  15  2.735492e-01  20  30.21
219  24  1.233839e-02  20  85.51
33  27  3.587238e-03  20  30.35
30  18  1.701575e-01  20  30.47
222  15  1.323766e-02  20  85.74
33  24  4.204906e-02  20  30.58
21  21  7.735524e-02  20  30.62
225  9  5.803355e-02  20  85.84
33  15  2.359807e-01  20  30.66
24  6  3.833513e-01  20  30.74
27  15  1.216321e-01  20  30.79
225  18  8.163571e-03  20  86.02
222  18  2.462178e-02  20  86.06
27  21  7.750894e-02  20  30.97
21  6  4.365315e-01  20  31.00
30  3  3.318104e-01  20  31.00
30  24  3.897728e-02  20  31.27
24  21  1.557785e-01  20  31.38
228  18  1.080813e-02  20  86.83
228  9  3.300047e-02  20  87.00
225  21  2.033297e-02  20  87.02
33  21  6.526095e-02  20  32.11
21  3  3.999735e-01  20  32.12
33  6  2.055343e-01  20  32.14
234  18  1.415105e-02  20  87.42
228  15  1.231133e-02  20  87.49
231  12  2.604329e-02  20  87.64
27  27  1.431697e-02  20  32.44
27  3  3.783481e-01  20  32.46
24  3  3.206047e-01  20  32.53
231  24  8.969347e-03  20  87.79
27  24  5.002769e-02  20  32.65
36  3  2.481298e-01  20  32.74
228  27  4.140579e-03  20  88.00
231  15  1.502980e-02  20  88.01
228  24  4.969117e-03  20  88.19
225  15  3.521498e-02  20  88.49
225  27  4.059809e-03  20  88.57
24  24  4.980009e-02  20  33.54
225  3  5.273154e-02  20  88.75
231  18  1.599037e-02  20  88.76
231  9  4.598747e-02  20  88.76
33  3  1.760265e-01  20  33.80
228  6  3.940203e-02  20  89.07
234  12  1.809055e-02  20  89.13
51  12  1.155936e-01  20  27.83
228  21  1.522866e-02  20  89.53
234  15  2.334941e-02  20  89.69
234  9  2.853113e-02  20  89.74
21  24  9.886302e-02  20  34.88
231  21  2.906467e-02  20  90.11
51  9  1.302541e-01  20  28.90
39  12  1.810887e-01  20  29.18
234  21  8.834460e-03  20  90.83
36  9  1.759365e-01  20  29.32
48  12  1.522148e-01  20  29.37
39  15  5.963550e-02  20  29.43
228  3  6.163463e-02  20  91.11
231  6  4.673710e-02  20  91.14
42  12  1.629507e-01  20  29.57
39  6  1.539027e-01  20  29.67
231  27  3.779365e-03  20  91.29
36  12  4.644120e-01  20  29.73
42  24  1.541789e-02  20  29.79
48  18  5.326607e-02  20  30.01
42  9  1.276525e-01  20  30.07
42  15  1.214363e-01  20  30.19
36  15  9.358635e-02  20  30.19
21  27  6.181098e-02  20  36.57
231  3  6.041321e-02  20  91.78
39  9  1.527336e-01  20  30.34
234  6  4.678553e-02  20  91.98
48  9  8.612878e-02  20  30.43
237  12  1.876961e-02  20  92.03
45  21  3.342515e-02  20  30.48
45  12  1.546581e-01  20  30.56
18  21  2.306172e-01  20  37.05
18  24  1.967970e-01  20  37.06
45  9  1.175948e-01  20  30.73
234  3  7.314622e-02  20  92.44
42  3  1.666683e-01  20  30.88
48  6  2.221771e-01  20  30.88
237  18  1.099401e-02  20  92.55
36  18  9.921201e-02  20  31.14
42  18  6.466943e-02  20  31.31
18  27  9.124928e-02  20  37.68
45  15  1.501614e-01  20  31.43
36  24  2.492589e-02  20  31.45
51  15  1.492335e-01  20  31.58
36  27  3.937114e-03  20  31.61
234  27  4.046804e-03  20  93.22
45  3  2.053967e-01  20  31.66
57  12  6.766369e-02  20  29.96
24  27  4.161185e-02  20  38.19
240  9  2.963711e-02  20  93.42
48  24  1.533515e-02  20  31.87
45  27  3.991686e-03  20  31.96
234  24  6.822364e-03  20  93.60
42  27  4.048657e-03  20  32.08
240  12  3.131107e-02  20  93.67
57  15  6.138796e-02  20  30.36
54  15  7.968174e-02  20  30.41
36  6  3.024904e-01  20  32.23
237  21  1.848132e-02  20  93.81
45  18  1.340811e-01  20  32.28
66  12  1.209944e-01  20  30.48
60  12  1.594133e-01  20  30.57
54  9  1.215196e-01  20  30.65
45  6  2.304281e-01  20  32.47
42  6  1.211876e-01  20  32.61
240  18  1.784903e-02  20  94.22
240  27  4.108776e-03  20  94.24
237  3  1.127736e-01  20  94.30
45  24  4.490452e-02  20  32.76
48  15  7.394871e-02  20  32.89
39  24  1.241781e-02  20  32.91
240  6  3.219687e-02  20  94.58
63  12  9.436322e-02  20  31.20
54  6  1.844480e-01  20  31.20
51  18  8.422674e-02  20  33.03
48  3  1.476954e-01  20  33.04
36  21  5.078840e-02  20  33.06
69  6  1.666738e-01  20  31.32
240  21  6.836071e-03  20  94.74
39  18  1.187045e-01  20  33.18
237  15  1.644040e-02  20  94.76
51  21  4.505964e-02  20  31.39
66  15  3.346803e-02  20  31.39
60  15  5.924117e-02  20  31.44
51  6  1.006772e-01  20  33.30
63  9  8.052104e-02  20  31.48
57  9  1.004346e-01  20  31.49
60  6  8.996351e-02  20  31.52
54  12  1.063577e-01  20  31.56
39  3  3.915874e-01  20  33.40
237  9  3.032621e-02  20  94.99
63  15  6.528286e-02  20  31.92
240  24  1.276049e-02  20  95.40
60  9  1.101567e-01  20  32.24
60  18  8.766802e-02  20  32.33
57  21  1.961795e-02  20  32.35
57  6  2.118155e-01  20  32.38
39  21  7.067597e-02  20  34.26
237  24  7.097676e-03  20  95.87
243  12  3.002489e-02  20  95.91
66  18  6.900334e-02  20  32.63
240  3  5.247737e-02  20  96.10
63  18  6.093637e-02  20  32.86
54  21  4.433982e-02  20  32.92
54  18  7.468024e-02  20  32.94
237  27  4.157347e-03  20  96.34
246  18  1.240223e-02  20  96.34
48  21  4.558291e-02  20  34.87
240  15  2.262089e-02  20  96.46
237  6  4.861948e-02  20  96.48
66  21  4.318973e-02  20  33.11
51  27  3.820517e-03  20  33.12
66  6  2.093943e-01  20  33.21
51  24  1.687403e-02  20  33.23
246  9  4.106270e-02  20  96.63
51  3  2.138013e-01  20  35.18
60  27  3.695094e-03  20  33.52
54  3  2.341287e-01  20  33.55
63  21  4.524339e-02  20  33.64
63  24  1.993738e-02  20  33.79
243  6  4.164287e-02  20  97.21
63  27  4.187994e-03  20  33.83
243  27  4.092144e-03  20  97.23
57  24  1.678632e-02  20  33.85
60  3  2.152112e-01  20  33.89
66  9  1.027723e-01  20  33.91
60  21  2.326932e-02  20  33.95
249  15  1.203093e-02  20  97.37
60  24  2.321589e-02  20  34.01
42  21  7.963061e-02  20  35.96
243  18  8.931602e-03  20  97.57
54  24  3.878042e-02  20  34.21
246  15  2.426193e-02  20  97.62
57  27  3.630983e-03  20  34.23
57  18  5.131617e-02  20  34.28
246  24  1.319425e-02  20  97.71
66  27  4.050240e-03  20  34.34
243  9  3.127934e-02  20  97.75
39  27  3.616426e-02  20  36.20
66  24  2.620478e-02  20  34.39
246  12  1.455673e-02  20  97.87
57  3  2.858593e-01  20  34.52
246  21  1.595935e-02  20  97.94
252  9  3.133972e-02  20  98.01
66  3  7.208648e-02  20  34.66
243  15  2.016236e-02  20  98.24
54  27  3.860684e-03  20  34.92
72  15  6.312693e-02  20  31.69
63  3  2.493698e-01  20  35.05
246  6  3.080166e-02  20  98.56
249  12  1.652891e-02  20  98.69
63  6  1.142019e-01  20  35.33
246  27  3.571160e-03  20  98.72
48  27  3.885969e-02  20  37.17
69  15  8.298697e-02  20  32.20
243  24  6.500964e-03  20  98.91
72  12  4.638872e-02  20  32.49
249  18  1.505849e-02  20  99.17
249  9  2.130567e-02  20  99.21
69  9  1.103049e-01  20  32.90
243  21  1.389802e-02  20  99.72
72  9  1.605344e-01  20  33.15
75  12  7.958374e-02  20  33.20
75  15  6.138553e-02  20  33.29
81  6  1.612846e-01  20  33.33
81  12  7.690000e-02  20  33.41
72  21  4.642389e-02  20  33.46
84  12  6.799043e-02  20  33.48
81  9  6.140313e-02  20  33.51
75  9  9.547707e-02  20  33.55
69  21  8.240318e-02  20  33.71
69  3  2.198140e-01  20  37.04
78  15  4.165313e-02  20  33.79
243  3  1.225821e-01  20  100.43
84  9  8.250282e-02  20  33.89
78  9  8.264709e-02  20  33.95
249  21  7.502548e-03  20  100.60
249  6  4.129159e-02  20  100.65
72  24  1.372366e-02  20  34.05
69  12  1.284838e-01  20  34.27
252  21  7.533839e-03  20  101.14
69  18  5.466566e-02  20  34.51
69  24  2.744479e-02  20  34.54
249  24  6.665650e-03  20  101.37
78  21  1.540269e-02  20  34.76
75  18  4.557600e-02  20  34.81
78  12  7.689357e-02  20  34.82
81  27  3.564363e-03  20  34.83
252  15  1.247975e-02  20  101.52
72  18  8.546682e-02  20  34.90
72  3  1.169401e-01  20  35.01
72  6  1.200502e-01  20  35.22
78  18  5.356157e-02  20  35.22
81  21  4.835437e-02  20  35.31
75  21  5.263338e-02  20  35.38
69  27  3.945811e-03  20  35.47
78  24  1.142102e-02  20  35.51
81  18  5.497991e-02  20  35.53
252  12  2.150086e-02  20  102.38
84  21  2.876934e-02  20  35.83
75  6  1.743701e-01  20  35.84
84  18  4.931232e-02  20  35.88
249  27  4.040813e-03  20  102.56
252  6  3.600121e-02  20  102.73
246  3  1.258522e-01  20  102.84
81  24  2.681873e-02  20  36.33
81  15  7.415839e-02  20  36.36
84  15  9.580141e-02  20  36.37
252  18  9.990484e-03  20  103.04
258  12  2.534895e-02  20  103.13
75  24  2.002372e-02  20  36.56
72  27  4.149117e-03  20  36.71
252  3  4.887987e-02  20  103.49
78  3  1.887541e-01  20  36.93
255  9  2.277170e-02  20  103.61
84  6  9.645899e-02  20  36.99
78  6  1.158597e-01  20  37.05
78  27  2.233838e-02  20  37.13
75  3  9.903006e-02  20  37.23
249  3  1.272841e-01  20  103.88
252  27  4.105747e-03  20  103.97
75  27  1.140986e-02  20  37.58
255  27  4.334827e-03  20  104.67
252  24  6.967381e-03  20  104.67
258  18  1.308153e-02  20  105.34
84  3  2.807159e-01  20  38.98
258  15  1.205078e-02  20  105.73
255  15  1.096203e-02  20  105.84
81  3  1.402350e-01  20  39.37
255  12  3.974062e-02  20  106.06
255  6  4.712541e-02  20  106.35
255  18  2.570333e-02  20  106.38
258  24  2.226201e-02  20  106.80
264  9  1.827465e-02  20  107.30
258  21  1.594394e-02  20  107.40
261  9  2.563908e-02  20  107.44
255  21  1.215601e-02  20  107.48
261  12  1.536567e-02  20  107.58
258  9  2.525454e-02  20  107.77
261  18  8.292694e-03  20  107.82
258  6  3.510635e-02  20  107.84
261  21  5.947484e-03  20  107.89
255  24  6.787294e-03  20  108.29
261  15  2.670393e-02  20  108.44
264  24  4.975266e-03  20  108.92
264  15  1.308685e-02  20  109.27
264  12  2.796862e-02  20  109.36
255  3  8.510540e-02  20  109.41
264  6  2.654713e-02  20  109.46
258  27  4.344759e-03  20  109.57
258  3  1.048554e-01  20  109.69
261  6  4.615790e-02  20  109.77
267  18  1.415457e-02  20  109.94
264  27  3.790491e-03  20  110.00
264  21  9.979226e-03  20  110.12
261  24  6.595088e-03  20  110.21
264  3  5.580888e-02  20  110.68
261  27  3.772502e-03  20  110.78
264  18  1.856279e-02  20  110.80
267  24  9.706754e-03  20  111.76
261  3  1.377487e-01  20  112.27
267  15  1.136711e-02  20  112.73
267  12  1.984497e-02  20  112.81
267  6  3.580384e-02  20  113.04
267  21  7.459076e-03  20  113.27
267  9  2.211687e-02  20  113.28
267  3  8.999471e-02  20  117.48
93  12  6.731407e-02  20  34.19
87  9  6.817476e-02  20  34.29
87  15  4.549608e-02  20  34.39
96  9  1.034861e-01  20  34.96
99  12  4.528521e-02  20  35.68
90  9  6.780186e-02  20  35.85
87  6  1.038362e-01  20  35.88
99  9  6.989157e-02  20  35.96
90  12  1.188736e-01  20  36.00
93  21  4.363392e-02  20  36.02
87  12  5.973767e-02  20  36.23
93  18  4.202186e-02  20  36.34
84  24  2.610050e-02  20  36.38
96  12  6.143798e-02  20  36.39
90  15  5.847780e-02  20  36.64
96  15  2.482394e-02  20  36.66
90  24  3.547918e-02  20  36.81
99  18  3.864031e-02  20  36.83
93  9  8.900863e-02  20  36.96
84  27  4.103502e-03  20  37.04
90  21  3.452465e-02  20  37.06
87  21  2.661758e-02  20  37.44
96  6  1.314967e-01  20  37.48
87  24  2.722253e-02  20  37.48
96  21  2.172650e-02  20  37.51
87  3  1.739746e-01  20  37.51
99  21  1.892244e-02  20  37.53
96  18  5.559051e-02  20  37.57
90  18  4.746601e-02  20  37.78
93  15  5.766224e-02  20  37.78
102  9  4.602403e-02  20  37.87
96  24  2.165851e-02  20  37.89
99  15  3.686918e-02  20  38.13
93  27  4.093620e-03  20  38.33
87  18  5.184944e-02  20  38.35
93  24  2.087426e-02  20  38.59
99  24  6.786402e-03  20  39.00
90  27  3.939161e-03  20  39.07
102  3  2.156064e-01  20  39.10
87  27  3.960200e-03  20  39.49
99  27  4.021676e-03  20  39.52
102  6  9.668628e-02  20  39.63
96  27  4.065925e-03  20  39.75
99  6  1.092178e-01  20  39.75
96  3  1.622917e-01  20  39.81
90  3  1.005090e-01  20  39.95
99  3  1.215174e-01  20  40.38
90  6  1.359197e-01  20  40.40
108  15  5.903587e-02  20  36.79
93  3  1.991147e-01  20  40.65
120  9  3.864851e-02  20  40.72
126  9  3.875600e-02  20  40.78
120  18  4.647244e-02  20  41.22
93  6  1.071168e-01  20  41.31
123  9  4.926216e-02  20  41.35
105  12  5.043311e-02  20  37.64
102  15  5.742129e-02  20  37.75
102  12  2.026223e-02  20  37.82
108  21  1.538140e-02  20  37.94
105  9  4.892378e-02  20  37.97
114  12  3.144673e-02  20  38.10
105  27  3.943931e-03  20  38.18
120  12  3.508916e-02  20  42.36
108  12  6.087328e-02  20  38.73
102  18  6.367649e-02  20  38.74
126  15  2.571760e-02  20  42.52
126  12  7.305227e-02  20  42.65
120  24  2.438253e-02  20  42.73
120  15  5.020066e-02  20  42.87
123  15  3.916634e-02  20  42.94
108  6  1.258781e-01  20  39.23
108  9  1.167224e-01  20  39.24
129  9  5.963633e-02  20  43.10
105  3  1.160276e-01  20  39.36
123  12  6.687871e-02  20  43.28
129  6  7.948773e-02  20  43.34
111  9  9.134893e-02  20  39.69
117  15  4.922319e-02  20  39.72
135  9  4.421817e-02  20  43.49
114  18  2.777233e-02  20  39.75
111  15  5.544140e-02  20  39.76
114  9  6.191448e-02  20  39.78
111  12  4.239464e-02  20  39.95
120  3  1.261878e-01  20  43.75
129  12  6.577105e-02  20  43.79
123  21  8.328193e-03  20  43.83
102  24  2.395912e-02  20  40.26
132  9  7.712315e-02  20  44.23
102  21  2.777860e-02  20  40.56
111  24  1.571487e-02  20  40.61
111  18  5.518585e-02  20  40.69
129  18  2.055204e-02  20  44.49
123  18  2.537218e-02  20  44.50
108  24  4.857655e-03  20  40.76
105  24  1.207063e-02  20  40.81
120  27  3.620494e-03  20  44.63
117  27  4.079199e-03  20  44.66
114  27  3.891602e-03  20  40.93
120  6  5.647199e-02  20  44.85
135  15  4.744719e-02  20  44.85
120  21  4.606795e-02  20  44.98
123  24  6.003129e-03  20  45.02
105  15  6.559915e-02  20  41.40
126  6  6.863499e-02  20  45.15
141  15  7.862540e-02  20  45.23
111  6  7.527650e-02  20  41.53
102  27  3.837781e-03  20  41.56
126  24  1.072758e-02  20  45.32
114  15  2.090738e-02  20  41.58
135  27  3.761456e-03  20  45.33
135  24  4.878007e-03  20  45.35
111  21  3.437209e-02  20  41.62
126  3  8.381616e-02  20  45.54
132  12  4.275423e-02  20  45.57
117  18  2.850613e-02  20  41.85
117  9  7.257242e-02  20  41.88
132  18  3.941436e-02  20  45.70
123  27  4.068742e-03  20  45.70
132  15  2.361238e-02  20  45.72
117  12  5.286148e-02  20  42.00
108  27  3.974479e-03  20  42.03
123  3  1.014533e-01  20  45.85
135  12  4.611831e-02  20  45.92
111  27  3.994428e-03  20  42.22
129  24  6.585547e-03  20  46.01
114  21  4.842557e-02  20  42.29
117  24  1.615816e-02  20  42.30
132  27  4.297601e-03  20  46.09
132  24  4.727231e-03  20  46.17
123  6  1.178651e-01  20  46.19
126  18  3.118474e-02  20  46.22
129  15  1.941079e-02  20  46.23
117  21  2.580063e-02  20  42.49
114  3  8.705596e-02  20  42.54
105  18  3.089739e-02  20  42.54
138  12  2.824938e-02  20  46.41
138  18  2.115869e-02  20  46.45
129  27  4.033909e-03  20  46.51
105  21  7.557531e-03  20  42.77
129  21  3.506986e-02  20  46.65
111  3  8.477931e-02  20  42.91
114  6  7.087272e-02  20  43.08
126  27  4.189765e-03  20  46.88
105  6  7.251557e-02  20  43.18
132  21  9.120918e-03  20  47.10
144  15  3.729722e-02  20  47.20
132  3  7.350436e-02  20  47.22
138  9  7.645683e-02  20  47.23
117  6  4.795113e-02  20  43.51
126  21  2.849932e-02  20  47.31
114  24  3.413884e-02  20  43.63
135  18  3.700971e-02  20  47.44
108  18  7.000109e-02  20  43.81
132  6  9.618024e-02  20  47.58
141  18  3.330697e-02  20  47.58
117  3  9.042268e-02  20  43.98
144  12  5.635458e-02  20  47.75
129  3  7.338488e-02  20  47.76
141  12  6.247653e-02  20  47.88
141  21  1.956694e-02  20  48.38
138  15  3.717318e-02  20  48.42
141  24  1.635153e-02  20  48.46
147  12  2.323074e-02  20  48.56
141  9  5.074192e-02  20  48.58
108  3  2.060653e-01  20  45.07
144  18  9.986846e-03  20  48.84
147  21  7.991829e-03  20  48.85
144  27  3.701554e-03  20  48.88
135  3  9.337361e-02  20  48.97
147  9  6.693411e-02  20  48.98
135  21  4.037239e-02  20  48.98
138  27  3.930162e-03  20  49.22
150  12  2.558533e-02  20  49.26
138  6  4.998371e-02  20  49.42
135  6  8.597507e-02  20  49.65
150  15  1.264412e-02  20  49.72
144  6  8.738549e-02  20  49.90
141  27  4.145755e-03  20  49.92
144  24  4.721604e-03  20  49.95
138  3  1.351116e-01  20  49.96
141  6  7.579621e-02  20  50.04
147  18  4.049388e-02  20  50.41
147  15  5.193558e-02  20  50.50
138  24  6.913135e-03  20  50.59
150  24  5.865275e-03  20  50.63
138  21  2.702494e-02  20  50.68
141  3  1.125152e-01  20  50.84
144  21  1.453716e-02  20  50.86
150  9  6.834639e-02  20  51.12
144  9  9.598977e-02  20  52.23
144  3  1.231458e-01  20  52.55
147  24  1.016415e-02  20  52.75
150  18  1.695611e-02  20  52.78
147  27  4.203415e-03  20  52.85
150  6  3.802405e-02  20  52.91
150  21  2.850693e-02  20  52.91
150  27  3.908583e-03  20  53.21
147  6  7.376232e-02  20  53.64
147  3  1.457625e-01  20  53.98
150  3  1.300981e-01  20  54.78
153  9  5.156004e-02  20  51.92
153  12  6.967294e-02  20  52.06
153  15  3.040858e-02  20  53.13
153  18  1.036414e-02  20  53.18
159  18  1.651316e-02  20  53.19
156  12  2.917533e-02  20  53.25
156  9  4.831060e-02  20  53.31
159  12  7.304237e-02  20  53.33
156  24  6.752899e-03  20  53.35
156  15  3.701477e-02  20  53.58
162  9  3.461000e-02  20  53.84
156  6  8.061224e-02  20  54.00
153  27  4.181853e-03  20  54.14
153  6  6.127132e-02  20  54.50
153  21  1.653843e-02  20  54.90
159  6  5.701554e-02  20  54.96
156  18  3.566357e-02  20  55.06
153  24  6.931984e-03  20  55.25
156  27  3.838358e-03  20  55.27
162  15  2.878157e-02  20  55.47
153  3  1.216504e-01  20  55.50
156  21  1.336090e-02  20  55.90
162  21  3.173406e-02  20  56.08
159  27  4.204264e-03  20  56.11
165  9  4.416160e-02  20  56.12
165  15  2.891870e-02  20  56.38
159  15  5.361350e-02  20  56.40
162  18  3.220281e-02  20  56.55
165  18  9.856805e-03  20  56.57
168  9  6.439706e-02  20  56.61
165  21  8.545672e-03  20  56.62
168  12  3.061831e-02  20  56.74
156  3  1.600639e-01  20  56.76
159  24  4.543526e-03  20  56.94
162  12  6.261880e-02  20  56.96
159  21  2.078241e-02  20  56.96
165  12  4.218603e-02  20  56.99
165  3  7.993919e-02  20  57.48
162  27  3.920459e-03  20  57.50
165  6  4.624986e-02  20  57.55
159  9  8.001301e-02  20  57.62
168  15  3.513668e-02  20  57.83
162  24  2.119093e-02  20  57.85
165  27  4.234281e-03  20  58.54
162  6  1.000404e-01  20  58.90
159  3  1.571116e-01  20  59.25
165  24  6.601567e-03  20  59.73
168  6  6.917195e-02  20  60.21
162  3  1.965083e-01  20  60.37
168  3  8.054792e-02  20  61.11
270  27  4.125247e-03  20  113.30
270  21  8.305265e-03  20  113.76
270  9  1.786404e-02  20  113.77
270  15  1.879781e-02  20  114.13
270  6  3.719124e-02  20  114.56
270  12  2.548179e-02  20  114.73
267  27  4.100352e-03  20  114.89
270  18  9.669619e-03  20  115.36
270  24  4.541537e-03  20  115.97
273  12  2.089343e-02  20  117.15
273  18  9.365725e-03  20  118.08
270  3  5.010429e-02  20  118.15
273  9  2.446512e-02  20  118.32
273  15  2.182985e-02  20  118.56
273  24  4.581912e-03  20  119.02
276  12  2.989887e-02  20  119.42
276  15  1.114020e-02  20  119.67
276  18  1.665498e-02  20  119.71
276  9  3.225766e-02  20  119.78
276  27  4.236228e-03  20  119.84
276  6  3.995986e-02  20  120.00
273  27  3.791109e-03  20  120.05
273  21  1.135285e-02  20  120.20
276  21  6.123830e-03  20  120.56
279  15  1.730885e-02  20  120.64
276  24  6.746237e-03  20  120.75
273  6  3.758879e-02  20  120.88
279  24  4.801024e-03  20  121.17
279  21  7.845580e-03  20  121.32
273  3  4.639362e-02  20  121.34
276  3  4.978786e-02  20  122.06
282  15  1.650728e-02  20  122.29
282  12  1.554747e-02  20  122.57
282  9  2.212074e-02  20  122.80
279  12  1.588243e-02  20  122.93
279  3  8.215087e-02  20  123.05
282  27  4.011617e-03  20  123.39
279  9  1.948590e-02  20  123.46
282  3  6.039220e-02  20  123.61
279  6  2.994539e-02  20  123.62
279  27  4.007988e-03  20  123.66
282  21  1.647684e-02  20  123.72
285  15  2.038410e-02  20  124.13
285  27  4.225362e-03  20  124.24
279  18  1.281584e-02  20  124.28
282  18  1.665897e-02  20  124.37
285  6  3.799524e-02  20  124.46
285  24  6.106044e-03  20  124.50
285  12  1.457106e-02  20  124.98
285  18  1.630613e-02  20  125.02
282  6  3.920583e-02  20  125.09
282  24  6.643556e-03  20  126.05
288  24  4.984912e-03  20  126.10
285  9  1.759030e-02  20  126.17
291  12  1.734654e-02  20  126.87
285  21  1.767787e-02  20  126.89
288  15  1.701362e-02  20  127.18
291  18  8.689963e-03  20  127.45
291  9  2.508183e-02  20  127.68
294  9  1.933604e-02  20  128.17
294  12  1.821462e-02  20  128.25
288  12  1.584532e-02  20  128.30
285  3  8.587883e-02  20  128.42
291  24  5.839454e-03  20  128.59
288  9  1.876346e-02  20  129.14
291  15  2.043213e-02  20  129.14
294  24  4.600241e-03  20  129.33
294  21  8.237249e-03  20  129.33
288  18  9.297651e-03  20  129.57
288  21  1.274290e-02  20  129.95
291  27  3.882855e-03  20  129.99
294  15  1.509736e-02  20  130.12
294  27  3.737884e-03  20  130.37
294  18  1.031452e-02  20  130.43
291  21  7.026872e-03  20  130.71
288  27  4.059393e-03  20  131.11
294  6  3.052604e-02  20  131.14
288  3  6.687337e-02  20  131.20
288  6  4.425519e-02  20  131.66
291  3  1.084924e-01  20  132.01
291  6  4.975415e-02  20  132.15
297  12  1.376457e-02  20  132.27
297  21  7.323541e-03  20  132.28
294  3  4.419680e-02  20  132.54
297  9  2.083168e-02  20  132.68
297  15  1.172877e-02  20  133.25
297  24  4.841164e-03  20  133.53
297  18  9.432744e-03  20  133.59
297  6  2.914194e-02  20  133.84
297  27  3.890744e-03  20  135.28
297  3  1.086392e-01  20  135.45
