# 1. n_LF  2. n_HF  3. error  4. n_optimization_restarts 5. time spent (min)
3  9  1.835266e-01  20  59.40
3  6  1.677512e-01  20  60.83
6  6  2.199354e-01  20  70.49
3  12  1.022668e-01  20  72.14
3  3  3.286081e-01  20  74.24
6  27  3.237261e-02  20  75.64
3  21  5.843923e-02  20  76.37
9  9  2.376348e-01  20  76.71
3  27  3.213917e-02  20  76.96
12  12  1.990014e-01  20  78.42
3  15  7.486914e-02  20  79.04
3  24  3.874618e-02  20  79.21
3  18  7.992245e-02  20  79.52
9  27  3.249839e-02  20  79.59
12  9  2.061805e-01  20  79.97
15  12  1.815962e-01  20  80.44
12  6  1.573892e-01  20  80.62
6  3  2.837278e-01  20  80.97
6  12  1.908674e-01  20  83.09
9  6  2.905475e-01  20  83.14
6  9  2.167128e-01  20  83.38
15  6  1.466639e-01  20  83.48
15  9  1.015566e-01  20  83.76
18  9  6.622020e-02  20  84.51
6  21  3.913475e-02  20  86.68
9  3  3.372504e-01  20  87.33
9  12  1.813772e-01  20  87.83
18  12  6.859408e-02  20  87.88
15  15  1.168692e-01  20  88.25
18  15  8.054171e-02  20  88.73
18  6  1.315144e-01  20  90.84
15  3  1.119276e-01  20  90.86
6  15  7.045834e-02  20  92.10
12  3  1.718058e-01  20  92.69
12  15  9.805095e-02  20  93.86
18  3  1.016745e-01  20  94.38
15  18  8.924855e-02  20  94.78
6  18  5.049580e-02  20  95.03
30  9  4.917560e-02  20  84.95
9  24  3.607640e-02  20  95.62
27  6  5.117270e-02  20  85.50
27  9  5.498164e-02  20  85.83
12  27  3.701300e-02  20  95.97
12  21  4.633018e-02  20  96.04
33  6  3.736931e-02  20  86.07
33  15  4.214606e-02  20  86.26
9  18  4.577566e-02  20  96.72
27  12  4.707902e-02  20  86.72
30  6  5.675889e-02  20  86.72
9  15  1.549639e-01  20  96.93
15  24  4.971193e-02  20  97.13
21  12  1.175565e-01  20  87.02
21  9  7.016159e-02  20  87.53
6  24  3.502115e-02  20  97.71
24  12  6.375816e-02  20  87.69
12  24  4.820180e-02  20  97.99
24  6  6.995910e-02  20  88.42
33  9  3.900586e-02  20  88.65
30  12  3.350968e-02  20  88.69
30  18  5.027976e-02  20  89.51
30  15  5.928600e-02  20  89.72
21  6  4.944523e-02  20  90.06
33  12  3.423990e-02  20  90.09
27  15  6.517630e-02  20  90.45
15  21  5.782672e-02  20  100.64
21  15  7.803241e-02  20  90.61
12  18  1.138285e-01  20  100.88
24  9  7.458357e-02  20  90.88
24  15  6.042306e-02  20  90.97
24  18  4.555684e-02  20  91.23
18  18  1.131145e-01  20  91.54
9  21  5.947319e-02  20  101.76
27  18  4.940770e-02  20  91.82
18  21  5.132998e-02  20  92.96
33  21  4.386433e-02  20  93.15
21  18  5.336947e-02  20  93.19
27  21  3.772413e-02  20  93.21
18  27  4.470754e-02  20  93.35
33  18  3.957183e-02  20  94.14
30  3  5.204463e-02  20  94.40
21  21  8.095970e-02  20  94.78
30  27  3.599495e-02  20  94.94
24  21  4.915959e-02  20  94.97
27  27  4.054321e-02  20  95.01
33  3  5.544570e-02  20  95.03
24  3  9.325200e-02  20  95.37
24  24  3.786535e-02  20  95.62
30  24  3.922965e-02  20  95.88
33  24  3.195001e-02  20  95.99
30  21  3.938959e-02  20  96.34
24  27  3.271688e-02  20  97.09
36  3  3.993630e-02  20  97.69
21  3  8.555230e-02  20  97.90
27  3  6.830482e-02  20  98.20
15  27  3.715481e-02  20  108.67
33  27  3.721411e-02  20  99.09
27  24  4.360329e-02  20  99.57
21  24  4.677182e-02  20  99.94
18  24  6.194079e-02  20  101.23
21  27  4.554371e-02  20  107.71
168  18  1.362493e-02  20  159.78
171  9  1.504788e-02  20  163.20
174  9  1.510949e-02  20  164.03
171  6  1.631071e-02  20  164.16
171  12  1.456521e-02  20  165.21
168  21  1.346458e-02  20  166.30
171  15  1.499821e-02  20  167.16
174  6  1.749368e-02  20  167.34
177  6  1.563427e-02  20  167.68
174  12  1.387285e-02  20  167.98
177  9  1.566322e-02  20  168.52
180  12  1.563888e-02  20  169.04
174  18  1.283773e-02  20  169.50
171  18  1.330451e-02  20  169.78
177  15  1.372771e-02  20  169.80
180  9  1.395652e-02  20  169.86
171  21  1.412133e-02  20  170.04
171  24  1.155440e-02  20  170.22
177  12  1.419872e-02  20  170.35
168  27  1.218352e-02  20  170.50
174  21  1.301570e-02  20  170.76
174  15  1.399400e-02  20  170.81
168  24  1.291980e-02  20  171.29
171  3  2.074281e-02  20  172.18
171  27  1.260754e-02  20  173.08
180  18  1.426261e-02  20  173.13
180  15  1.483062e-02  20  173.37
180  6  2.144353e-02  20  173.52
177  3  2.441662e-02  20  173.67
177  21  1.301343e-02  20  174.25
174  24  1.279609e-02  20  174.35
177  27  1.308628e-02  20  174.51
174  3  1.864512e-02  20  174.87
177  18  1.417451e-02  20  175.01
174  27  1.236291e-02  20  175.42
183  12  1.385315e-02  20  176.02
186  9  1.386459e-02  20  174.14
183  9  1.533587e-02  20  176.94
177  24  1.378054e-02  20  177.99
180  21  1.268449e-02  20  178.57
183  15  1.538283e-02  20  178.58
183  18  1.429254e-02  20  178.91
183  6  1.990012e-02  20  178.97
180  24  1.191297e-02  20  179.51
183  21  1.190583e-02  20  180.21
186  12  1.392440e-02  20  178.45
180  27  1.350487e-02  20  181.29
186  15  1.465765e-02  20  179.55
186  6  1.885217e-02  20  179.74
180  3  3.115721e-02  20  182.43
186  18  1.311659e-02  20  181.94
183  27  1.179691e-02  20  184.11
183  24  1.352765e-02  20  184.85
189  12  1.345663e-02  20  182.92
183  3  3.196884e-02  20  185.93
189  18  1.377353e-02  20  185.27
189  9  1.483573e-02  20  185.57
186  3  2.238279e-02  20  187.74
189  3  2.520735e-02  20  186.03
189  15  1.249744e-02  20  186.48
189  6  1.715745e-02  20  188.10
186  24  1.143702e-02  20  189.00
189  24  1.093707e-02  20  189.04
189  21  1.319953e-02  20  189.46
192  15  1.427189e-02  20  189.56
192  9  1.602017e-02  20  189.77
195  12  1.450891e-02  20  189.79
195  9  1.436421e-02  20  190.17
186  21  1.286177e-02  20  190.72
195  6  1.516026e-02  20  191.04
198  12  1.456119e-02  20  191.15
195  24  1.131705e-02  20  191.69
195  3  2.706295e-02  20  192.65
186  27  9.872036e-03  20  192.68
192  18  1.304521e-02  20  193.27
195  18  1.333248e-02  20  193.54
198  6  1.404625e-02  20  193.62
192  12  1.581128e-02  20  193.91
198  21  1.176751e-02  20  193.95
198  9  1.460007e-02  20  194.20
195  15  1.325212e-02  20  194.27
201  9  1.463818e-02  20  194.76
192  21  1.132323e-02  20  195.73
198  15  1.201425e-02  20  195.86
192  6  1.535134e-02  20  195.98
189  27  1.188152e-02  20  196.03
192  3  1.753058e-02  20  196.40
201  12  1.491664e-02  20  196.70
198  18  1.268047e-02  20  197.15
195  21  1.355755e-02  20  197.21
201  6  2.053550e-02  20  198.72
198  3  3.190342e-02  20  199.28
207  9  1.618418e-02  20  199.32
204  9  1.581359e-02  20  199.55
192  27  1.217085e-02  20  200.49
201  15  1.419973e-02  20  200.83
195  27  1.084512e-02  20  201.22
192  24  1.142003e-02  20  201.69
204  12  1.528935e-02  20  201.99
198  24  1.250523e-02  20  202.61
201  18  1.213886e-02  20  202.74
204  6  1.631822e-02  20  202.88
204  18  1.305076e-02  20  202.94
198  27  1.105846e-02  20  203.21
204  15  1.276358e-02  20  203.64
207  12  1.643364e-02  20  205.27
204  21  1.190023e-02  20  205.62
207  18  1.286691e-02  20  205.69
210  9  1.362727e-02  20  206.18
210  12  1.200767e-02  20  206.23
204  24  1.189631e-02  20  206.68
213  9  1.426642e-02  20  207.71
207  6  1.654808e-02  20  208.15
201  3  1.939831e-02  20  208.62
201  27  1.122947e-02  20  209.77
210  18  1.353985e-02  20  209.83
201  24  1.188476e-02  20  210.04
210  15  1.243593e-02  20  210.60
210  21  1.199496e-02  20  210.79
201  21  1.318990e-02  20  210.92
210  6  1.537348e-02  20  210.99
204  3  2.328946e-02  20  211.36
204  27  1.162109e-02  20  211.76
213  6  1.774888e-02  20  212.01
207  15  1.397007e-02  20  212.29
213  12  1.449798e-02  20  213.01
216  9  1.312105e-02  20  213.30
216  12  1.436579e-02  20  213.44
210  3  2.224397e-02  20  214.85
213  15  1.283399e-02  20  214.96
207  3  2.121348e-02  20  215.02
207  24  1.258714e-02  20  215.10
210  27  1.162953e-02  20  215.17
216  6  1.800356e-02  20  215.85
207  21  1.265536e-02  20  215.88
207  27  1.204856e-02  20  215.98
210  24  1.127037e-02  20  217.23
213  21  1.304301e-02  20  217.49
213  18  1.190751e-02  20  218.32
213  24  1.132692e-02  20  219.13
216  24  1.006769e-02  20  219.73
216  15  1.354147e-02  20  219.86
216  21  1.111510e-02  20  220.72
213  3  4.445326e-02  20  221.24
216  18  1.150090e-02  20  221.31
216  3  3.300768e-02  20  223.54
213  27  1.167839e-02  20  223.56
219  12  1.326848e-02  20  223.95
216  27  1.149083e-02  20  224.23
219  6  1.802988e-02  20  224.38
222  6  1.536021e-02  20  225.14
219  9  1.690218e-02  20  226.28
222  12  1.419911e-02  20  226.55
222  15  1.281903e-02  20  226.65
219  3  2.888551e-02  20  226.83
225  9  1.361082e-02  20  227.62
219  18  1.308661e-02  20  227.73
222  9  1.398805e-02  20  227.77
225  12  1.277870e-02  20  229.15
225  6  1.892997e-02  20  229.60
219  15  1.260247e-02  20  229.81
219  27  9.997713e-03  20  229.97
228  9  1.400061e-02  20  230.06
222  18  1.271792e-02  20  231.67
222  21  1.168239e-02  20  232.42
219  21  1.195284e-02  20  232.75
225  21  9.602586e-03  20  232.86
225  15  1.166830e-02  20  233.10
228  18  1.223880e-02  20  233.93
219  24  1.213643e-02  20  234.00
228  6  1.545361e-02  20  234.52
222  3  1.734569e-02  20  235.29
225  24  1.130076e-02  20  235.42
225  18  1.170535e-02  20  235.58
228  15  1.254197e-02  20  236.04
228  12  1.400165e-02  20  236.50
222  27  1.046887e-02  20  237.23
231  12  1.372102e-02  20  238.32
225  27  1.180243e-02  20  238.77
231  9  1.598565e-02  20  238.93
234  12  1.378734e-02  20  239.14
228  21  1.200539e-02  20  239.39
228  24  1.144387e-02  20  239.50
234  9  1.374422e-02  20  239.75
222  24  1.183350e-02  20  239.98
228  3  2.287740e-02  20  240.78
234  21  1.252281e-02  20  241.48
231  6  1.448441e-02  20  242.38
234  18  1.272151e-02  20  242.51
231  18  1.177481e-02  20  243.32
231  15  1.459828e-02  20  243.45
234  6  1.440758e-02  20  243.48
228  27  1.180666e-02  20  244.21
225  3  2.099971e-02  20  244.68
234  15  1.315630e-02  20  245.15
231  3  4.331026e-02  20  246.49
237  12  1.317983e-02  20  246.62
237  9  1.348003e-02  20  246.63
231  24  1.159363e-02  20  247.57
231  21  1.178195e-02  20  248.21
240  9  1.394216e-02  20  250.12
234  3  2.851554e-02  20  250.58
240  6  1.387797e-02  20  250.73
231  27  1.028089e-02  20  251.24
234  27  1.083760e-02  20  252.90
234  24  1.187236e-02  20  253.35
237  15  1.233757e-02  20  253.58
237  6  1.365215e-02  20  254.67
237  18  1.261662e-02  20  254.90
237  21  1.248706e-02  20  256.06
240  12  1.384130e-02  20  256.14
240  15  1.273381e-02  20  256.20
240  18  1.121354e-02  20  256.92
237  24  1.234180e-02  20  258.36
243  21  1.107448e-02  20  258.58
240  21  1.132490e-02  20  258.68
237  3  2.162230e-02  20  259.18
240  24  1.020601e-02  20  260.51
243  12  1.451538e-02  20  261.20
243  9  1.380245e-02  20  261.20
243  6  1.498123e-02  20  261.94
243  15  1.414292e-02  20  262.19
246  12  1.381829e-02  20  262.33
246  9  1.412464e-02  20  262.68
240  27  1.063287e-02  20  263.23
243  18  1.248773e-02  20  263.62
246  6  1.493021e-02  20  264.18
246  15  1.292046e-02  20  264.35
243  24  1.113847e-02  20  264.48
246  18  1.229905e-02  20  264.96
249  9  1.323901e-02  20  265.33
237  27  1.082327e-02  20  265.37
249  18  1.184412e-02  20  266.09
240  3  3.030734e-02  20  267.59
246  3  1.932075e-02  20  268.05
249  12  1.344364e-02  20  268.47
252  9  1.400254e-02  20  269.03
252  6  1.720537e-02  20  269.06
243  3  1.903599e-02  20  269.14
252  15  1.308046e-02  20  270.20
243  27  1.003251e-02  20  270.21
249  15  1.317669e-02  20  270.69
246  21  1.209483e-02  20  271.24
252  12  1.405979e-02  20  271.52
246  24  1.179572e-02  20  272.73
249  21  1.145043e-02  20  273.89
249  6  1.542891e-02  20  275.13
252  18  1.257884e-02  20  276.84
246  27  9.650441e-03  20  276.86
249  3  2.081453e-02  20  277.23
249  27  1.061396e-02  20  277.75
249  24  1.082558e-02  20  278.42
255  9  1.312342e-02  20  279.17
258  9  1.724551e-02  20  280.09
258  18  1.167753e-02  20  280.27
255  15  1.459025e-02  20  281.29
252  3  1.862607e-02  20  282.74
255  12  1.415670e-02  20  282.93
252  24  1.093868e-02  20  283.21
258  12  1.420674e-02  20  283.61
258  15  1.223439e-02  20  283.72
258  6  1.939226e-02  20  284.36
255  18  1.123823e-02  20  284.85
261  9  1.500914e-02  20  284.88
252  27  1.061294e-02  20  285.40
255  6  1.680336e-02  20  285.50
252  21  1.118631e-02  20  285.78
258  21  1.084020e-02  20  286.82
255  21  1.102097e-02  20  286.93
264  12  1.266264e-02  20  287.82
261  18  1.217480e-02  20  290.31
264  9  1.368604e-02  20  290.56
255  27  1.093973e-02  20  290.65
261  12  1.368575e-02  20  291.13
264  6  2.069012e-02  20  291.90
258  3  4.995767e-02  20  292.09
258  24  1.115137e-02  20  292.11
261  15  1.293824e-02  20  292.95
264  15  1.325107e-02  20  293.17
255  24  1.092380e-02  20  293.34
261  6  1.492686e-02  20  293.53
258  27  1.083040e-02  20  293.61
255  3  1.808464e-02  20  293.72
264  18  1.244031e-02  20  294.58
261  24  1.100699e-02  20  296.70
261  21  1.165397e-02  20  297.11
267  12  1.419498e-02  20  297.88
264  24  1.151990e-02  20  298.02
264  3  1.951805e-02  20  298.14
264  21  1.159619e-02  20  298.71
270  6  1.594107e-02  20  299.39
267  15  1.241679e-02  20  299.47
267  9  1.243457e-02  20  299.79
267  21  1.168627e-02  20  300.54
261  27  1.028434e-02  20  300.83
267  18  1.277394e-02  20  301.91
267  6  1.377095e-02  20  302.17
264  27  1.118252e-02  20  302.59
261  3  1.794402e-02  20  302.81
270  9  1.473262e-02  20  303.21
267  24  1.013258e-02  20  303.88
270  21  1.097481e-02  20  304.46
270  24  1.057977e-02  20  305.87
270  12  1.394653e-02  20  306.50
270  15  1.319963e-02  20  306.98
267  3  4.654054e-02  20  308.71
273  12  1.409432e-02  20  310.30
270  3  1.750683e-02  20  311.59
273  6  1.509662e-02  20  311.87
276  6  1.395726e-02  20  312.65
273  15  1.226000e-02  20  312.92
270  18  1.246142e-02  20  313.64
273  9  1.353107e-02  20  313.79
276  15  1.240786e-02  20  313.84
273  21  1.136021e-02  20  314.73
276  18  1.184103e-02  20  314.98
276  12  1.180782e-02  20  315.06
270  27  9.423676e-03  20  316.19
276  21  1.135484e-02  20  317.42
273  18  1.204316e-02  20  317.52
276  9  1.464466e-02  20  317.97
267  27  9.946060e-03  20  319.01
273  3  1.675562e-02  20  320.67
282  9  1.264442e-02  20  320.77
276  24  1.070315e-02  20  321.22
279  15  1.182478e-02  20  321.69
282  6  1.468458e-02  20  323.04
282  12  1.336029e-02  20  323.80
273  24  1.098030e-02  20  324.37
279  12  1.217846e-02  20  324.47
279  9  1.256310e-02  20  324.90
273  27  1.059044e-02  20  325.07
276  3  1.795523e-02  20  325.42
282  21  1.131244e-02  20  325.45
276  27  1.054566e-02  20  326.27
279  6  1.408403e-02  20  326.68
279  18  1.223344e-02  20  326.74
282  15  1.259848e-02  20  328.68
282  18  1.184146e-02  20  328.82
279  21  1.115947e-02  20  329.44
279  3  1.802051e-02  20  330.49
285  12  1.275374e-02  20  331.52
285  9  1.415657e-02  20  332.02
285  6  1.574340e-02  20  332.18
282  24  1.012116e-02  20  332.62
285  3  3.036142e-02  20  333.00
282  27  1.047923e-02  20  333.31
279  24  1.052668e-02  20  333.40
279  27  1.034117e-02  20  334.80
282  3  3.179540e-02  20  336.07
285  18  1.205488e-02  20  329.25
285  15  1.314806e-02  20  331.01
291  6  1.393984e-02  20  334.95
285  24  1.033624e-02  20  335.84
285  27  1.007023e-02  20  336.25
294  6  1.567121e-02  20  336.58
291  9  1.317015e-02  20  337.12
288  6  1.435955e-02  20  337.31
288  9  1.399686e-02  20  337.52
285  21  1.024902e-02  20  337.58
288  12  1.205171e-02  20  337.67
291  12  1.308286e-02  20  340.89
294  12  1.397930e-02  20  341.26
291  15  1.296644e-02  20  341.31
291  18  1.205212e-02  20  341.71
291  21  1.041182e-02  20  341.79
294  9  1.230760e-02  20  341.81
294  18  1.234844e-02  20  341.86
288  15  1.298314e-02  20  342.14
294  21  1.114640e-02  20  343.97
288  24  1.085961e-02  20  344.11
288  21  1.126060e-02  20  344.36
288  18  1.254350e-02  20  344.49
294  15  1.101098e-02  20  344.54
291  24  1.079111e-02  20  346.14
297  9  1.505799e-02  20  347.67
294  3  1.905631e-02  20  347.79
291  3  3.288750e-02  20  348.34
288  3  4.517250e-02  20  348.46
294  24  1.060999e-02  20  348.95
297  12  1.196781e-02  20  349.35
291  27  1.021544e-02  20  349.71
297  6  1.461740e-02  20  350.09
294  27  1.026345e-02  20  350.48
288  27  1.034928e-02  20  351.78
297  15  1.258861e-02  20  353.69
297  18  1.181237e-02  20  355.04
297  21  1.123712e-02  20  355.46
297  3  1.728687e-02  20  356.28
297  27  1.009214e-02  20  356.94
297  24  1.046163e-02  20  358.85
3  21  4.846653e-02  20  63.95
3  9  1.567486e-01  20  66.47
3  12  8.867185e-02  20  68.08
3  24  3.645537e-02  20  68.51
3  6  1.488815e-01  20  68.65
45  12  3.087595e-02  20  80.37
48  9  4.639906e-02  20  80.95
9  9  1.526646e-01  20  70.45
45  9  3.585061e-02  20  82.48
42  9  3.304190e-02  20  83.58
48  6  2.903490e-02  20  84.44
54  9  2.708134e-02  20  85.33
39  6  4.552891e-02  20  85.54
39  12  3.909285e-02  20  86.01
3  3  3.286081e-01  20  74.88
3  18  4.859351e-02  20  75.18
6  21  4.543644e-02  20  75.24
51  12  2.713938e-02  20  86.99
39  9  3.972344e-02  20  87.10
36  9  4.026257e-02  20  87.14
3  15  5.515161e-02  20  76.10
3  27  3.213917e-02  20  76.40
36  15  3.678889e-02  20  87.67
45  6  3.775434e-02  20  87.93
9  6  3.013833e-01  20  77.17
36  6  3.695323e-02  20  88.72
36  12  3.254225e-02  20  89.20
48  12  3.625630e-02  20  89.31
6  6  2.691918e-01  20  78.08
12  12  2.013640e-01  20  78.38
54  12  2.774752e-02  20  89.70
39  21  3.093567e-02  20  89.85
48  15  2.965567e-02  20  89.99
39  15  3.629317e-02  20  90.70
45  15  2.648038e-02  20  90.72
12  9  2.371184e-01  20  79.58
36  18  3.601420e-02  20  90.85
39  18  2.704388e-02  20  90.92
6  27  3.335691e-02  20  79.90
57  15  1.978125e-02  20  91.28
42  6  3.723885e-02  20  91.32
6  9  1.455101e-01  20  80.15
36  21  3.265794e-02  20  91.49
42  18  3.352430e-02  20  92.03
63  9  2.106276e-02  20  92.51
51  6  3.033646e-02  20  92.55
57  9  2.703918e-02  20  92.68
6  3  2.812346e-01  20  81.62
42  12  4.356129e-02  20  92.91
63  15  2.448592e-02  20  93.22
12  6  1.642205e-01  20  82.02
60  12  2.630991e-02  20  93.28
63  12  1.864450e-02  20  93.33
57  12  2.478509e-02  20  93.42
60  9  2.996122e-02  20  93.42
51  9  2.913919e-02  20  93.42
51  15  2.787233e-02  20  93.47
48  18  3.390291e-02  20  93.58
60  6  2.603532e-02  20  93.76
66  12  2.579222e-02  20  93.87
42  24  3.192524e-02  20  94.18
63  6  2.119848e-02  20  94.30
54  6  3.135836e-02  20  94.33
45  18  2.987026e-02  20  94.38
42  15  4.174288e-02  20  94.46
18  6  8.274746e-02  20  83.28
45  27  3.345628e-02  20  94.55
57  6  2.697002e-02  20  94.58
66  6  2.660531e-02  20  94.60
66  15  2.132263e-02  20  94.63
66  9  2.792316e-02  20  94.84
18  9  9.126558e-02  20  83.69
39  3  4.513139e-02  20  94.96
39  27  2.836646e-02  20  95.08
57  18  2.711711e-02  20  95.20
15  9  1.262112e-01  20  84.16
54  18  2.072690e-02  20  95.46
54  15  3.430138e-02  20  95.46
51  18  2.723761e-02  20  95.85
42  3  3.823158e-02  20  95.97
12  3  2.556147e-01  20  84.75
15  15  1.124030e-01  20  85.52
45  3  3.189396e-02  20  96.81
15  12  8.481286e-02  20  85.70
60  18  2.457439e-02  20  97.12
57  21  2.488744e-02  20  97.15
18  15  7.673810e-02  20  86.01
60  21  2.463807e-02  20  97.30
51  21  2.530803e-02  20  97.36
6  24  3.813130e-02  20  86.21
45  24  2.944723e-02  20  97.68
9  12  2.047966e-01  20  86.71
15  6  1.650519e-01  20  86.73
69  6  2.774282e-02  20  98.00
51  3  3.747210e-02  20  98.06
60  15  2.467571e-02  20  98.24
36  24  3.521664e-02  20  98.31
48  3  5.541943e-02  20  98.57
54  27  2.306080e-02  20  98.74
9  21  5.288690e-02  20  87.89
18  12  9.699152e-02  20  87.89
66  18  2.774044e-02  20  99.13
63  18  2.634068e-02  20  99.19
69  12  2.057165e-02  20  92.73
54  3  5.181370e-02  20  99.56
9  3  2.251393e-01  20  88.38
9  18  1.210322e-01  20  88.51
57  3  3.339545e-02  20  99.89
36  27  2.755947e-02  20  99.96
42  27  2.782969e-02  20  100.05
63  3  3.188021e-02  20  100.05
48  24  2.785579e-02  20  100.26
69  9  2.294645e-02  20  93.80
12  15  9.113859e-02  20  89.35
45  21  3.050269e-02  20  100.71
54  21  2.365601e-02  20  100.90
57  24  2.076451e-02  20  101.02
48  21  2.371280e-02  20  101.62
66  21  2.451516e-02  20  101.63
39  24  3.065671e-02  20  101.73
72  12  2.730151e-02  20  95.17
15  24  5.029689e-02  20  90.78
78  9  2.118533e-02  20  95.50
78  12  2.529910e-02  20  95.70
15  21  4.354343e-02  20  91.18
63  21  1.967100e-02  20  102.54
69  3  3.839046e-02  20  102.70
42  21  3.946983e-02  20  102.73
51  24  2.544487e-02  20  102.74
60  24  2.153090e-02  20  102.86
57  27  2.294675e-02  20  102.88
6  12  1.542770e-01  20  91.70
6  15  5.733019e-02  20  91.84
15  3  1.223616e-01  20  91.87
84  9  2.353217e-02  20  96.65
12  18  5.755546e-02  20  92.22
9  24  3.616598e-02  20  92.24
66  27  2.104551e-02  20  103.52
81  9  2.333101e-02  20  97.32
9  15  7.603152e-02  20  92.79
63  24  2.478621e-02  20  104.12
69  15  1.930540e-02  20  97.66
75  9  2.180079e-02  20  98.02
72  6  2.224081e-02  20  98.04
66  3  2.666420e-02  20  104.68
18  3  1.089778e-01  20  93.53
60  3  3.005788e-02  20  104.87
63  27  2.638070e-02  20  105.06
75  12  2.437203e-02  20  98.60
6  18  5.977988e-02  20  94.31
75  15  2.541159e-02  20  99.24
72  9  2.173287e-02  20  99.43
66  24  1.820290e-02  20  106.20
84  12  2.102044e-02  20  100.01
78  6  2.925390e-02  20  100.07
51  27  2.409226e-02  20  106.69
81  12  1.826266e-02  20  100.13
87  6  2.111636e-02  20  100.25
54  24  2.056640e-02  20  107.40
81  6  2.106514e-02  20  101.68
69  18  1.993998e-02  20  101.78
72  15  1.932733e-02  20  102.01
69  21  2.041955e-02  20  102.04
78  15  1.951959e-02  20  102.34
84  6  2.286456e-02  20  102.48
90  9  2.293723e-02  20  102.54
48  27  2.241849e-02  20  109.21
78  21  1.785214e-02  20  102.70
81  18  1.824478e-02  20  102.72
72  18  2.289274e-02  20  102.78
75  18  1.956042e-02  20  102.84
84  15  1.870233e-02  20  102.98
81  15  1.856042e-02  20  103.08
90  12  1.960527e-02  20  103.08
96  9  1.822322e-02  20  103.16
12  27  3.566982e-02  20  98.74
78  18  2.165164e-02  20  103.40
60  27  1.854260e-02  20  110.13
69  24  2.049228e-02  20  103.76
72  21  2.189282e-02  20  103.82
87  9  2.049523e-02  20  103.82
75  6  2.263672e-02  20  104.21
84  18  1.807917e-02  20  104.25
87  15  1.693925e-02  20  104.31
84  21  1.905076e-02  20  104.70
90  18  1.731733e-02  20  104.93
87  12  1.885609e-02  20  104.93
81  21  2.050503e-02  20  105.09
78  3  2.414470e-02  20  105.25
84  3  2.337949e-02  20  105.32
93  9  2.320512e-02  20  105.34
93  12  2.185722e-02  20  105.36
75  21  2.118281e-02  20  105.39
90  6  2.729819e-02  20  105.52
96  6  2.171175e-02  20  105.57
99  12  1.814240e-02  20  105.57
72  3  5.178836e-02  20  105.93
72  24  2.128250e-02  20  106.05
90  15  1.572455e-02  20  106.14
93  15  1.922242e-02  20  106.55
102  12  1.728476e-02  20  106.68
99  9  1.797215e-02  20  106.70
75  27  1.804696e-02  20  106.85
12  21  3.983805e-02  20  102.43
93  6  2.247364e-02  20  107.12
87  18  1.757783e-02  20  107.15
81  3  2.277861e-02  20  107.24
99  6  1.811862e-02  20  107.24
93  3  4.321247e-02  20  107.25
102  9  1.619167e-02  20  107.34
15  27  3.925724e-02  20  102.92
75  3  3.084598e-02  20  107.82
9  27  3.665476e-02  20  103.23
12  24  4.953106e-02  20  103.25
102  6  1.959030e-02  20  107.99
15  18  8.509894e-02  20  103.40
75  24  2.138565e-02  20  108.20
81  24  1.881607e-02  20  108.21
72  27  1.598852e-02  20  108.26
105  9  2.032090e-02  20  108.44
69  27  2.142573e-02  20  108.45
105  12  1.752030e-02  20  108.50
96  12  1.680778e-02  20  109.06
87  24  1.487983e-02  20  109.25
108  9  1.870306e-02  20  109.33
78  27  2.025013e-02  20  109.41
96  18  1.581106e-02  20  109.85
96  15  1.753445e-02  20  109.91
99  15  1.670453e-02  20  110.02
93  18  1.574739e-02  20  110.46
96  3  2.236335e-02  20  110.48
87  21  1.925160e-02  20  110.68
99  18  2.151790e-02  20  111.12
96  21  1.532312e-02  20  111.20
105  15  1.514675e-02  20  111.33
102  18  1.707641e-02  20  111.39
81  27  1.821741e-02  20  111.39
90  21  1.661037e-02  20  111.47
90  24  1.899773e-02  20  111.79
114  9  1.881074e-02  20  111.87
93  21  1.446584e-02  20  111.91
111  9  1.940604e-02  20  111.94
87  3  2.308050e-02  20  112.35
102  15  1.594717e-02  20  112.37
99  21  1.364397e-02  20  112.40
90  3  2.321371e-02  20  112.61
78  24  1.788469e-02  20  112.82
96  24  1.552566e-02  20  113.28
114  6  2.121133e-02  20  113.43
108  12  1.771561e-02  20  113.44
102  3  3.717095e-02  20  114.07
87  27  1.865390e-02  20  114.31
105  18  1.484770e-02  20  114.56
84  27  1.587288e-02  20  114.57
84  24  1.596361e-02  20  114.64
105  6  1.709783e-02  20  114.71
111  12  1.739123e-02  20  114.73
108  18  1.810950e-02  20  114.95
114  12  1.539757e-02  20  114.98
108  15  1.927062e-02  20  115.17
99  24  1.638074e-02  20  115.40
108  6  1.858415e-02  20  115.44
111  15  1.698938e-02  20  116.80
93  24  1.891975e-02  20  116.85
102  24  1.931549e-02  20  117.35
102  21  1.644872e-02  20  117.40
111  18  1.459558e-02  20  117.50
117  12  1.993828e-02  20  117.55
117  18  1.541541e-02  20  117.58
93  27  1.494402e-02  20  117.62
117  9  1.720286e-02  20  117.81
90  27  1.918060e-02  20  117.85
105  21  1.566252e-02  20  117.89
117  15  1.591538e-02  20  117.96
114  15  1.731547e-02  20  118.00
120  12  1.729823e-02  20  118.04
108  21  1.636538e-02  20  118.07
99  27  1.497929e-02  20  118.07
111  6  2.081714e-02  20  118.40
120  9  1.845789e-02  20  118.72
96  27  1.480280e-02  20  118.85
117  6  1.859976e-02  20  119.09
123  9  2.029040e-02  20  119.10
108  3  1.864429e-02  20  119.33
99  3  3.367355e-02  20  119.43
126  12  1.680014e-02  20  119.92
114  3  2.200621e-02  20  120.19
114  18  1.891642e-02  20  120.41
129  9  1.759058e-02  20  120.57
111  3  2.091053e-02  20  120.93
123  12  1.717661e-02  20  121.04
105  3  2.833434e-02  20  121.10
111  21  1.476042e-02  20  121.31
114  21  1.563736e-02  20  121.43
120  6  2.628459e-02  20  121.44
120  15  1.364725e-02  20  122.17
117  21  1.676989e-02  20  122.39
120  18  1.540231e-02  20  122.69
105  24  1.529150e-02  20  122.87
123  15  1.513781e-02  20  122.90
126  9  1.876870e-02  20  122.90
114  24  1.339060e-02  20  122.91
108  24  1.557461e-02  20  123.11
102  27  1.567481e-02  20  123.16
111  27  1.713919e-02  20  123.40
105  27  1.698677e-02  20  123.51
117  24  1.448783e-02  20  123.53
111  24  1.452915e-02  20  123.57
126  15  1.750345e-02  20  124.52
129  6  1.744412e-02  20  124.57
120  21  1.354813e-02  20  124.64
129  12  1.591179e-02  20  124.93
126  21  1.631366e-02  20  125.19
108  27  1.832779e-02  20  125.20
123  6  1.751120e-02  20  125.21
114  27  1.362169e-02  20  125.42
123  18  1.518000e-02  20  125.91
126  18  1.550062e-02  20  125.91
132  15  1.692068e-02  20  126.10
132  9  1.671880e-02  20  126.57
126  6  1.868296e-02  20  126.73
132  12  1.785817e-02  20  126.85
117  3  2.180926e-02  20  126.91
135  12  1.641761e-02  20  127.06
123  21  1.274913e-02  20  127.30
129  15  1.467863e-02  20  128.51
120  3  2.690838e-02  20  128.69
126  3  2.039436e-02  20  128.87
132  6  1.835825e-02  20  129.49
117  27  1.506647e-02  20  129.60
135  6  1.925949e-02  20  129.62
129  18  1.186996e-02  20  130.00
120  24  1.338379e-02  20  130.17
123  24  1.386594e-02  20  130.32
132  18  1.303917e-02  20  131.27
132  3  3.982622e-02  20  131.41
135  15  1.574293e-02  20  131.77
141  12  1.571847e-02  20  132.12
129  21  1.647260e-02  20  132.29
135  9  1.452469e-02  20  132.36
141  18  1.592981e-02  20  132.66
138  9  1.615097e-02  20  133.25
135  18  1.650736e-02  20  133.39
120  27  1.330346e-02  20  133.51
138  15  1.682486e-02  20  133.55
123  27  1.476264e-02  20  133.70
132  21  1.393822e-02  20  133.71
129  27  1.149307e-02  20  133.77
126  27  1.320294e-02  20  134.02
144  9  1.655068e-02  20  134.16
126  24  1.477034e-02  20  134.17
132  24  1.365723e-02  20  134.20
144  12  1.508978e-02  20  134.60
141  15  1.665219e-02  20  134.92
129  3  3.492758e-02  20  135.14
129  24  1.411060e-02  20  135.17
138  6  1.846000e-02  20  135.23
135  21  1.319582e-02  20  135.34
138  18  1.299613e-02  20  136.00
138  12  1.800118e-02  20  136.39
123  3  3.362642e-02  20  136.56
135  3  1.917305e-02  20  137.40
141  6  1.563916e-02  20  137.52
141  9  1.498172e-02  20  137.84
138  24  1.442684e-02  20  139.10
138  21  1.651072e-02  20  139.35
132  27  1.424520e-02  20  139.36
147  6  1.624408e-02  20  139.37
147  9  1.690902e-02  20  139.42
144  18  1.505265e-02  20  139.67
144  6  2.253431e-02  20  140.00
135  27  1.288287e-02  20  140.15
150  9  1.450375e-02  20  140.20
144  15  1.466190e-02  20  140.34
141  3  2.264332e-02  20  141.02
147  15  1.514792e-02  20  141.18
147  12  1.809257e-02  20  141.74
138  3  4.572937e-02  20  141.80
141  24  1.290399e-02  20  141.92
144  3  3.590084e-02  20  142.04
135  24  1.337486e-02  20  142.11
144  21  1.430595e-02  20  142.93
147  21  1.235571e-02  20  143.46
150  12  1.617846e-02  20  143.47
147  18  1.329353e-02  20  143.67
144  27  1.456151e-02  20  143.96
138  27  1.399192e-02  20  143.98
141  21  1.549798e-02  20  144.08
150  18  1.355188e-02  20  144.22
147  24  1.299085e-02  20  144.38
153  12  1.602893e-02  20  143.96
156  6  2.299592e-02  20  144.14
150  15  1.349055e-02  20  145.01
150  6  1.801446e-02  20  145.15
144  24  1.465890e-02  20  145.58
147  3  1.918763e-02  20  146.03
141  27  1.453915e-02  20  146.21
153  6  1.658089e-02  20  146.56
153  9  1.593458e-02  20  146.89
150  21  1.409157e-02  20  148.43
159  9  1.905875e-02  20  148.08
156  21  1.331576e-02  20  148.09
150  24  1.249460e-02  20  148.88
156  12  1.532318e-02  20  148.22
147  27  1.289428e-02  20  149.54
150  3  2.227438e-02  20  149.73
153  15  1.449367e-02  20  149.14
156  9  1.432991e-02  20  149.45
150  27  1.250073e-02  20  150.62
156  15  1.526762e-02  20  149.99
159  12  1.452950e-02  20  150.15
162  12  1.429153e-02  20  150.58
162  6  1.946497e-02  20  150.76
156  18  1.596628e-02  20  150.84
153  18  1.399340e-02  20  151.28
153  21  1.482084e-02  20  151.89
159  15  1.470462e-02  20  152.36
153  24  1.343559e-02  20  152.81
165  9  1.959040e-02  20  152.84
159  6  1.493685e-02  20  153.31
162  9  1.640766e-02  20  153.72
162  21  1.066315e-02  20  154.79
165  12  1.473879e-02  20  154.85
159  18  1.253310e-02  20  155.49
159  21  1.408481e-02  20  155.84
162  18  1.425311e-02  20  156.71
168  12  1.440321e-02  20  156.91
168  9  1.506649e-02  20  157.04
162  15  1.442848e-02  20  157.22
156  27  1.198974e-02  20  157.37
153  27  1.203489e-02  20  157.47
159  27  1.220801e-02  20  157.72
165  15  1.485251e-02  20  157.90
156  24  1.290891e-02  20  158.60
165  21  1.372049e-02  20  159.06
153  3  4.737983e-02  20  159.37
165  18  1.382182e-02  20  159.48
168  15  1.362475e-02  20  159.85
156  3  3.388870e-02  20  159.88
165  6  1.949366e-02  20  160.15
162  24  1.247766e-02  20  161.13
159  24  1.250201e-02  20  161.21
162  3  1.859556e-02  20  161.31
168  6  1.848763e-02  20  161.33
165  3  2.268129e-02  20  161.97
159  3  4.036309e-02  20  162.01
162  27  1.253665e-02  20  163.11
165  27  1.262883e-02  20  165.61
168  3  2.139757e-02  20  165.70
165  24  1.291865e-02  20  167.23
171  12  1.397699e-02  20  163.48
168  21  1.232877e-02  20  163.71
171  6  1.829415e-02  20  164.39
174  9  1.578932e-02  20  165.53
168  18  1.284019e-02  20  165.77
171  18  1.311928e-02  20  166.61
174  15  1.346792e-02  20  167.28
174  12  1.629909e-02  20  168.12
171  15  1.536558e-02  20  168.16
177  9  1.686779e-02  20  168.44
171  9  1.517803e-02  20  168.97
168  24  1.161474e-02  20  169.41
174  6  1.679879e-02  20  169.43
168  27  1.241118e-02  20  170.00
180  15  1.404555e-02  20  170.20
180  6  1.666366e-02  20  170.82
180  9  1.607500e-02  20  171.07
180  18  1.365793e-02  20  171.23
180  12  1.352924e-02  20  171.49
177  18  1.365098e-02  20  171.60
177  12  1.558250e-02  20  171.60
174  21  1.254414e-02  20  171.80
177  6  1.909801e-02  20  172.71
171  21  1.335080e-02  20  172.81
177  15  1.374385e-02  20  173.00
177  21  1.357287e-02  20  173.16
183  9  1.596624e-02  20  174.54
174  18  1.516908e-02  20  174.65
183  6  1.960013e-02  20  174.86
186  12  1.243499e-02  20  174.88
171  24  1.208431e-02  20  175.24
171  3  3.256095e-02  20  175.37
171  27  1.235664e-02  20  175.59
174  3  2.094343e-02  20  175.63
174  24  1.297423e-02  20  176.20
183  18  1.303852e-02  20  176.44
183  12  1.288462e-02  20  177.01
177  24  1.315598e-02  20  177.08
174  27  1.200786e-02  20  177.17
186  6  1.595179e-02  20  177.18
180  3  2.224234e-02  20  177.26
177  27  1.107601e-02  20  178.37
183  15  1.573557e-02  20  178.55
180  21  1.311620e-02  20  179.62
183  21  1.222138e-02  20  180.13
186  9  1.595283e-02  20  180.14
189  6  1.582830e-02  20  182.00
189  15  1.408145e-02  20  182.01
180  27  1.268583e-02  20  182.23
186  15  1.406029e-02  20  182.43
180  24  1.088160e-02  20  182.96
183  3  2.229953e-02  20  183.00
177  3  3.288471e-02  20  183.31
186  18  1.198407e-02  20  183.52
186  3  1.845003e-02  20  183.87
189  12  1.331514e-02  20  184.07
183  24  1.198117e-02  20  184.12
183  27  1.170004e-02  20  185.22
186  21  1.352148e-02  20  185.40
189  9  1.777388e-02  20  186.00
186  24  1.146271e-02  20  187.72
192  9  1.379099e-02  20  188.26
195  9  1.548332e-02  20  188.54
189  21  1.209196e-02  20  189.45
192  12  1.270679e-02  20  190.13
195  6  1.875552e-02  20  190.60
198  9  1.410581e-02  20  190.72
186  27  1.287276e-02  20  190.77
195  18  1.255848e-02  20  190.89
192  6  1.487321e-02  20  191.47
189  18  1.290488e-02  20  191.80
195  12  1.467455e-02  20  192.34
192  18  1.431596e-02  20  192.45
198  6  1.383057e-02  20  192.54
189  3  2.216701e-02  20  193.08
198  15  1.385506e-02  20  193.24
198  12  1.464263e-02  20  193.36
192  15  1.403990e-02  20  193.56
189  24  1.172029e-02  20  193.95
189  27  1.179129e-02  20  194.33
195  15  1.305367e-02  20  194.64
201  6  1.535734e-02  20  195.52
195  24  1.180411e-02  20  196.33
195  21  1.308031e-02  20  196.61
195  3  3.078218e-02  20  196.66
192  24  1.231076e-02  20  197.17
201  15  1.439367e-02  20  197.44
198  24  1.185583e-02  20  197.81
204  12  1.400432e-02  20  197.90
198  18  1.342744e-02  20  197.99
201  12  1.419920e-02  20  198.18
192  21  1.221082e-02  20  198.31
204  9  1.543634e-02  20  198.70
30  9  3.496727e-02  20  82.46
201  18  1.485496e-02  20  199.06
195  27  1.217883e-02  20  199.65
192  27  1.162395e-02  20  199.70
198  21  1.255101e-02  20  200.16
204  15  1.290790e-02  20  200.54
198  3  2.232770e-02  20  201.04
201  9  1.532695e-02  20  201.05
30  12  5.181920e-02  20  84.58
198  27  1.135811e-02  20  201.23
24  6  5.524443e-02  20  84.84
39  12  3.639944e-02  20  84.91
192  3  4.292371e-02  20  202.03
21  9  8.131410e-02  20  86.03
207  6  1.695936e-02  20  203.00
42  9  3.812873e-02  20  86.52
24  9  9.035295e-02  20  86.67
33  12  4.967593e-02  20  87.04
33  18  4.030092e-02  20  87.26
36  9  4.705605e-02  20  87.31
210  9  1.356635e-02  20  203.97
201  21  1.296036e-02  20  203.99
36  15  3.912522e-02  20  88.22
39  9  5.195793e-02  20  88.27
204  24  1.162984e-02  20  204.84
204  18  1.280001e-02  20  204.94
21  12  4.099129e-02  20  88.45
24  15  4.766912e-02  20  88.48
45  12  3.100643e-02  20  88.51
33  21  4.777655e-02  20  88.92
18  18  7.327588e-02  20  88.92
27  15  5.310271e-02  20  89.00
24  12  6.739159e-02  20  89.06
207  9  1.641543e-02  20  205.62
42  12  3.400067e-02  20  89.14
45  9  3.220795e-02  20  89.16
30  18  5.607339e-02  20  89.31
42  6  4.203288e-02  20  89.33
30  15  4.029509e-02  20  89.34
36  12  4.276685e-02  20  89.37
204  21  1.128866e-02  20  206.00
39  6  3.976670e-02  20  89.51
27  12  4.819144e-02  20  89.73
204  6  1.914578e-02  20  206.28
21  6  5.932093e-02  20  89.75
39  15  3.442379e-02  20  89.83
33  6  5.309787e-02  20  90.08
45  15  3.196134e-02  20  90.09
27  9  6.322006e-02  20  90.09
201  3  3.792942e-02  20  206.74
33  9  5.598214e-02  20  90.35
27  6  7.108047e-02  20  90.38
24  21  4.846066e-02  20  91.17
207  15  1.265190e-02  20  207.88
51  3  3.243946e-02  20  91.36
48  12  3.238630e-02  20  91.46
21  18  6.541040e-02  20  91.57
48  9  3.450350e-02  20  91.59
24  18  5.854275e-02  20  91.67
33  15  4.731889e-02  20  91.73
30  6  5.311381e-02  20  91.86
48  6  3.033186e-02  20  91.86
51  15  3.349357e-02  20  91.95
39  3  4.924325e-02  20  92.26
201  27  1.244766e-02  20  208.90
21  15  9.343842e-02  20  92.40
45  6  3.557525e-02  20  92.45
207  12  1.360900e-02  20  209.02
45  18  3.374062e-02  20  92.50
42  21  3.966941e-02  20  92.52
36  6  3.713009e-02  20  92.68
210  12  1.364906e-02  20  209.22
30  21  3.967735e-02  20  92.77
51  12  3.128185e-02  20  92.89
51  9  3.095009e-02  20  92.98
36  18  5.472866e-02  20  93.01
36  21  5.285072e-02  20  93.22
39  18  3.476092e-02  20  93.60
27  18  4.193736e-02  20  93.61
42  15  3.137811e-02  20  93.67
48  15  2.866737e-02  20  93.67
51  6  2.940210e-02  20  93.74
210  15  1.302088e-02  20  210.37
24  24  5.190982e-02  20  93.85
30  24  4.337000e-02  20  93.93
216  9  1.723584e-02  20  210.50
33  27  2.993177e-02  20  94.02
48  21  2.585772e-02  20  94.07
36  24  4.144008e-02  20  94.43
39  21  4.138718e-02  20  94.50
24  3  7.130042e-02  20  94.73
201  24  1.137462e-02  20  211.28
207  18  1.336244e-02  20  211.28
39  27  3.020999e-02  20  94.93
42  18  3.675298e-02  20  94.99
30  27  4.019370e-02  20  95.00
21  21  5.010705e-02  20  95.01
210  21  1.231109e-02  20  211.55
36  3  6.473158e-02  20  95.06
27  3  7.222531e-02  20  95.18
27  27  4.054321e-02  20  95.24
33  3  6.615211e-02  20  95.30
33  24  3.591653e-02  20  95.46
54  15  2.889984e-02  20  89.39
207  24  1.098899e-02  20  212.27
207  21  1.165988e-02  20  212.32
204  3  2.459384e-02  20  212.34
39  24  3.524806e-02  20  95.98
21  3  7.144979e-02  20  96.11
60  6  1.975498e-02  20  90.07
42  3  4.055112e-02  20  96.25
66  9  2.013663e-02  20  90.17
54  12  2.530936e-02  20  90.21
57  9  3.557598e-02  20  90.29
27  24  4.249693e-02  20  96.48
48  18  2.574697e-02  20  96.62
210  6  1.718196e-02  20  213.18
213  12  1.301939e-02  20  213.30
210  18  1.214141e-02  20  213.35
45  21  2.243293e-02  20  96.97
30  3  6.638690e-02  20  96.97
24  27  4.051116e-02  20  97.03
42  24  2.788712e-02  20  97.05
207  3  1.913176e-02  20  213.59
213  15  1.341305e-02  20  213.74
210  24  1.216729e-02  20  213.93
204  27  1.166519e-02  20  213.96
213  6  1.530631e-02  20  213.98
54  9  3.411181e-02  20  91.47
60  9  2.723748e-02  20  92.26
63  9  2.288476e-02  20  92.26
213  9  1.608440e-02  20  215.17
36  27  3.426900e-02  20  98.64
42  27  2.908362e-02  20  98.77
216  6  1.984312e-02  20  215.32
63  12  2.501516e-02  20  92.74
45  3  3.241431e-02  20  98.98
57  15  2.578511e-02  20  92.93
21  24  5.210403e-02  20  99.43
48  3  5.055896e-02  20  99.49
213  21  1.198329e-02  20  216.33
21  27  4.026468e-02  20  99.94
18  21  7.109695e-02  20  100.12
60  12  2.774001e-02  20  93.99
207  27  1.092833e-02  20  216.88
216  15  1.386841e-02  20  216.97
210  27  1.121161e-02  20  217.12
57  6  3.593798e-02  20  94.51
216  18  1.196693e-02  20  217.31
57  12  3.002050e-02  20  94.76
54  6  4.955186e-02  20  94.79
213  18  1.335107e-02  20  217.62
216  12  1.517612e-02  20  217.93
210  3  2.333355e-02  20  218.01
66  12  2.388014e-02  20  95.35
66  6  2.393316e-02  20  95.71
54  18  2.477918e-02  20  95.79
60  15  2.839822e-02  20  95.85
51  18  2.351568e-02  20  102.29
57  18  2.953163e-02  20  96.41
219  9  1.541140e-02  20  219.27
45  27  2.696268e-02  20  103.04
213  24  1.216436e-02  20  219.59
63  6  2.158406e-02  20  96.97
69  6  3.096743e-02  20  97.04
63  15  2.128385e-02  20  97.04
51  21  2.717522e-02  20  97.31
57  21  2.586804e-02  20  97.54
27  21  6.470933e-02  20  103.84
63  18  2.187841e-02  20  97.76
45  24  2.567651e-02  20  104.20
66  18  2.309969e-02  20  98.30
213  3  1.807345e-02  20  221.70
69  9  2.445911e-02  20  93.39
66  15  1.980359e-02  20  99.59
60  18  2.298133e-02  20  100.15
57  3  2.705075e-02  20  100.17
213  27  1.120026e-02  20  223.06
219  6  1.487037e-02  20  223.18
216  24  1.275479e-02  20  223.24
54  21  2.274560e-02  20  100.69
60  21  2.641694e-02  20  100.73
222  15  1.214222e-02  20  223.51
48  27  3.055753e-02  20  107.24
72  6  2.666070e-02  20  95.42
18  24  6.758754e-02  20  107.41
222  9  1.270414e-02  20  224.08
48  24  2.525119e-02  20  107.92
60  3  2.823007e-02  20  101.85
216  21  1.184571e-02  20  224.55
18  27  4.233917e-02  20  108.21
69  12  2.361996e-02  20  96.32
72  12  2.421339e-02  20  96.43
81  9  2.631196e-02  20  96.51
63  21  2.377361e-02  20  102.44
75  12  2.209757e-02  20  96.88
57  24  2.155545e-02  20  102.66
69  3  3.192652e-02  20  102.70
216  27  1.125561e-02  20  225.50
60  27  2.381011e-02  20  102.94
78  12  2.051312e-02  20  97.20
54  3  3.159570e-02  20  102.99
216  3  1.798021e-02  20  226.05
72  9  2.127048e-02  20  97.65
78  9  2.152117e-02  20  97.73
78  15  1.822628e-02  20  97.78
69  15  1.705744e-02  20  97.94
219  12  1.242932e-02  20  226.45
72  18  1.890454e-02  20  98.05
51  24  2.312136e-02  20  103.86
219  15  1.237140e-02  20  226.66
63  27  1.902628e-02  20  104.08
84  12  2.118584e-02  20  98.37
57  27  2.600155e-02  20  104.31
81  6  2.840661e-02  20  98.68
222  12  1.476454e-02  20  227.23
84  9  1.881744e-02  20  98.77
75  9  2.991848e-02  20  98.87
66  3  3.320396e-02  20  104.95
84  6  2.125614e-02  20  99.27
54  24  2.127640e-02  20  105.22
63  3  4.460983e-02  20  105.33
69  18  2.237185e-02  20  99.57
72  15  2.476252e-02  20  99.77
222  18  1.157623e-02  20  228.73
81  12  2.011144e-02  20  100.36
66  24  2.310754e-02  20  106.30
219  21  1.048509e-02  20  229.03
225  9  1.552286e-02  20  229.20
81  15  1.879978e-02  20  100.78
219  18  1.109855e-02  20  229.35
63  24  2.036709e-02  20  106.72
219  3  1.756522e-02  20  229.45
78  6  2.640469e-02  20  100.98
75  15  1.865408e-02  20  101.09
66  27  1.748020e-02  20  107.08
69  21  2.183708e-02  20  101.33
54  27  2.196445e-02  20  107.11
66  21  1.743996e-02  20  107.74
228  12  1.400179e-02  20  230.54
60  24  2.073306e-02  20  107.98
84  15  1.561625e-02  20  102.32
75  18  2.028015e-02  20  102.34
75  6  2.316422e-02  20  102.45
84  18  1.870071e-02  20  102.98
225  12  1.369869e-02  20  231.57
228  6  1.559196e-02  20  231.75
222  6  1.735002e-02  20  231.78
51  27  2.288831e-02  20  109.26
219  24  1.159475e-02  20  232.23
222  21  1.171626e-02  20  232.29
225  15  1.350568e-02  20  232.49
225  6  1.479371e-02  20  232.50
75  3  3.259718e-02  20  104.31
84  21  1.659120e-02  20  104.61
228  9  1.572632e-02  20  233.21
219  27  1.231154e-02  20  233.63
84  3  4.192054e-02  20  105.26
72  24  2.294514e-02  20  105.29
72  3  4.924798e-02  20  105.90
78  3  3.019928e-02  20  106.27
78  24  1.785658e-02  20  106.70
75  21  1.910660e-02  20  106.94
225  18  1.275741e-02  20  235.52
81  3  2.208348e-02  20  107.10
81  18  1.930417e-02  20  107.18
225  21  1.136204e-02  20  235.92
90  9  2.032881e-02  20  100.93
93  9  1.896443e-02  20  101.07
81  27  1.970079e-02  20  107.97
90  12  1.924731e-02  20  101.22
231  12  1.264209e-02  20  236.50
81  21  2.188844e-02  20  108.17
78  21  1.918474e-02  20  108.27
75  27  1.650765e-02  20  108.31
222  3  2.141418e-02  20  237.16
87  9  2.529652e-02  20  101.92
87  15  1.871769e-02  20  101.98
231  9  1.544140e-02  20  237.27
225  3  2.951409e-02  20  237.28
87  18  1.913873e-02  20  102.03
228  15  1.290501e-02  20  237.38
72  27  2.118805e-02  20  109.04
75  24  1.722882e-02  20  109.09
69  24  2.180672e-02  20  109.27
87  12  1.944104e-02  20  102.94
222  24  1.127740e-02  20  238.48
87  6  2.273173e-02  20  103.26
222  27  1.050111e-02  20  238.62
228  18  1.170821e-02  20  238.67
81  24  1.916831e-02  20  110.21
93  6  1.991494e-02  20  103.58
228  21  1.251007e-02  20  238.92
231  18  1.231534e-02  20  239.04
72  21  1.963595e-02  20  111.06
234  12  1.346363e-02  20  239.55
99  9  2.083732e-02  20  104.34
93  12  1.964761e-02  20  104.59
231  21  1.143544e-02  20  239.99
78  27  1.617785e-02  20  111.66
96  6  2.144797e-02  20  104.93
96  12  2.025434e-02  20  104.94
99  12  1.948275e-02  20  105.13
90  6  2.849244e-02  20  105.16
78  18  1.790378e-02  20  111.97
96  15  2.089661e-02  20  105.31
231  6  1.409475e-02  20  241.03
93  15  2.319824e-02  20  105.95
90  18  1.746704e-02  20  106.11
93  18  1.883646e-02  20  106.26
234  9  1.522709e-02  20  241.71
96  9  1.822301e-02  20  106.83
69  27  1.943137e-02  20  113.89
234  18  1.224470e-02  20  242.95
228  24  1.145603e-02  20  243.10
90  15  1.845698e-02  20  107.89
225  24  1.129064e-02  20  243.19
90  3  2.783465e-02  20  108.00
225  27  1.100128e-02  20  243.59
228  3  2.196426e-02  20  244.42
102  6  2.153845e-02  20  109.35
234  6  1.537612e-02  20  244.72
102  9  2.116424e-02  20  109.81
228  27  1.023212e-02  20  245.08
90  21  1.696962e-02  20  109.87
99  6  2.022976e-02  20  110.20
96  21  1.412010e-02  20  110.30
231  3  2.867726e-02  20  245.55
231  15  1.317197e-02  20  245.56
84  24  1.733755e-02  20  110.44
99  15  2.196400e-02  20  110.61
93  21  1.771642e-02  20  110.92
234  15  1.198532e-02  20  246.31
87  3  3.096179e-02  20  111.38
87  21  1.633492e-02  20  111.40
96  18  1.732848e-02  20  111.63
234  21  1.217616e-02  20  247.00
99  21  1.524859e-02  20  111.94
96  3  2.537149e-02  20  112.25
87  24  1.656923e-02  20  112.33
99  18  1.864189e-02  20  112.43
234  3  1.696627e-02  20  247.70
231  27  1.090177e-02  20  247.84
231  24  1.092673e-02  20  248.64
96  24  1.668707e-02  20  113.65
93  3  2.719565e-02  20  114.55
90  24  1.510781e-02  20  114.72
84  27  1.626524e-02  20  115.28
87  27  1.833761e-02  20  115.39
96  27  1.956394e-02  20  115.87
237  9  1.366333e-02  20  249.03
99  27  2.014298e-02  20  116.90
90  27  1.661611e-02  20  116.91
240  12  1.275926e-02  20  249.34
99  24  1.341071e-02  20  117.44
237  6  1.670450e-02  20  250.01
93  24  1.766469e-02  20  117.63
93  27  1.577429e-02  20  118.26
237  12  1.504209e-02  20  251.16
234  24  1.170623e-02  20  251.23
102  3  4.635727e-02  20  118.94
237  18  1.311418e-02  20  251.84
102  12  2.022889e-02  20  108.50
240  6  1.497600e-02  20  252.88
243  6  1.588916e-02  20  252.91
240  15  1.350039e-02  20  253.69
105  9  1.987150e-02  20  110.04
240  9  1.554433e-02  20  253.80
108  6  2.316965e-02  20  110.40
237  15  1.383354e-02  20  254.19
102  15  1.726511e-02  20  110.55
102  18  1.642495e-02  20  111.17
99  3  3.380214e-02  20  122.75
243  9  1.465219e-02  20  255.31
240  18  1.083725e-02  20  255.66
105  6  1.829699e-02  20  111.99
240  21  1.193403e-02  20  255.88
114  12  1.899515e-02  20  112.71
105  12  1.859023e-02  20  112.73
108  12  1.884116e-02  20  112.80
105  18  1.817226e-02  20  113.28
234  27  1.153158e-02  20  257.34
111  9  1.857742e-02  20  113.68
237  21  1.216373e-02  20  257.62
243  15  1.271535e-02  20  258.01
237  24  1.008810e-02  20  258.11
111  12  1.686444e-02  20  114.40
105  15  1.869339e-02  20  114.54
102  21  1.601599e-02  20  114.67
243  12  1.352998e-02  20  258.55
237  3  1.726286e-02  20  258.70
108  9  2.098724e-02  20  115.06
246  6  1.486428e-02  20  259.03
111  15  1.703818e-02  20  115.32
108  18  1.716990e-02  20  115.35
108  15  1.673674e-02  20  115.35
111  6  1.678164e-02  20  115.98
246  18  1.293900e-02  20  260.09
114  6  2.154893e-02  20  116.36
117  6  1.749813e-02  20  116.72
111  18  1.889785e-02  20  117.11
246  9  1.496187e-02  20  260.91
240  3  3.142813e-02  20  261.03
240  24  1.191589e-02  20  261.12
114  9  1.978794e-02  20  117.43
246  12  1.195941e-02  20  261.50
114  15  1.665087e-02  20  117.83
117  12  1.732205e-02  20  118.13
243  3  3.063907e-02  20  262.14
237  27  1.101881e-02  20  262.17
117  9  1.822553e-02  20  118.91
114  18  1.615092e-02  20  119.25
240  27  1.110912e-02  20  263.40
102  27  1.586373e-02  20  119.68
117  15  1.736988e-02  20  119.91
105  21  1.525918e-02  20  119.99
249  9  1.439201e-02  20  263.80
243  18  1.218734e-02  20  264.17
246  15  1.310945e-02  20  264.28
246  21  1.094573e-02  20  264.29
105  24  1.533110e-02  20  120.89
108  21  1.753492e-02  20  121.22
117  18  1.671625e-02  20  121.45
243  21  1.274505e-02  20  265.48
114  21  1.479183e-02  20  121.73
114  24  1.680002e-02  20  121.78
108  3  4.523593e-02  20  121.85
105  3  4.010767e-02  20  122.09
111  21  1.449281e-02  20  122.20
102  24  1.276159e-02  20  122.32
114  3  2.401772e-02  20  122.98
111  24  1.609517e-02  20  123.19
108  24  1.568718e-02  20  123.53
105  27  1.650343e-02  20  123.75
243  24  1.096095e-02  20  268.10
108  27  1.546469e-02  20  124.69
111  27  1.509974e-02  20  124.96
111  3  2.426766e-02  20  125.37
117  24  1.610771e-02  20  125.38
243  27  9.803926e-03  20  269.16
249  15  1.249092e-02  20  269.36
252  9  1.260049e-02  20  269.52
249  12  1.337352e-02  20  270.20
117  21  1.458425e-02  20  126.90
252  6  1.401743e-02  20  270.76
246  27  1.162390e-02  20  270.94
114  27  1.685482e-02  20  127.74
249  18  1.239576e-02  20  271.80
246  3  4.268894e-02  20  272.15
249  6  1.730694e-02  20  272.84
117  3  4.206284e-02  20  129.72
246  24  1.110434e-02  20  273.77
252  12  1.448942e-02  20  274.27
249  21  1.194481e-02  20  274.63
252  21  1.275423e-02  20  276.16
3  9  1.554527e-01  20  53.46
252  24  1.062469e-02  20  278.21
249  3  1.941410e-02  20  278.25
252  15  1.305664e-02  20  278.68
249  24  1.048032e-02  20  278.76
252  18  1.204574e-02  20  279.95
255  9  1.413674e-02  20  280.96
258  12  1.387789e-02  20  281.31
252  3  3.196462e-02  20  281.46
255  6  1.883064e-02  20  281.73
258  9  1.333454e-02  20  282.44
258  15  1.221473e-02  20  282.65
249  27  1.037211e-02  20  283.17
255  15  1.272370e-02  20  283.25
255  12  1.440246e-02  20  284.19
258  18  1.315684e-02  20  284.59
252  27  1.061244e-02  20  285.58
3  12  7.098617e-02  20  63.19
258  3  2.140838e-02  20  286.42
3  21  4.936526e-02  20  63.44
258  6  1.488456e-02  20  286.83
255  18  1.145194e-02  20  287.04
255  21  1.118733e-02  20  287.44
258  24  1.081770e-02  20  289.01
261  9  1.586243e-02  20  289.18
261  15  1.308561e-02  20  289.54
120  12  1.490273e-02  20  115.05
261  12  1.382408e-02  20  290.32
264  15  1.232275e-02  20  291.04
264  9  1.318606e-02  20  291.12
255  27  1.069518e-02  20  291.56
258  21  1.192697e-02  20  291.60
255  24  1.127457e-02  20  291.74
120  9  1.705330e-02  20  117.67
264  21  1.178631e-02  20  292.69
255  3  4.254640e-02  20  292.73
264  18  1.138507e-02  20  293.24
261  6  1.865766e-02  20  293.39
264  12  1.531662e-02  20  293.86
258  27  1.102020e-02  20  294.46
261  18  1.055770e-02  20  294.61
3  15  7.485381e-02  20  71.74
123  9  1.462176e-02  20  120.20
123  6  1.777362e-02  20  120.35
261  21  1.106836e-02  20  295.03
6  12  1.075798e-01  20  72.35
120  6  1.828854e-02  20  120.81
9  6  1.985431e-01  20  72.52
120  15  1.800552e-02  20  121.19
264  3  2.163318e-02  20  295.98
3  27  3.300318e-02  20  73.10
126  12  1.530228e-02  20  122.19
3  24  3.616504e-02  20  73.82
3  3  2.375755e-01  20  74.22
261  24  1.039273e-02  20  297.29
264  6  1.626332e-02  20  297.34
126  6  2.024625e-02  20  123.05
123  18  1.693633e-02  20  123.13
264  24  1.121179e-02  20  297.87
123  12  1.679801e-02  20  123.35
120  18  1.563159e-02  20  123.40
261  3  1.898093e-02  20  298.17
132  9  1.741180e-02  20  123.75
123  15  1.613036e-02  20  123.80
267  9  1.418281e-02  20  298.65
126  15  1.403414e-02  20  124.71
6  6  2.738462e-01  20  76.33
129  12  1.559493e-02  20  125.00
129  9  2.009329e-02  20  125.07
3  6  2.922825e-01  20  76.96
264  27  1.074904e-02  20  299.96
9  9  2.458060e-01  20  76.98
126  18  1.387197e-02  20  125.45
267  18  1.209066e-02  20  300.08
120  3  2.005592e-02  20  125.54
120  21  1.535312e-02  20  125.80
126  9  2.305795e-02  20  126.13
129  6  1.715868e-02  20  126.18
267  6  1.496205e-02  20  301.37
132  15  1.918158e-02  20  127.02
15  9  1.196242e-01  20  78.68
120  24  1.546628e-02  20  127.31
12  9  1.841371e-01  20  79.02
129  18  1.550133e-02  20  127.66
267  12  1.295810e-02  20  302.34
129  15  1.618704e-02  20  127.95
123  21  1.619306e-02  20  128.25
267  3  1.946612e-02  20  302.99
261  27  9.374060e-03  20  303.03
12  12  1.818734e-01  20  80.16
267  15  1.316049e-02  20  303.16
123  3  1.887303e-02  20  128.65
117  27  1.392151e-02  20  129.00
3  18  7.987395e-02  20  80.74
132  12  1.617877e-02  20  129.65
135  12  1.647105e-02  20  129.88
267  21  1.195189e-02  20  304.49
6  9  1.824452e-01  20  81.61
123  27  1.283436e-02  20  130.16
9  21  4.634881e-02  20  81.89
267  24  1.055437e-02  20  305.01
18  9  9.373925e-02  20  82.07
12  6  8.609230e-02  20  82.20
135  9  1.520547e-02  20  130.61
132  18  1.321086e-02  20  130.63
123  24  1.431886e-02  20  130.80
129  21  1.595054e-02  20  130.90
6  3  2.337097e-01  20  83.06
126  3  2.100139e-02  20  131.51
18  12  1.514208e-01  20  83.42
132  6  2.108972e-02  20  131.81
132  21  1.354059e-02  20  132.08
129  24  1.649108e-02  20  132.19
126  21  1.458741e-02  20  132.83
120  27  1.274386e-02  20  133.26
15  12  9.148134e-02  20  84.88
132  24  1.707475e-02  20  133.73
126  24  1.442945e-02  20  134.19
15  15  9.565348e-02  20  86.11
129  3  1.975672e-02  20  134.51
18  6  1.016365e-01  20  86.41
135  6  2.419326e-02  20  134.89
12  15  1.439049e-01  20  86.76
6  24  3.813130e-02  20  86.78
6  27  3.412419e-02  20  86.87
126  27  1.215267e-02  20  135.35
15  6  1.410782e-01  20  87.08
9  3  1.808564e-01  20  87.25
129  27  1.469226e-02  20  136.06
132  27  1.242403e-02  20  136.95
18  15  1.047252e-01  20  88.64
132  3  2.489590e-02  20  137.49
135  15  1.648171e-02  20  129.43
9  18  1.084728e-01  20  89.84
6  18  5.858075e-02  20  90.73
15  21  6.780411e-02  20  90.88
138  9  1.531204e-02  20  131.08
9  12  2.767490e-01  20  91.84
6  15  6.803808e-02  20  91.89
141  9  1.591480e-02  20  132.60
141  6  1.655550e-02  20  133.03
135  3  3.352455e-02  20  141.44
141  15  1.537042e-02  20  133.21
12  3  2.951373e-01  20  93.71
15  3  8.185655e-02  20  93.72
6  21  5.570652e-02  20  93.72
141  12  1.821913e-02  20  134.15
15  18  1.146468e-01  20  94.18
138  15  1.459402e-02  20  134.34
18  3  7.232947e-02  20  94.31
135  18  1.388406e-02  20  134.68
138  12  1.626327e-02  20  135.40
138  6  1.641220e-02  20  136.08
144  12  1.504094e-02  20  136.16
12  21  4.042361e-02  20  96.25
9  24  4.031643e-02  20  96.27
12  18  1.014141e-01  20  96.33
135  21  1.564717e-02  20  136.91
138  21  1.191235e-02  20  137.23
144  9  1.770604e-02  20  137.24
138  18  1.454216e-02  20  137.97
144  6  1.828010e-02  20  138.04
141  18  1.680415e-02  20  138.52
144  15  1.646919e-02  20  138.81
147  15  1.359008e-02  20  139.49
144  18  1.513021e-02  20  139.67
147  6  1.986287e-02  20  139.96
147  9  1.760331e-02  20  140.00
15  27  4.034328e-02  20  100.58
15  24  4.173104e-02  20  100.62
147  12  1.477420e-02  20  140.87
9  27  3.398031e-02  20  100.84
144  21  1.472490e-02  20  141.00
138  3  2.587793e-02  20  141.02
135  24  1.361183e-02  20  141.03
150  6  1.650691e-02  20  141.08
135  27  1.242617e-02  20  141.45
9  15  7.697452e-02  20  101.55
141  21  1.330869e-02  20  141.82
150  12  1.494371e-02  20  142.13
12  27  3.677495e-02  20  102.07
12  24  5.839531e-02  20  102.22
141  24  1.480657e-02  20  142.96
150  9  1.527115e-02  20  143.07
147  18  1.468296e-02  20  143.66
138  27  1.301874e-02  20  144.21
138  24  1.361294e-02  20  144.51
147  3  1.855091e-02  20  144.54
150  18  1.493100e-02  20  144.94
141  3  2.388964e-02  20  145.08
144  27  1.292762e-02  20  145.29
144  24  1.440549e-02  20  145.50
147  21  1.505052e-02  20  145.63
141  27  1.340572e-02  20  146.61
150  15  1.490633e-02  20  146.71
144  3  2.169077e-02  20  146.81
150  24  1.224583e-02  20  147.22
150  21  1.411477e-02  20  148.62
147  27  1.296690e-02  20  148.99
147  24  1.278231e-02  20  148.99
150  3  4.111390e-02  20  151.04
150  27  1.460820e-02  20  151.42
153  9  1.447079e-02  20  143.10
156  9  1.712964e-02  20  144.42
162  9  1.515885e-02  20  148.34
156  6  1.757372e-02  20  148.37
153  18  1.559753e-02  20  148.84
159  18  1.293170e-02  20  149.00
156  15  1.445715e-02  20  149.19
159  9  1.795358e-02  20  149.52
153  3  2.691280e-02  20  149.58
156  18  1.385677e-02  20  149.66
153  15  1.436311e-02  20  150.05
159  12  1.680191e-02  20  150.89
162  12  1.439037e-02  20  150.91
153  21  1.283602e-02  20  151.13
153  6  1.621607e-02  20  151.21
153  12  1.429428e-02  20  151.74
159  21  1.284405e-02  20  152.14
165  9  1.704019e-02  20  152.22
156  12  1.754580e-02  20  153.01
159  15  1.343800e-02  20  153.66
165  12  1.476377e-02  20  154.29
162  6  1.764451e-02  20  155.63
162  15  1.467463e-02  20  155.85
159  6  1.868553e-02  20  156.04
162  21  1.392576e-02  20  156.32
162  18  1.495671e-02  20  156.41
153  24  1.381853e-02  20  156.57
159  3  1.822969e-02  20  156.66
165  18  1.204309e-02  20  156.91
156  21  1.203328e-02  20  157.02
165  6  1.981242e-02  20  157.07
168  12  1.386760e-02  20  157.22
153  27  1.344875e-02  20  157.35
156  27  1.345827e-02  20  157.52
168  6  2.045474e-02  20  157.92
168  9  1.599855e-02  20  158.00
162  27  1.322804e-02  20  158.52
156  24  1.401615e-02  20  158.98
168  15  1.512833e-02  20  159.28
165  15  1.458802e-02  20  159.31
162  3  2.245554e-02  20  160.24
159  27  1.056644e-02  20  160.40
162  24  1.339599e-02  20  160.64
159  24  1.206102e-02  20  160.94
165  24  1.297499e-02  20  161.54
165  21  1.370488e-02  20  161.85
165  27  1.316457e-02  20  162.52
156  3  1.736698e-02  20  164.00
165  3  2.350742e-02  20  164.98
168  3  2.027912e-02  20  167.98
171  12  1.398209e-02  20  157.40
168  18  1.489247e-02  20  161.73
168  21  1.443309e-02  20  164.50
171  9  1.437691e-02  20  164.82
174  12  1.676516e-02  20  164.91
177  9  1.491980e-02  20  165.48
171  18  1.456263e-02  20  166.50
174  9  1.309342e-02  20  166.90
171  15  1.549742e-02  20  167.14
180  12  1.306020e-02  20  167.75
174  18  1.209335e-02  20  167.98
21  9  6.615938e-02  20  85.39
33  12  4.793379e-02  20  85.46
30  12  3.834729e-02  20  85.60
168  24  1.308140e-02  20  168.46
177  18  1.311226e-02  20  168.57
174  21  1.163180e-02  20  168.57
177  12  1.566798e-02  20  168.59
30  6  5.766542e-02  20  86.33
168  27  1.104145e-02  20  169.33
180  6  1.607162e-02  20  169.34
24  9  8.425899e-02  20  86.56
27  12  4.805552e-02  20  86.60
30  9  4.535803e-02  20  86.72
27  9  7.416980e-02  20  87.12
33  9  4.616379e-02  20  87.51
174  6  1.765688e-02  20  170.33
171  6  1.760465e-02  20  170.37
27  6  6.507922e-02  20  87.74
21  15  5.377231e-02  20  87.95
21  6  7.772570e-02  20  88.08
180  9  1.624624e-02  20  171.19
33  15  4.810696e-02  20  89.00
171  21  1.378848e-02  20  171.93
177  6  1.577042e-02  20  172.29
24  15  4.363312e-02  20  89.52
183  9  1.590216e-02  20  172.43
21  18  6.937673e-02  20  89.63
21  12  7.236543e-02  20  89.64
27  15  7.326533e-02  20  90.08
33  18  4.239112e-02  20  90.38
30  18  3.401270e-02  20  90.65
30  15  4.466720e-02  20  90.77
174  24  1.141531e-02  20  173.63
177  21  1.278318e-02  20  173.64
174  15  1.304466e-02  20  173.64
177  15  1.268371e-02  20  173.70
33  21  3.380566e-02  20  91.11
33  6  6.182680e-02  20  91.14
171  27  1.069049e-02  20  174.03
24  6  7.670984e-02  20  91.27
180  15  1.333938e-02  20  174.65
24  12  5.700679e-02  20  91.90
177  27  1.215319e-02  20  174.72
24  21  8.188456e-02  20  92.24
27  18  4.313817e-02  20  92.61
171  24  1.187824e-02  20  175.53
183  6  1.620428e-02  20  175.71
171  3  3.587376e-02  20  175.88
30  24  3.847231e-02  20  93.09
21  21  5.363583e-02  20  93.10
24  18  5.557794e-02  20  93.17
174  27  1.175381e-02  20  176.04
180  18  1.459671e-02  20  176.18
183  12  1.344299e-02  20  176.52
18  21  5.202100e-02  20  93.81
18  18  1.090709e-01  20  93.82
177  3  1.967339e-02  20  176.98
27  3  5.000431e-02  20  94.36
177  24  1.335936e-02  20  177.24
24  24  4.310844e-02  20  94.58
21  27  4.344982e-02  20  94.63
39  9  3.406848e-02  20  84.29
24  3  8.081145e-02  20  95.14
27  24  3.988995e-02  20  95.23
36  12  2.962746e-02  20  84.61
33  27  3.190129e-02  20  95.53
183  21  1.177644e-02  20  178.43
27  21  3.719118e-02  20  95.66
183  18  1.401958e-02  20  178.68
186  12  1.344214e-02  20  174.57
180  21  1.385829e-02  20  178.72
186  9  1.625898e-02  20  174.65
27  27  4.054321e-02  20  96.09
33  24  3.415218e-02  20  96.22
180  24  1.272429e-02  20  179.20
183  15  1.631236e-02  20  179.48
36  3  3.965173e-02  20  96.78
33  3  6.166350e-02  20  97.02
180  3  3.265837e-02  20  179.99
30  3  4.135896e-02  20  97.33
174  3  3.327467e-02  20  180.20
24  27  3.271696e-02  20  97.40
42  9  3.036878e-02  20  86.82
21  3  1.092366e-01  20  97.72
42  12  3.506780e-02  20  87.15
51  12  2.043225e-02  20  87.17
36  6  4.885695e-02  20  87.19
42  15  2.660814e-02  20  87.23
180  27  1.122993e-02  20  181.02
183  3  2.808554e-02  20  181.17
36  9  3.298245e-02  20  88.06
45  18  2.805705e-02  20  88.43
51  15  3.410654e-02  20  88.48
30  27  3.437623e-02  20  99.41
18  24  5.593307e-02  20  99.43
48  9  3.110973e-02  20  89.18
36  15  3.067645e-02  20  89.25
45  6  3.082502e-02  20  89.26
183  24  1.383546e-02  20  183.15
42  6  3.574734e-02  20  89.62
45  15  3.072085e-02  20  89.70
39  12  5.034674e-02  20  89.70
48  12  3.010884e-02  20  89.96
45  9  2.966868e-02  20  90.01
45  12  2.950731e-02  20  90.07
48  6  3.036236e-02  20  90.29
39  6  3.934681e-02  20  90.46
183  27  1.127889e-02  20  184.15
186  15  1.175712e-02  20  180.42
30  21  4.598141e-02  20  101.76
39  18  2.950892e-02  20  91.44
51  9  2.456713e-02  20  91.62
48  18  3.230006e-02  20  91.82
39  21  2.824353e-02  20  92.25
39  15  3.425528e-02  20  92.33
42  21  4.120647e-02  20  92.97
36  18  4.070220e-02  20  93.54
18  27  4.248277e-02  20  104.41
21  24  4.605230e-02  20  104.61
39  3  4.064295e-02  20  94.06
48  15  2.838767e-02  20  94.12
189  9  1.435083e-02  20  183.88
48  3  2.967283e-02  20  94.55
186  6  1.635164e-02  20  184.19
189  6  1.483184e-02  20  184.35
45  3  3.819787e-02  20  95.03
36  27  3.301677e-02  20  95.05
189  12  1.356725e-02  20  184.60
186  21  1.302139e-02  20  185.38
186  18  1.281940e-02  20  185.47
45  21  2.596964e-02  20  96.00
51  18  3.150698e-02  20  96.05
189  18  1.419680e-02  20  185.56
48  21  2.494124e-02  20  96.17
39  27  3.172399e-02  20  96.27
42  18  3.276422e-02  20  96.51
51  6  3.103855e-02  20  96.59
54  6  3.238311e-02  20  86.88
42  3  5.181206e-02  20  97.47
36  21  3.014478e-02  20  97.63
186  3  3.046915e-02  20  191.56
192  12  1.606970e-02  20  187.62
36  24  3.546718e-02  20  98.62
57  6  3.260954e-02  20  88.73
195  9  1.534838e-02  20  188.38
186  24  1.242211e-02  20  188.71
189  24  1.230667e-02  20  189.16
195  6  1.663161e-02  20  189.19
63  9  2.315114e-02  20  90.00
189  15  1.446478e-02  20  190.09
192  9  1.505645e-02  20  190.15
54  12  2.723568e-02  20  90.91
51  3  3.845335e-02  20  101.02
39  24  3.186815e-02  20  101.45
198  9  1.582392e-02  20  190.99
186  27  1.150741e-02  20  191.17
45  27  2.399805e-02  20  101.70
54  9  2.705119e-02  20  91.87
195  12  1.320207e-02  20  191.39
195  18  1.416828e-02  20  191.78
270  12  1.404328e-02  20  305.40
189  21  1.174696e-02  20  191.97
57  9  3.097592e-02  20  92.72
45  24  3.051853e-02  20  102.64
198  6  1.491077e-02  20  192.27
270  15  1.301759e-02  20  305.76
54  15  2.330917e-02  20  93.06
270  6  1.352984e-02  20  306.02
60  15  2.401430e-02  20  93.15
48  24  3.256861e-02  20  103.12
270  18  1.184877e-02  20  306.09
66  12  2.540609e-02  20  93.26
192  6  2.219782e-02  20  192.75
195  3  1.695506e-02  20  192.75
57  12  2.653671e-02  20  93.55
270  9  1.503651e-02  20  306.45
60  6  2.752347e-02  20  93.69
42  24  2.761820e-02  20  103.62
198  12  1.578351e-02  20  193.51
63  12  2.536372e-02  20  94.14
54  21  2.890268e-02  20  94.16
51  21  3.812180e-02  20  94.18
189  27  1.183813e-02  20  193.62
57  15  2.515482e-02  20  94.63
198  18  1.274198e-02  20  194.12
192  21  1.257047e-02  20  194.43
195  15  1.386578e-02  20  194.53
66  6  2.466001e-02  20  95.15
66  9  2.524830e-02  20  95.24
48  27  2.731189e-02  20  105.20
189  3  2.262953e-02  20  194.78
42  27  3.135610e-02  20  105.41
192  3  3.137501e-02  20  194.99
195  21  1.245146e-02  20  195.02
192  18  1.220106e-02  20  195.05
60  12  2.540307e-02  20  95.79
198  15  1.296189e-02  20  195.38
192  15  1.330303e-02  20  195.50
57  3  3.206158e-02  20  96.14
63  15  2.057977e-02  20  96.23
60  9  2.752893e-02  20  96.23
57  18  2.832538e-02  20  96.44
270  21  1.155580e-02  20  309.82
201  15  1.445628e-02  20  196.50
69  6  2.286020e-02  20  97.10
60  18  2.394465e-02  20  97.34
198  3  3.251224e-02  20  196.85
66  21  2.108386e-02  20  97.83
63  6  2.681405e-02  20  97.83
54  18  2.935000e-02  20  97.87
201  6  1.292810e-02  20  197.56
270  24  1.056722e-02  20  311.02
63  21  2.735899e-02  20  99.22
201  9  1.553165e-02  20  198.73
66  15  2.207389e-02  20  99.34
54  3  3.595914e-02  20  99.50
57  21  2.062172e-02  20  99.53
270  3  3.059062e-02  20  312.83
276  9  1.471872e-02  20  312.90
204  12  1.575769e-02  20  196.82
192  24  1.160322e-02  20  199.79
201  12  1.487145e-02  20  199.97
201  18  1.198229e-02  20  200.03
195  24  1.222566e-02  20  200.09
198  21  1.347666e-02  20  200.09
72  9  2.540860e-02  20  92.53
273  6  1.784167e-02  20  313.98
195  27  1.070505e-02  20  200.53
192  27  1.164979e-02  20  200.70
63  18  2.184677e-02  20  101.44
69  3  2.665827e-02  20  101.49
66  24  2.525397e-02  20  101.51
60  3  2.437470e-02  20  101.58
60  21  2.926441e-02  20  101.61
198  27  1.214288e-02  20  201.16
276  6  2.004222e-02  20  314.69
267  27  1.108127e-02  20  314.81
273  18  1.240381e-02  20  314.86
273  21  1.064782e-02  20  315.61
276  12  1.222534e-02  20  315.68
198  24  1.192857e-02  20  202.33
276  15  1.267520e-02  20  315.80
273  12  1.231516e-02  20  315.81
273  9  1.694821e-02  20  315.85
75  9  2.243300e-02  20  94.64
276  18  1.101094e-02  20  316.30
60  24  2.119193e-02  20  103.44
60  27  2.477895e-02  20  104.27
78  12  2.395346e-02  20  95.78
51  24  2.394593e-02  20  104.33
69  9  2.439143e-02  20  96.13
63  3  2.856500e-02  20  104.66
204  6  1.557237e-02  20  201.41
282  12  1.303566e-02  20  317.62
69  12  2.238219e-02  20  96.51
72  12  1.958224e-02  20  96.71
81  9  1.995873e-02  20  96.74
54  27  2.659257e-02  20  105.27
204  15  1.273078e-02  20  202.13
63  24  2.396283e-02  20  105.46
66  27  2.063263e-02  20  105.53
204  9  1.474009e-02  20  202.27
204  18  1.283844e-02  20  202.80
72  6  2.287135e-02  20  97.65
54  24  2.711519e-02  20  106.34
84  12  2.121694e-02  20  98.05
201  3  4.552885e-02  20  206.01
78  6  2.642155e-02  20  98.20
51  27  2.434145e-02  20  106.85
273  15  1.279104e-02  20  319.73
66  18  2.343701e-02  20  107.25
81  15  1.788691e-02  20  98.88
279  9  1.328200e-02  20  320.51
75  15  2.728297e-02  20  99.18
66  3  4.491398e-02  20  107.72
63  27  2.095405e-02  20  107.73
81  12  2.098664e-02  20  99.30
84  9  2.060418e-02  20  99.32
72  18  2.060377e-02  20  99.36
69  21  2.364954e-02  20  99.39
72  15  2.144990e-02  20  99.81
57  24  2.235517e-02  20  108.31
84  6  2.246312e-02  20  99.83
75  6  2.371746e-02  20  99.85
279  15  1.135031e-02  20  321.52
276  21  1.129095e-02  20  321.53
273  3  1.734485e-02  20  321.64
69  15  2.215297e-02  20  100.28
270  27  1.034771e-02  20  321.73
81  6  2.668849e-02  20  100.58
201  21  1.203233e-02  20  206.13
75  18  2.355354e-02  20  100.97
75  12  2.040215e-02  20  101.00
207  9  1.606561e-02  20  206.30
57  27  2.105174e-02  20  109.79
84  15  2.289317e-02  20  101.49
276  24  1.044236e-02  20  322.88
207  6  1.518630e-02  20  207.12
279  12  1.288239e-02  20  323.32
210  12  1.482946e-02  20  207.21
69  18  1.939178e-02  20  102.12
282  6  1.612263e-02  20  323.71
210  9  1.338338e-02  20  207.55
78  15  2.207537e-02  20  102.37
282  21  1.182012e-02  20  323.82
201  27  1.218662e-02  20  207.67
207  12  1.518848e-02  20  207.72
78  9  2.166801e-02  20  102.55
72  21  2.288203e-02  20  102.63
213  12  1.427485e-02  20  208.35
81  18  1.856499e-02  20  103.28
78  18  2.108410e-02  20  103.34
204  3  2.285276e-02  20  208.54
75  3  2.563657e-02  20  103.40
210  15  1.354265e-02  20  208.63
282  9  1.268163e-02  20  324.84
282  15  1.160291e-02  20  325.07
201  24  1.233096e-02  20  208.92
273  27  1.044226e-02  20  325.19
276  27  1.037438e-02  20  325.39
207  21  1.143195e-02  20  209.36
204  27  1.119359e-02  20  209.91
84  18  1.892307e-02  20  104.76
204  24  1.240488e-02  20  210.04
204  21  1.244042e-02  20  210.55
72  3  3.807328e-02  20  105.58
273  24  1.074645e-02  20  327.15
279  18  1.198644e-02  20  327.27
84  21  1.924657e-02  20  105.92
207  15  1.452276e-02  20  211.33
210  6  1.613436e-02  20  211.45
75  21  1.820028e-02  20  106.38
81  3  1.937376e-02  20  106.60
69  27  2.540900e-02  20  106.73
75  24  1.738194e-02  20  106.77
69  24  2.175481e-02  20  106.81
276  3  1.839629e-02  20  328.24
213  9  1.349493e-02  20  212.26
279  6  1.426621e-02  20  328.78
207  18  1.313219e-02  20  212.71
279  3  2.879611e-02  20  328.96
84  3  3.820055e-02  20  107.66
72  24  2.002778e-02  20  108.36
282  18  1.131498e-02  20  329.93
75  27  1.703728e-02  20  108.60
279  24  1.022337e-02  20  330.19
213  6  1.707650e-02  20  214.55
207  3  2.147002e-02  20  214.72
285  15  1.144893e-02  20  330.97
210  18  1.348422e-02  20  214.81
279  21  1.160856e-02  20  331.15
78  24  2.137295e-02  20  109.97
78  3  4.199224e-02  20  110.06
216  6  1.457615e-02  20  215.30
213  15  1.160615e-02  20  215.44
285  18  1.224981e-02  20  331.76
207  27  1.155285e-02  20  215.97
216  9  1.586007e-02  20  216.28
78  21  1.650547e-02  20  111.25
81  27  1.599027e-02  20  111.31
210  21  1.295595e-02  20  216.56
285  12  1.322336e-02  20  332.75
81  24  1.816876e-02  20  111.69
210  3  4.903501e-02  20  217.01
282  27  1.014646e-02  20  333.46
207  24  1.097643e-02  20  217.35
291  9  1.353092e-02  20  333.58
282  3  1.745649e-02  20  333.69
279  27  1.033270e-02  20  333.81
288  9  1.231910e-02  20  333.87
216  12  1.421636e-02  20  218.00
288  6  1.721745e-02  20  334.30
282  24  1.038763e-02  20  334.31
216  21  1.374303e-02  20  218.47
72  27  1.834630e-02  20  113.46
285  6  1.419673e-02  20  335.33
210  24  1.126818e-02  20  219.18
81  21  1.986775e-02  20  114.27
210  27  1.086823e-02  20  219.58
285  9  1.344995e-02  20  335.82
216  15  1.278166e-02  20  219.76
213  18  1.299503e-02  20  219.88
78  27  1.889755e-02  20  114.88
288  18  1.086622e-02  20  336.26
213  21  1.223928e-02  20  220.13
216  18  1.289395e-02  20  220.20
219  6  1.907881e-02  20  220.54
285  21  1.090438e-02  20  336.74
285  24  1.092582e-02  20  337.64
216  24  1.169659e-02  20  221.81
291  12  1.224229e-02  20  338.11
288  12  1.316234e-02  20  338.26
213  3  2.008747e-02  20  222.48
294  6  1.896968e-02  20  339.13
216  3  2.126639e-02  20  223.30
285  27  1.020399e-02  20  339.78
288  15  1.245748e-02  20  339.84
213  27  1.118544e-02  20  224.13
294  12  1.235927e-02  20  341.06
213  24  1.127549e-02  20  225.28
288  3  3.011362e-02  20  341.84
285  3  1.793079e-02  20  342.07
288  21  1.108540e-02  20  342.70
291  18  1.105950e-02  20  342.70
294  15  1.201342e-02  20  342.75
291  15  1.285879e-02  20  343.32
294  18  1.169985e-02  20  343.63
216  27  1.162402e-02  20  228.17
288  27  1.016967e-02  20  344.58
294  21  1.138154e-02  20  345.00
294  9  1.413635e-02  20  345.30
297  9  1.505816e-02  20  345.56
291  21  1.119055e-02  20  346.43
291  6  1.334001e-02  20  346.79
291  3  4.521943e-02  20  347.20
294  3  1.749390e-02  20  348.10
222  6  1.652472e-02  20  221.47
291  27  1.023815e-02  20  348.64
219  9  1.455521e-02  20  221.71
291  24  1.051375e-02  20  349.13
294  24  1.065617e-02  20  349.21
288  24  1.091340e-02  20  349.30
294  27  1.013583e-02  20  349.55
219  15  1.371403e-02  20  222.80
219  12  1.436845e-02  20  223.22
297  12  1.297209e-02  20  350.32
219  3  2.988452e-02  20  234.22
222  9  1.411141e-02  20  223.31
222  15  1.395798e-02  20  225.02
297  15  1.328559e-02  20  352.46
297  18  1.142926e-02  20  352.54
297  6  1.356145e-02  20  353.02
297  21  1.116959e-02  20  353.04
219  24  1.125684e-02  20  227.38
222  12  1.377714e-02  20  228.26
225  9  1.423967e-02  20  229.88
222  21  1.125391e-02  20  229.97
297  24  1.050675e-02  20  357.09
228  9  1.545913e-02  20  231.20
225  15  1.293510e-02  20  231.61
222  18  1.307803e-02  20  232.36
225  21  1.093216e-02  20  232.36
225  12  1.468579e-02  20  232.68
87  9  2.015314e-02  20  100.18
219  18  1.177330e-02  20  232.99
228  6  1.535514e-02  20  233.23
297  3  4.481025e-02  20  360.49
219  27  1.021255e-02  20  234.55
222  3  2.212303e-02  20  234.62
90  6  1.912146e-02  20  102.06
87  12  2.106537e-02  20  102.10
297  27  1.009171e-02  20  362.11
225  6  1.506352e-02  20  235.14
225  3  2.314764e-02  20  235.48
228  12  1.303997e-02  20  235.61
219  21  1.160816e-02  20  235.74
228  15  1.329613e-02  20  235.94
99  12  1.920095e-02  20  103.35
90  15  1.784896e-02  20  103.45
225  18  1.249389e-02  20  236.25
231  12  1.427791e-02  20  236.38
87  15  1.714980e-02  20  103.82
93  9  2.103568e-02  20  103.92
228  18  1.311110e-02  20  236.70
93  12  1.899051e-02  20  104.17
96  9  1.583827e-02  20  104.65
90  9  2.019421e-02  20  104.96
93  6  2.130755e-02  20  105.17
222  24  1.191378e-02  20  237.85
90  12  2.104022e-02  20  105.24
228  21  1.092350e-02  20  238.21
96  12  1.808889e-02  20  105.84
87  18  1.857590e-02  20  105.88
96  6  2.254582e-02  20  105.99
96  15  1.640308e-02  20  106.03
234  9  1.393315e-02  20  238.91
225  24  1.058580e-02  20  239.30
90  18  2.002579e-02  20  106.76
87  6  2.721669e-02  20  106.91
231  6  1.429099e-02  20  239.74
231  15  1.398324e-02  20  239.79
99  9  2.142709e-02  20  107.33
231  9  1.411444e-02  20  240.13
222  27  1.069221e-02  20  240.25
234  12  1.362638e-02  20  240.31
93  18  1.823174e-02  20  108.20
228  24  1.028720e-02  20  241.47
93  15  2.195617e-02  20  108.83
102  9  1.599195e-02  20  108.85
228  3  1.988710e-02  20  241.50
225  27  1.120987e-02  20  241.82
231  21  1.141437e-02  20  241.93
99  15  1.815482e-02  20  109.41
93  24  1.463740e-02  20  109.99
87  3  2.238718e-02  20  110.16
99  18  1.820502e-02  20  110.27
99  6  2.050521e-02  20  110.27
87  24  1.530476e-02  20  110.55
102  6  1.949443e-02  20  110.63
231  18  1.265864e-02  20  243.51
93  21  1.911624e-02  20  111.12
228  27  1.008836e-02  20  244.22
96  21  1.663596e-02  20  111.71
234  21  1.348341e-02  20  244.53
90  21  1.894859e-02  20  112.00
96  18  1.638781e-02  20  112.33
90  24  1.553408e-02  20  112.43
234  6  1.774390e-02  20  245.16
234  15  1.290535e-02  20  245.33
87  21  2.033499e-02  20  113.22
87  27  1.743360e-02  20  113.54
90  3  2.483372e-02  20  113.66
99  24  1.636584e-02  20  114.01
96  27  1.883196e-02  20  114.18
231  27  1.043727e-02  20  247.35
234  18  1.255111e-02  20  247.51
84  27  1.783942e-02  20  114.88
84  24  1.850208e-02  20  115.17
93  3  2.684538e-02  20  115.57
231  3  1.920993e-02  20  248.47
231  24  1.197226e-02  20  248.52
96  24  1.702421e-02  20  116.46
93  27  1.838574e-02  20  116.70
99  3  2.911264e-02  20  117.38
96  3  3.715517e-02  20  117.48
99  21  1.724053e-02  20  117.52
234  3  1.675904e-02  20  250.69
240  9  1.495938e-02  20  245.73
99  27  1.738767e-02  20  118.96
90  27  1.825988e-02  20  119.89
102  3  2.722904e-02  20  120.37
237  9  1.467518e-02  20  249.59
234  24  1.132911e-02  20  252.69
240  6  1.639061e-02  20  252.72
237  24  1.001547e-02  20  253.26
240  12  1.316858e-02  20  253.51
237  12  1.227632e-02  20  254.52
237  18  1.225958e-02  20  254.65
237  15  1.299508e-02  20  255.68
237  21  1.201509e-02  20  255.90
240  21  1.082117e-02  20  255.93
237  6  1.357683e-02  20  256.21
237  3  2.821844e-02  20  256.39
243  9  1.356122e-02  20  256.43
240  18  1.195747e-02  20  257.12
240  27  1.123053e-02  20  258.33
240  15  1.384784e-02  20  258.57
246  12  1.459224e-02  20  259.74
234  27  1.061464e-02  20  259.77
243  12  1.312913e-02  20  260.36
243  6  1.575783e-02  20  260.53
243  15  1.368143e-02  20  261.45
240  24  1.066571e-02  20  261.72
243  18  1.062687e-02  20  262.81
243  21  1.078985e-02  20  263.24
246  9  1.378484e-02  20  263.43
243  24  1.089473e-02  20  263.58
240  3  4.433196e-02  20  263.65
246  18  1.226899e-02  20  263.80
249  9  1.299404e-02  20  264.05
246  15  1.119424e-02  20  264.52
237  27  9.558374e-03  20  264.83
243  3  2.971576e-02  20  265.32
246  6  1.552176e-02  20  265.58
246  21  1.096363e-02  20  266.11
252  9  1.394385e-02  20  266.49
246  3  2.131416e-02  20  267.00
249  6  1.531961e-02  20  267.82
252  6  1.571947e-02  20  268.08
249  12  1.242649e-02  20  268.21
249  15  1.364447e-02  20  269.86
246  27  1.087177e-02  20  270.50
243  27  1.072906e-02  20  271.22
249  18  1.194945e-02  20  272.60
246  24  1.071532e-02  20  272.85
108  12  1.673638e-02  20  108.89
249  21  1.239673e-02  20  274.08
105  12  1.876496e-02  20  109.85
102  18  1.510914e-02  20  110.08
252  3  1.707927e-02  20  275.17
249  24  1.068702e-02  20  275.77
105  15  1.720184e-02  20  111.27
108  6  2.173902e-02  20  111.97
105  6  2.254805e-02  20  112.42
102  12  2.025604e-02  20  112.44
105  9  1.756414e-02  20  112.70
114  9  1.537873e-02  20  112.84
111  12  1.799766e-02  20  112.93
249  3  4.421535e-02  20  277.75
108  9  1.932290e-02  20  113.04
114  12  1.920867e-02  20  113.42
102  21  1.618206e-02  20  114.57
102  15  1.804685e-02  20  114.81
249  27  1.070147e-02  20  279.90
117  12  1.602134e-02  20  115.49
108  15  1.781046e-02  20  115.70
111  9  2.217032e-02  20  116.29
111  15  1.761851e-02  20  116.61
105  21  1.632716e-02  20  116.73
111  6  1.950605e-02  20  117.13
114  6  1.842947e-02  20  117.20
105  18  2.046358e-02  20  117.23
108  21  1.692676e-02  20  117.56
114  15  1.908786e-02  20  117.89
105  3  2.175354e-02  20  117.93
111  18  1.495328e-02  20  118.13
108  3  2.414285e-02  20  118.74
117  9  1.756810e-02  20  118.98
117  15  1.790114e-02  20  118.98
108  18  1.685152e-02  20  119.03
252  15  1.243251e-02  20  274.03
117  6  1.869519e-02  20  119.15
252  18  1.237235e-02  20  274.91
102  24  1.484824e-02  20  120.09
102  27  1.562435e-02  20  120.41
114  18  1.579879e-02  20  120.70
114  24  1.524756e-02  20  121.11
117  18  1.577124e-02  20  121.50
252  12  1.393057e-02  20  276.50
111  21  1.507358e-02  20  122.01
255  12  1.233783e-02  20  277.14
114  3  2.542603e-02  20  122.67
120  12  1.683342e-02  20  118.41
108  27  1.247839e-02  20  122.82
105  24  1.327736e-02  20  122.84
108  24  1.621001e-02  20  123.03
105  27  1.460736e-02  20  123.29
114  21  1.778392e-02  20  124.29
120  9  1.601576e-02  20  120.14
117  21  1.446595e-02  20  124.52
117  3  2.833008e-02  20  124.52
114  27  1.592477e-02  20  124.65
252  24  1.075146e-02  20  279.65
123  9  1.599553e-02  20  120.61
252  21  1.219158e-02  20  279.94
120  6  1.485633e-02  20  120.68
129  9  1.664803e-02  20  120.93
111  24  1.458471e-02  20  125.69
126  12  1.809509e-02  20  121.47
111  27  1.429792e-02  20  126.06
123  12  1.426320e-02  20  121.90
258  9  1.707410e-02  20  281.23
123  15  1.608056e-02  20  121.91
111  3  1.826712e-02  20  126.29
132  9  1.876908e-02  20  122.29
126  6  1.782102e-02  20  122.37
123  6  1.761028e-02  20  122.59
117  24  1.436215e-02  20  127.40
258  12  1.446487e-02  20  282.38
255  9  1.458880e-02  20  282.62
126  9  1.770382e-02  20  123.73
120  18  1.471148e-02  20  123.85
126  18  1.527818e-02  20  123.89
255  15  1.298324e-02  20  283.38
126  15  1.543296e-02  20  124.36
258  6  1.593673e-02  20  283.82
252  27  1.146910e-02  20  283.95
132  12  1.441847e-02  20  124.84
120  21  1.562015e-02  20  124.91
120  15  1.759713e-02  20  125.03
129  12  1.859982e-02  20  125.24
129  6  1.852359e-02  20  125.85
255  21  1.154126e-02  20  285.35
129  18  1.358975e-02  20  126.48
258  18  1.112112e-02  20  285.92
255  6  1.551609e-02  20  285.95
135  12  1.942690e-02  20  126.77
255  18  1.278441e-02  20  286.51
123  21  1.656420e-02  20  127.34
129  15  1.464502e-02  20  127.46
123  18  1.602517e-02  20  127.48
264  12  1.319999e-02  20  287.23
126  21  1.210311e-02  20  128.10
120  3  1.980377e-02  20  128.78
132  18  1.380630e-02  20  129.01
120  27  1.768151e-02  20  129.17
261  9  1.367445e-02  20  288.51
258  15  1.301094e-02  20  288.60
120  24  1.384232e-02  20  129.56
258  21  1.163648e-02  20  289.08
117  27  1.424253e-02  20  129.77
123  24  1.495038e-02  20  129.99
132  6  1.831759e-02  20  130.28
264  6  1.470648e-02  20  289.68
261  18  1.149678e-02  20  289.97
129  3  2.462515e-02  20  130.72
255  3  2.061792e-02  20  290.16
126  24  1.522351e-02  20  131.33
135  9  1.654898e-02  20  131.47
123  3  2.634512e-02  20  131.53
261  15  1.178882e-02  20  290.93
132  15  1.679825e-02  20  131.67
255  24  1.082264e-02  20  291.49
258  27  1.024941e-02  20  291.51
129  24  1.308624e-02  20  132.34
258  3  1.932833e-02  20  291.99
261  6  1.402662e-02  20  292.06
264  15  1.176332e-02  20  292.32
129  21  1.280616e-02  20  133.56
255  27  1.005841e-02  20  292.90
126  27  1.442525e-02  20  133.82
135  6  1.673466e-02  20  133.95
264  9  1.613597e-02  20  293.57
132  21  1.628037e-02  20  134.77
264  24  1.088012e-02  20  294.13
123  27  1.373216e-02  20  135.05
261  12  1.351304e-02  20  294.40
258  24  1.111978e-02  20  294.59
261  21  1.084728e-02  20  294.64
126  3  1.868944e-02  20  136.14
132  3  3.317412e-02  20  136.38
267  9  1.481822e-02  20  296.22
132  24  1.319773e-02  20  137.18
264  3  1.554846e-02  20  296.56
135  18  1.640460e-02  20  130.42
129  27  1.369219e-02  20  137.67
135  3  4.189304e-02  20  137.69
138  9  1.545193e-02  20  130.97
138  12  1.877430e-02  20  131.09
267  12  1.286387e-02  20  297.97
261  27  1.061568e-02  20  298.19
261  24  1.136961e-02  20  298.29
267  15  1.184067e-02  20  298.29
264  18  1.126105e-02  20  299.07
264  21  1.181569e-02  20  299.26
132  27  1.500927e-02  20  140.10
141  6  1.790350e-02  20  133.35
135  15  1.531560e-02  20  133.78
144  6  1.589777e-02  20  134.05
138  15  1.701407e-02  20  134.21
144  9  1.847627e-02  20  134.22
141  9  1.629424e-02  20  134.31
141  15  1.573680e-02  20  134.63
261  3  3.004699e-02  20  301.42
138  6  1.789507e-02  20  135.34
267  6  1.949292e-02  20  301.79
264  27  1.036597e-02  20  302.28
141  12  1.641792e-02  20  136.78
138  21  1.324484e-02  20  136.82
138  18  1.620612e-02  20  136.88
267  21  1.034253e-02  20  303.25
147  15  1.466476e-02  20  137.05
144  15  1.732749e-02  20  137.16
147  6  1.653894e-02  20  138.04
144  12  1.589634e-02  20  138.33
135  21  1.416841e-02  20  138.57
267  18  1.258872e-02  20  304.87
267  24  1.057423e-02  20  304.95
147  12  1.527802e-02  20  139.40
267  3  1.675534e-02  20  306.78
141  24  1.436582e-02  20  140.69
141  18  1.361020e-02  20  140.72
141  3  1.875280e-02  20  140.76
135  24  1.305047e-02  20  141.01
138  3  2.073303e-02  20  141.91
141  21  1.377435e-02  20  141.93
135  27  1.272024e-02  20  142.07
144  18  1.551101e-02  20  142.32
150  9  1.590593e-02  20  142.76
150  6  1.625500e-02  20  143.17
150  15  1.637486e-02  20  143.25
138  27  1.287940e-02  20  143.41
147  9  1.561684e-02  20  143.72
147  18  1.641451e-02  20  143.78
150  12  1.472393e-02  20  144.13
144  21  1.654296e-02  20  144.25
144  24  1.433537e-02  20  144.29
141  27  1.291352e-02  20  144.51
138  24  1.406539e-02  20  144.83
150  18  1.524367e-02  20  145.62
147  3  3.418977e-02  20  145.62
150  21  1.487728e-02  20  145.82
150  3  3.165075e-02  20  145.99
147  24  1.390818e-02  20  148.30
144  27  1.434258e-02  20  148.50
147  21  1.247850e-02  20  148.86
144  3  3.168447e-02  20  149.10
270  9  1.352198e-02  20  298.82
147  27  1.299746e-02  20  151.12
150  27  1.388038e-02  20  153.85
150  24  1.255092e-02  20  154.37
153  9  1.550377e-02  20  143.67
270  12  1.343518e-02  20  303.78
270  6  1.509416e-02  20  305.11
270  15  1.158671e-02  20  305.68
159  6  1.974227e-02  20  146.37
153  12  1.713358e-02  20  146.89
156  9  1.493968e-02  20  146.96
156  18  1.349246e-02  20  147.03
156  12  1.535298e-02  20  147.77
153  6  1.666845e-02  20  147.92
156  6  1.666731e-02  20  148.01
153  15  1.564331e-02  20  148.14
159  12  1.456026e-02  20  148.65
156  15  1.610758e-02  20  149.41
159  9  1.571439e-02  20  149.66
270  21  1.156054e-02  20  309.19
273  9  1.320720e-02  20  309.59
270  18  1.118656e-02  20  309.82
162  6  1.635351e-02  20  150.39
153  18  1.369895e-02  20  150.55
273  6  1.509610e-02  20  310.56
270  24  1.067704e-02  20  310.62
267  27  1.053821e-02  20  310.66
276  9  1.536807e-02  20  310.77
153  24  1.284120e-02  20  151.74
162  12  1.496501e-02  20  152.03
273  15  1.302858e-02  20  311.85
276  12  1.258063e-02  20  312.22
273  12  1.293208e-02  20  312.92
159  18  1.361594e-02  20  153.67
159  15  1.674044e-02  20  153.79
156  21  1.326221e-02  20  154.01
165  6  1.577094e-02  20  154.22
165  12  1.451395e-02  20  154.23
153  3  5.146378e-02  20  154.64
153  21  1.433079e-02  20  154.79
162  9  1.645050e-02  20  154.91
276  15  1.198220e-02  20  314.37
270  3  3.396261e-02  20  314.40
159  3  1.880989e-02  20  155.08
273  21  1.105771e-02  20  314.84
165  9  1.928367e-02  20  156.04
162  21  1.547756e-02  20  156.07
270  27  1.027675e-02  20  315.55
159  24  1.221432e-02  20  156.18
162  15  1.411129e-02  20  156.91
153  27  1.183679e-02  20  156.98
165  18  1.313504e-02  20  157.07
168  15  1.438067e-02  20  157.14
159  21  1.292979e-02  20  157.63
276  21  1.102235e-02  20  317.18
162  3  1.886397e-02  20  157.78
165  21  1.290360e-02  20  158.03
162  18  1.698313e-02  20  158.20
168  12  1.623013e-02  20  158.34
273  24  9.975154e-03  20  318.17
276  3  2.988239e-02  20  318.36
156  3  2.124226e-02  20  159.34
156  24  1.285583e-02  20  159.42
276  24  1.054132e-02  20  318.88
165  15  1.634599e-02  20  159.46
279  12  1.250441e-02  20  319.25
276  18  1.123625e-02  20  320.09
156  27  1.324254e-02  20  160.66
168  9  1.383392e-02  20  160.68
276  6  1.424198e-02  20  320.29
165  3  2.203705e-02  20  161.12
168  6  1.798058e-02  20  161.28
279  9  1.483220e-02  20  321.25
159  27  1.342106e-02  20  161.98
276  27  1.032808e-02  20  321.45
273  18  1.225631e-02  20  321.74
162  24  1.302918e-02  20  162.73
273  3  1.996411e-02  20  322.38
162  27  1.106554e-02  20  163.08
282  9  1.315370e-02  20  323.72
165  24  1.228999e-02  20  164.50
279  15  1.221660e-02  20  323.98
168  3  2.104548e-02  20  164.58
273  27  9.578495e-03  20  324.11
165  27  1.156212e-02  20  165.02
282  15  1.226328e-02  20  324.48
279  18  1.094501e-02  20  324.60
279  6  1.742712e-02  20  324.93
282  12  1.404045e-02  20  326.58
285  9  1.392664e-02  20  328.88
285  6  1.377481e-02  20  329.61
279  3  2.784979e-02  20  329.74
282  18  1.142888e-02  20  329.77
282  21  1.046765e-02  20  330.01
282  6  1.626482e-02  20  330.33
285  12  1.202929e-02  20  331.14
279  27  1.030639e-02  20  332.15
282  24  1.082562e-02  20  332.52
279  21  1.170485e-02  20  332.66
282  27  1.058844e-02  20  334.32
282  3  3.101589e-02  20  335.24
285  15  1.297576e-02  20  326.13
279  24  1.083223e-02  20  337.59
285  18  1.153538e-02  20  328.67
285  21  1.035746e-02  20  330.21
285  3  2.947941e-02  20  340.04
291  6  1.577484e-02  20  335.80
291  9  1.472632e-02  20  335.95
291  12  1.114672e-02  20  336.09
285  24  1.044761e-02  20  336.20
294  9  1.488051e-02  20  336.54
288  9  1.364087e-02  20  338.71
288  12  1.379894e-02  20  339.61
285  27  9.920154e-03  20  339.80
288  21  1.137219e-02  20  340.24
294  12  1.273029e-02  20  340.32
288  6  1.483078e-02  20  340.33
291  15  1.167464e-02  20  341.25
288  15  1.143273e-02  20  341.43
291  24  9.845974e-03  20  342.12
288  18  1.213017e-02  20  342.37
291  21  1.089661e-02  20  343.46
291  18  1.248388e-02  20  343.51
294  15  1.408454e-02  20  343.57
288  24  1.038507e-02  20  343.63
294  6  1.370081e-02  20  344.74
297  9  1.297979e-02  20  345.04
291  3  2.228831e-02  20  345.83
294  18  1.192747e-02  20  346.91
294  24  1.062786e-02  20  348.07
294  21  1.107047e-02  20  348.44
297  12  1.343578e-02  20  348.63
297  6  1.360368e-02  20  349.07
294  3  1.849698e-02  20  349.22
288  27  1.021446e-02  20  350.03
291  27  1.024210e-02  20  350.46
297  15  1.273177e-02  20  350.80
288  3  3.285002e-02  20  351.65
297  18  1.188103e-02  20  352.39
294  27  1.007804e-02  20  353.82
297  21  1.090089e-02  20  356.83
297  24  1.085648e-02  20  358.08
297  27  1.009238e-02  20  358.91
297  3  4.481007e-02  20  362.34
