# 1. n_LF  2. n_HF  3. error  4. n_optimization_restarts 5. time spent (min)
3  12  4.329222e-01  20  67.80
3  6  5.711303e-01  20  71.59
3  3  6.497035e-01  20  73.78
6  24  3.405272e-01  20  73.81
6  12  5.597965e-01  20  74.70
3  24  3.233990e-01  20  74.70
3  9  4.709332e-01  20  75.29
6  15  4.025702e-01  20  75.84
9  9  4.424273e-01  20  76.85
3  15  4.095483e-01  20  78.78
6  6  1.803357e+00  20  79.99
21  9  4.846935e-01  20  81.75
12  9  6.054714e-01  20  82.24
12  12  9.233539e-01  20  82.62
9  6  7.616135e-01  20  82.75
6  21  3.558087e-01  20  82.88
15  15  4.865115e-01  20  82.92
33  9  2.125985e-01  20  82.97
15  9  4.488825e-01  20  83.34
12  6  3.373611e-01  20  83.70
60  12  3.845657e-01  20  83.90
18  12  5.311434e-01  20  84.49
3  27  3.230346e-01  20  84.61
48  9  1.638475e-01  20  85.20
33  12  3.721516e-01  20  85.37
6  3  8.954027e-01  20  85.70
15  12  5.769236e-01  20  85.79
45  9  3.270451e-01  20  86.06
9  3  6.794542e-01  20  86.73
21  12  4.943063e-01  20  86.99
27  9  3.238127e-01  20  87.30
27  12  3.984591e-01  20  87.77
18  9  4.164224e-01  20  88.09
3  21  3.447586e-01  20  88.19
36  15  2.244054e-01  20  88.37
24  6  5.654786e-01  20  88.37
21  15  3.728761e-01  20  88.87
27  18  4.737934e-01  20  88.98
24  9  2.588640e-01  20  89.07
27  15  3.238131e-01  20  89.18
15  6  4.295366e-01  20  89.22
6  18  4.623178e-01  20  89.38
18  6  6.199461e-01  20  89.58
39  12  1.634570e-01  20  89.58
36  6  2.156640e-01  20  89.68
18  18  5.420507e-01  20  89.69
30  9  3.272467e-01  20  90.11
54  15  1.796737e-01  20  90.11
30  15  2.479037e-01  20  90.69
21  6  3.751141e-01  20  90.72
42  9  2.422622e-01  20  90.88
45  15  1.838874e-01  20  90.90
3  18  3.538710e-01  20  90.90
30  12  3.330245e-01  20  91.11
30  18  2.774364e-01  20  91.29
48  12  2.137603e-01  20  91.33
33  18  2.877246e-01  20  91.43
36  12  3.360873e-01  20  91.60
51  12  2.340982e-01  20  91.80
27  6  2.807651e-01  20  91.84
24  12  2.486038e-01  20  91.91
24  21  2.101070e-01  20  91.93
24  18  4.152698e-01  20  92.04
42  3  3.150563e-01  20  92.15
39  9  1.988445e-01  20  92.28
18  3  7.033304e-01  20  92.33
63  12  2.601845e-01  20  92.35
48  6  2.383732e-01  20  92.50
9  12  5.074191e-01  20  92.51
21  21  3.257330e-01  20  92.70
45  18  2.060038e-01  20  92.78
48  18  2.230330e-01  20  92.80
36  21  1.940722e-01  20  92.85
18  15  4.717934e-01  20  92.85
45  3  2.839509e-01  20  92.96
36  18  2.345904e-01  20  93.02
24  15  4.456295e-01  20  93.13
30  6  3.089772e-01  20  93.15
51  9  1.309001e-01  20  93.20
12  3  1.036576e+00  20  93.37
27  21  2.914934e-01  20  93.64
15  3  6.488940e-01  20  93.65
42  12  1.957196e-01  20  93.67
33  6  2.702235e-01  20  93.71
21  3  3.844635e-01  20  93.78
24  24  3.790482e-01  20  93.93
36  9  2.058172e-01  20  94.03
9  15  5.468103e-01  20  94.12
27  3  5.798993e-01  20  94.12
75  15  1.833364e-01  20  94.13
39  15  3.735250e-01  20  94.31
36  3  2.977479e-01  20  94.45
33  15  2.708165e-01  20  94.50
57  9  1.215372e-01  20  94.78
39  18  2.570395e-01  20  94.88
30  21  3.045863e-01  20  95.08
45  6  2.952464e-01  20  95.16
54  9  2.052374e-01  20  95.45
51  18  2.343635e-01  20  95.47
63  21  1.870208e-01  20  95.74
60  9  1.747955e-01  20  95.75
42  15  3.218112e-01  20  95.86
36  24  1.992264e-01  20  95.99
39  6  2.144755e-01  20  96.08
57  12  2.149856e-01  20  96.14
51  6  2.019074e-01  20  96.36
42  6  3.024903e-01  20  96.45
63  24  1.627310e-01  20  96.52
45  12  2.202762e-01  20  96.56
42  18  1.705727e-01  20  96.70
30  3  3.270731e-01  20  96.72
33  21  2.305929e-01  20  96.75
33  3  1.837231e-01  20  96.77
30  27  2.786112e-01  20  96.80
36  27  1.811246e-01  20  96.90
51  3  2.597786e-01  20  97.05
63  15  1.828486e-01  20  97.12
27  27  2.312948e-01  20  97.16
27  24  1.934572e-01  20  97.50
72  9  1.251062e-01  20  97.52
6  9  7.837551e-01  20  97.66
63  6  1.789428e-01  20  97.89
45  21  1.455528e-01  20  97.93
54  12  2.024452e-01  20  98.04
48  15  2.627682e-01  20  98.07
42  24  1.715214e-01  20  98.17
63  9  2.109239e-01  20  98.41
33  27  2.006094e-01  20  98.66
57  18  2.242156e-01  20  99.01
66  9  1.358044e-01  20  99.14
51  21  1.221803e-01  20  99.16
66  12  1.280480e-01  20  99.70
45  24  1.967509e-01  20  99.74
24  3  3.074928e-01  20  99.89
57  6  1.659910e-01  20  100.26
54  6  2.017343e-01  20  100.28
60  6  1.734795e-01  20  100.30
54  21  1.428607e-01  20  100.44
78  12  1.769156e-01  20  100.45
15  24  3.876470e-01  20  100.60
75  9  1.433231e-01  20  100.66
69  12  8.702321e-02  20  100.67
42  27  4.170950e-01  20  100.69
84  12  8.311469e-02  20  100.71
51  15  2.534194e-01  20  100.72
54  18  1.194836e-01  20  100.75
30  24  1.900414e-01  20  100.98
45  27  2.294962e-01  20  101.01
12  21  3.909593e-01  20  101.04
75  12  1.399645e-01  20  101.05
39  27  2.083936e-01  20  101.26
66  18  1.305231e-01  20  101.33
12  24  3.548901e-01  20  101.48
39  3  3.556451e-01  20  101.77
48  3  2.399590e-01  20  101.79
78  9  9.399270e-02  20  101.82
33  24  2.930347e-01  20  101.99
39  21  2.960482e-01  20  102.02
57  15  1.680648e-01  20  102.08
72  6  2.569720e-01  20  102.08
15  27  3.422349e-01  20  102.09
69  6  1.695412e-01  20  102.15
60  18  1.522015e-01  20  102.39
69  21  1.219967e-01  20  102.39
66  6  2.087589e-01  20  102.51
9  27  3.531133e-01  20  102.58
72  12  1.607179e-01  20  102.66
48  21  1.888449e-01  20  102.90
69  9  2.057890e-01  20  103.21
21  18  5.250279e-01  20  103.48
60  3  1.346783e-01  20  103.52
54  3  1.777024e-01  20  103.57
84  9  1.273684e-01  20  103.75
78  6  1.353063e-01  20  103.76
9  24  3.578073e-01  20  104.02
9  18  3.011934e-01  20  104.09
57  3  2.315742e-01  20  104.12
75  6  1.130196e-01  20  104.27
63  18  1.557105e-01  20  104.29
63  3  1.821720e-01  20  104.34
81  12  1.168802e-01  20  104.44
69  15  2.614751e-01  20  104.58
78  15  1.677783e-01  20  104.61
60  21  1.662878e-01  20  104.70
15  21  4.444412e-01  20  104.84
6  27  3.010135e-01  20  104.87
12  27  3.203407e-01  20  105.07
81  9  1.276447e-01  20  105.08
87  12  1.438362e-01  20  105.13
57  21  8.545113e-02  20  105.31
78  21  1.661297e-01  20  105.43
48  27  1.966834e-01  20  105.46
57  24  1.940995e-01  20  105.49
9  21  3.590302e-01  20  105.52
57  27  2.197662e-01  20  105.62
72  27  1.284580e-01  20  105.94
12  18  4.067072e-01  20  106.30
66  21  1.667105e-01  20  106.33
87  6  1.117443e-01  20  106.36
69  3  1.716069e-01  20  106.52
12  15  5.865019e-01  20  106.57
72  3  2.453257e-01  20  106.59
51  24  1.661189e-01  20  106.73
51  27  1.853622e-01  20  106.78
69  18  1.450147e-01  20  106.83
78  18  9.598214e-02  20  107.01
48  24  2.832486e-01  20  107.15
84  15  1.059676e-01  20  107.47
93  9  9.982582e-02  20  107.57
39  24  2.428734e-01  20  107.65
15  18  7.954445e-01  20  108.59
75  3  1.860665e-01  20  108.72
87  9  1.432165e-01  20  108.78
24  27  3.617986e-01  20  109.13
78  3  1.388448e-01  20  109.33
96  9  1.024828e-01  20  109.63
93  18  1.386281e-01  20  109.73
90  12  1.191160e-01  20  110.05
96  12  1.182492e-01  20  110.08
84  21  1.392852e-01  20  110.19
66  15  1.089110e-01  20  110.27
18  21  6.037705e-01  20  110.37
81  6  1.880995e-01  20  110.39
21  24  3.013058e-01  20  110.67
87  15  1.392134e-01  20  110.92
21  27  3.987567e-01  20  111.15
78  27  1.072978e-01  20  111.17
90  9  1.044659e-01  20  111.23
78  24  8.157770e-02  20  111.39
93  12  1.129454e-01  20  111.58
75  21  1.857825e-01  20  111.85
54  24  1.671989e-01  20  111.97
42  21  2.215450e-01  20  112.16
63  27  1.323469e-01  20  112.16
90  21  1.107393e-01  20  112.27
96  15  1.312951e-01  20  112.30
81  24  1.072768e-01  20  112.40
75  24  1.797865e-01  20  112.45
90  3  1.231366e-01  20  112.52
54  27  1.767549e-01  20  112.52
105  9  8.217560e-02  20  112.53
102  12  1.180865e-01  20  112.56
87  18  8.095196e-02  20  112.62
99  12  9.647617e-02  20  112.73
99  15  9.557355e-02  20  112.89
90  18  1.025876e-01  20  112.91
60  24  1.587291e-01  20  112.99
102  9  9.506047e-02  20  113.04
72  18  1.737484e-01  20  113.10
60  15  1.746477e-01  20  113.26
90  6  1.263270e-01  20  113.35
72  21  1.276160e-01  20  113.37
18  24  4.917824e-01  20  113.51
66  3  1.299381e-01  20  113.51
18  27  3.199852e-01  20  113.65
72  15  1.491864e-01  20  113.68
84  27  9.328579e-02  20  113.91
81  15  9.636350e-02  20  113.91
75  18  1.536328e-01  20  113.94
81  18  1.077625e-01  20  114.08
93  21  1.241245e-01  20  114.26
84  3  1.405420e-01  20  114.34
66  24  1.811451e-01  20  114.54
99  9  1.347592e-01  20  114.80
96  27  1.206380e-01  20  115.38
72  24  1.186492e-01  20  115.55
81  3  1.752925e-01  20  115.58
90  27  1.143742e-01  20  116.26
69  27  1.902532e-01  20  116.43
105  12  9.671101e-02  20  116.48
84  6  1.372019e-01  20  116.65
90  15  1.383884e-01  20  116.81
87  3  1.586822e-01  20  117.06
84  24  1.145360e-01  20  117.08
96  6  9.171719e-02  20  117.08
93  15  1.017378e-01  20  117.09
96  18  9.371828e-02  20  117.62
111  12  9.874621e-02  20  117.90
60  27  2.260567e-01  20  118.70
93  6  1.058644e-01  20  119.09
87  21  1.357930e-01  20  119.31
93  3  2.490174e-01  20  119.71
108  12  1.276061e-01  20  119.77
81  27  1.203262e-01  20  119.83
102  18  1.220913e-01  20  119.84
75  27  1.436842e-01  20  119.91
99  6  1.786874e-01  20  119.96
114  15  8.528224e-02  20  119.98
96  3  1.464138e-01  20  120.16
114  9  1.127164e-01  20  120.19
105  15  1.193811e-01  20  120.25
102  6  9.712039e-02  20  120.47
93  27  1.433842e-01  20  120.50
69  24  1.218349e-01  20  120.53
66  27  2.125604e-01  20  120.69
111  15  8.092905e-02  20  121.17
117  9  1.028020e-01  20  121.21
99  21  1.243162e-01  20  121.60
102  21  8.721910e-02  20  121.62
81  21  8.679540e-02  20  122.16
111  9  1.593581e-01  20  122.20
99  3  1.606221e-01  20  122.84
108  9  9.249557e-02  20  123.30
93  24  9.790492e-02  20  123.45
111  24  1.258564e-01  20  123.99
108  21  8.996636e-02  20  124.13
114  12  9.034703e-02  20  124.22
87  24  1.143064e-01  20  124.28
108  6  1.158843e-01  20  124.37
102  3  1.405894e-01  20  124.41
117  6  9.204289e-02  20  125.28
111  18  1.116954e-01  20  125.28
105  21  1.095805e-01  20  125.43
111  6  9.900974e-02  20  125.64
87  27  9.370284e-02  20  125.67
105  3  1.203287e-01  20  125.81
84  18  1.198358e-01  20  126.32
99  18  1.442794e-01  20  126.41
102  15  1.394608e-01  20  126.62
117  18  1.305955e-01  20  126.85
114  21  8.503928e-02  20  126.92
114  6  1.394924e-01  20  127.21
105  6  9.177397e-02  20  127.42
111  3  1.501601e-01  20  127.46
117  12  1.248447e-01  20  127.46
90  24  9.216229e-02  20  127.56
108  18  8.152992e-02  20  127.82
102  24  7.543244e-02  20  128.18
96  21  1.413331e-01  20  128.39
114  18  1.100476e-01  20  128.42
96  24  1.169936e-01  20  128.57
99  27  1.080395e-01  20  128.89
117  15  8.794772e-02  20  129.09
114  3  1.199564e-01  20  129.66
99  24  1.251853e-01  20  129.70
105  18  8.986438e-02  20  129.87
102  27  1.132978e-01  20  130.51
111  21  1.030174e-01  20  130.68
117  21  8.930239e-02  20  131.97
117  3  9.426974e-02  20  132.56
105  27  8.942359e-02  20  133.55
108  24  7.289884e-02  20  134.08
108  3  1.677999e-01  20  134.12
108  15  1.089400e-01  20  134.80
111  27  1.375212e-01  20  136.52
105  24  1.114552e-01  20  137.08
114  24  8.000627e-02  20  137.08
108  27  1.104775e-01  20  139.84
114  27  9.047079e-02  20  141.61
117  24  9.310639e-02  20  141.90
168  21  9.413373e-02  20  172.52
171  9  8.522856e-02  20  174.24
168  18  7.068908e-02  20  175.07
174  12  8.436755e-02  20  178.68
174  9  7.994685e-02  20  179.85
171  12  9.052873e-02  20  180.12
171  18  6.895919e-02  20  180.61
171  6  7.096402e-02  20  181.70
171  15  7.266078e-02  20  182.10
174  18  7.235986e-02  20  183.15
174  6  7.766513e-02  20  183.76
168  24  9.297497e-02  20  184.48
177  12  9.869297e-02  20  184.73
174  3  1.237323e-01  20  185.01
171  21  8.410783e-02  20  185.57
180  12  6.747664e-02  20  186.17
174  21  8.163191e-02  20  186.50
180  9  7.180638e-02  20  186.80
177  9  6.299509e-02  20  186.89
174  15  8.282227e-02  20  187.22
171  3  1.456543e-01  20  187.72
177  18  6.883687e-02  20  188.84
168  27  6.955040e-02  20  188.86
183  9  9.692194e-02  20  189.74
3  9  6.608238e-01  20  68.97
180  24  6.961363e-02  20  190.89
183  15  8.475952e-02  20  191.09
171  27  6.252683e-02  20  191.94
174  24  9.050158e-02  20  192.17
180  15  6.663967e-02  20  192.39
183  12  5.997899e-02  20  192.47
171  24  7.984887e-02  20  192.53
3  15  4.492337e-01  20  71.16
180  18  7.533673e-02  20  193.05
177  15  6.832497e-02  20  193.55
3  21  3.544936e-01  20  72.28
180  6  8.571400e-02  20  193.89
180  27  7.800986e-02  20  194.44
183  21  9.359268e-02  20  194.49
183  6  7.880951e-02  20  194.53
3  12  4.852515e-01  20  73.66
3  3  6.497034e-01  20  74.07
186  12  8.374797e-02  20  195.97
177  21  7.446388e-02  20  196.26
177  3  7.704350e-02  20  196.29
174  27  6.812404e-02  20  196.42
180  21  8.550117e-02  20  196.54
186  9  9.484607e-02  20  197.78
183  18  7.455557e-02  20  197.97
180  3  9.221863e-02  20  197.97
177  24  7.233634e-02  20  198.54
186  3  1.287848e-01  20  199.36
177  6  1.020313e-01  20  199.58
9  9  6.735664e-01  20  78.58
183  24  7.553954e-02  20  200.41
12  9  6.107011e-01  20  79.09
6  18  3.690556e-01  20  79.16
177  27  8.727635e-02  20  200.64
186  18  7.962278e-02  20  200.72
189  6  6.509529e-02  20  201.46
3  27  3.784341e-01  20  80.02
186  15  6.750531e-02  20  201.76
3  6  6.201187e-01  20  80.62
183  3  1.008284e-01  20  202.31
189  9  9.791946e-02  20  202.33
186  21  7.690204e-02  20  203.20
6  6  7.077172e-01  20  81.86
189  15  8.435677e-02  20  203.67
189  12  6.662640e-02  20  203.73
15  9  4.530755e-01  20  82.97
198  9  5.852280e-02  20  204.52
18  12  7.105524e-01  20  83.27
18  15  3.957429e-01  20  83.57
189  18  7.009093e-02  20  205.09
186  6  6.241742e-02  20  205.32
6  3  7.490487e-01  20  83.84
186  27  6.988635e-02  20  205.79
15  15  4.459794e-01  20  84.36
15  12  8.778670e-01  20  84.73
9  6  5.807261e-01  20  84.77
183  27  7.279134e-02  20  206.47
3  24  3.596286e-01  20  85.28
6  15  4.416862e-01  20  85.64
18  9  3.925190e-01  20  85.81
12  12  5.363744e-01  20  85.92
6  27  3.238771e-01  20  86.42
9  3  6.728417e-01  20  87.39
195  12  6.035447e-02  20  208.96
15  6  4.670792e-01  20  87.48
195  9  6.417054e-02  20  209.23
12  6  4.821348e-01  20  87.77
189  3  1.186670e-01  20  209.47
189  21  6.337398e-02  20  209.90
6  21  3.288304e-01  20  88.56
192  9  7.934757e-02  20  211.08
18  6  4.553900e-01  20  89.61
9  27  3.267565e-01  20  89.76
195  18  7.404826e-02  20  211.35
6  9  7.131348e-01  20  90.10
195  15  5.913706e-02  20  211.59
186  24  8.360737e-02  20  212.23
192  15  6.668091e-02  20  212.59
12  3  6.029031e-01  20  92.18
6  12  5.755127e-01  20  92.24
198  15  7.147966e-02  20  213.81
189  27  6.664937e-02  20  214.01
198  18  7.320611e-02  20  214.48
198  12  7.041746e-02  20  214.61
195  6  9.701968e-02  20  214.84
192  12  8.337607e-02  20  215.60
3  18  4.863439e-01  20  94.24
198  21  7.378652e-02  20  215.79
201  12  7.047584e-02  20  215.90
192  3  7.910778e-02  20  216.04
192  18  6.129388e-02  20  216.10
192  6  9.895726e-02  20  216.64
198  6  7.711290e-02  20  216.85
12  21  4.020779e-01  20  95.52
15  3  3.394696e-01  20  95.52
201  15  6.120560e-02  20  217.16
18  3  6.023280e-01  20  95.72
198  3  1.351534e-01  20  217.23
192  21  7.818425e-02  20  217.67
9  12  5.791914e-01  20  96.32
192  27  7.722459e-02  20  217.96
195  3  1.902210e-01  20  218.29
195  21  7.247314e-02  20  218.42
12  18  4.954494e-01  20  97.55
189  24  6.142342e-02  20  219.06
9  18  3.593169e-01  20  98.03
198  24  7.484913e-02  20  220.01
9  21  3.294046e-01  20  98.99
201  9  6.675928e-02  20  220.77
195  24  7.304468e-02  20  220.79
192  24  5.433536e-02  20  221.09
201  6  8.159081e-02  20  221.19
201  18  7.657995e-02  20  221.24
204  12  6.174820e-02  20  222.14
204  9  7.926169e-02  20  222.27
198  27  7.516940e-02  20  222.29
201  3  1.013047e-01  20  222.83
12  27  3.187145e-01  20  101.88
15  18  4.693099e-01  20  102.62
195  27  7.067725e-02  20  224.34
12  15  5.722763e-01  20  103.18
207  9  7.249929e-02  20  225.32
210  12  7.284956e-02  20  226.28
207  12  7.595696e-02  20  226.39
201  24  6.494426e-02  20  226.42
204  3  7.759612e-02  20  226.66
9  15  6.622784e-01  20  105.20
6  24  3.407900e-01  20  105.78
15  24  4.054518e-01  20  106.32
201  21  7.158649e-02  20  228.19
204  15  5.883416e-02  20  228.50
210  6  7.754587e-02  20  229.04
204  6  6.801972e-02  20  229.15
204  18  6.127004e-02  20  229.47
210  9  7.557491e-02  20  229.62
12  24  3.676173e-01  20  108.29
9  24  3.202341e-01  20  108.64
15  21  5.919098e-01  20  109.09
210  18  7.473521e-02  20  231.07
213  15  7.967957e-02  20  231.33
15  27  2.714879e-01  20  110.64
204  27  6.502225e-02  20  233.22
213  12  5.791825e-02  20  234.01
216  9  6.770782e-02  20  234.35
120  12  8.036088e-02  20  125.13
120  9  1.061848e-01  20  125.22
207  18  9.122502e-02  20  234.59
204  24  7.984975e-02  20  235.01
210  24  6.173985e-02  20  235.19
210  3  1.088606e-01  20  235.40
213  9  7.986962e-02  20  235.43
210  15  6.626905e-02  20  235.78
129  9  7.466793e-02  20  127.27
201  27  7.238217e-02  20  236.67
207  15  7.462771e-02  20  236.88
207  3  7.378088e-02  20  236.92
213  18  9.133983e-02  20  237.00
207  6  8.524313e-02  20  237.04
207  21  5.137131e-02  20  237.20
210  27  6.824983e-02  20  238.19
123  12  1.096006e-01  20  129.24
213  6  7.134860e-02  20  238.88
216  18  6.159999e-02  20  239.47
204  21  7.798956e-02  20  239.69
120  15  8.528707e-02  20  130.70
123  9  9.594394e-02  20  131.02
216  12  7.857361e-02  20  240.52
126  9  8.971350e-02  20  131.40
132  9  1.158774e-01  20  131.73
132  12  8.675711e-02  20  131.74
120  18  6.238696e-02  20  131.81
213  21  5.710789e-02  20  241.45
120  6  7.318904e-02  20  132.69
126  15  9.158442e-02  20  133.07
123  3  1.276408e-01  20  133.11
126  18  1.215063e-01  20  133.34
207  27  8.553915e-02  20  242.96
123  15  1.067047e-01  20  133.72
216  6  6.044361e-02  20  243.16
213  24  6.859992e-02  20  243.74
219  6  7.066869e-02  20  244.19
210  21  6.761834e-02  20  244.20
129  12  9.019442e-02  20  135.09
123  6  9.334838e-02  20  135.25
120  3  1.466934e-01  20  135.98
126  6  9.366577e-02  20  136.28
120  24  7.799133e-02  20  136.31
219  9  7.909950e-02  20  245.88
219  12  7.733568e-02  20  246.06
216  15  7.258541e-02  20  246.08
135  12  1.191534e-01  20  137.07
123  27  1.623408e-01  20  137.09
219  15  6.962575e-02  20  246.49
120  27  9.371613e-02  20  137.32
213  3  1.110696e-01  20  246.78
126  12  7.700282e-02  20  137.66
129  18  7.490248e-02  20  137.67
120  21  9.572416e-02  20  137.94
216  3  1.246169e-01  20  247.48
129  15  1.093985e-01  20  138.84
216  27  6.491017e-02  20  248.13
129  6  9.545989e-02  20  138.94
135  6  7.308986e-02  20  139.13
132  15  7.361217e-02  20  139.15
207  24  7.232149e-02  20  248.67
126  3  8.497688e-02  20  139.46
132  6  1.173445e-01  20  139.84
132  21  8.880708e-02  20  139.96
222  15  5.609806e-02  20  249.36
129  21  1.100425e-01  20  140.32
126  24  6.489475e-02  20  140.46
213  27  6.589607e-02  20  249.92
135  15  1.064576e-01  20  137.42
216  24  7.712568e-02  20  250.21
135  9  9.281843e-02  20  140.96
132  3  8.533005e-02  20  141.44
219  18  6.514748e-02  20  250.73
126  27  9.848043e-02  20  141.82
216  21  6.435514e-02  20  251.24
123  24  1.100322e-01  20  142.04
123  21  7.853355e-02  20  142.12
129  27  6.682501e-02  20  142.20
126  21  1.010458e-01  20  142.59
219  3  1.097656e-01  20  251.96
222  12  6.470745e-02  20  251.98
222  9  6.278364e-02  20  252.11
123  18  8.619980e-02  20  143.06
219  21  6.666808e-02  20  252.47
132  24  7.989055e-02  20  144.23
135  3  1.175668e-01  20  144.27
222  18  6.933442e-02  20  253.59
141  12  6.389136e-02  20  141.10
129  24  9.476565e-02  20  144.55
138  6  8.589167e-02  20  141.71
138  9  8.300746e-02  20  141.76
129  3  1.535576e-01  20  145.17
117  27  9.395406e-02  20  145.44
138  18  1.053719e-01  20  142.34
135  18  9.838000e-02  20  142.47
225  6  6.226036e-02  20  256.79
144  12  9.792327e-02  20  144.21
141  6  6.820018e-02  20  144.81
225  9  8.294926e-02  20  257.62
228  12  6.357674e-02  20  257.71
219  24  6.667878e-02  20  258.10
138  15  8.624647e-02  20  145.52
132  18  1.090893e-01  20  148.96
225  3  7.571311e-02  20  258.76
225  18  7.083208e-02  20  259.13
225  15  6.862263e-02  20  259.21
228  18  6.069184e-02  20  259.22
225  12  6.798268e-02  20  259.29
225  21  6.696893e-02  20  259.57
222  3  7.074951e-02  20  259.69
222  6  7.945798e-02  20  259.83
222  27  5.437974e-02  20  260.15
222  21  8.060819e-02  20  260.24
138  3  1.629584e-01  20  147.67
228  9  6.243631e-02  20  260.49
132  27  1.144118e-01  20  151.37
141  15  9.311589e-02  20  148.12
138  12  7.643139e-02  20  148.40
135  21  1.279561e-01  20  148.55
144  9  7.917113e-02  20  148.58
141  9  8.383748e-02  20  148.99
234  9  6.900441e-02  20  261.71
135  27  9.533542e-02  20  149.53
234  12  6.087269e-02  20  262.97
222  24  7.573922e-02  20  263.08
141  18  8.718785e-02  20  150.62
141  3  8.437724e-02  20  150.65
150  9  1.021167e-01  20  150.72
228  15  6.451501e-02  20  263.36
147  9  7.259050e-02  20  150.89
228  21  8.299704e-02  20  263.61
150  12  7.649396e-02  20  151.20
147  12  9.160767e-02  20  151.25
228  6  8.399789e-02  20  264.08
219  27  6.600603e-02  20  264.40
231  12  7.487009e-02  20  264.84
144  15  1.017280e-01  20  152.29
150  15  9.138770e-02  20  152.36
231  18  7.668453e-02  20  265.03
228  27  6.668924e-02  20  265.29
231  9  7.298892e-02  20  266.08
144  21  1.042798e-01  20  153.84
147  15  6.137843e-02  20  154.09
144  27  9.327467e-02  20  154.47
147  18  8.910792e-02  20  155.32
138  24  9.452103e-02  20  155.35
138  21  1.069533e-01  20  155.42
144  18  7.682294e-02  20  155.52
228  24  7.522862e-02  20  268.20
153  12  8.987514e-02  20  153.39
144  3  1.646847e-01  20  157.09
141  24  1.075849e-01  20  157.34
228  3  7.127908e-02  20  270.16
234  15  7.534717e-02  20  270.29
147  24  7.372579e-02  20  157.74
141  21  7.324606e-02  20  157.81
150  6  9.886175e-02  20  158.20
135  24  1.026309e-01  20  158.27
231  24  6.135569e-02  20  271.13
231  15  7.219869e-02  20  271.26
225  24  6.520122e-02  20  271.57
153  9  8.913006e-02  20  156.49
147  3  1.048686e-01  20  159.31
147  21  7.548411e-02  20  159.38
147  6  1.226417e-01  20  159.38
138  27  9.325176e-02  20  159.50
156  9  9.744333e-02  20  157.03
150  3  1.216843e-01  20  159.97
144  6  8.822781e-02  20  160.30
231  6  7.517826e-02  20  272.96
234  18  7.106203e-02  20  273.24
240  9  6.472577e-02  20  273.57
153  6  7.443212e-02  20  158.39
225  27  6.556284e-02  20  273.85
159  6  1.117206e-01  20  158.65
156  12  8.462754e-02  20  158.74
231  3  1.030167e-01  20  274.01
234  6  7.452186e-02  20  274.43
150  27  8.721288e-02  20  162.21
141  27  8.003672e-02  20  162.25
231  21  6.918213e-02  20  275.03
165  9  8.996467e-02  20  159.90
144  24  9.528932e-02  20  162.54
159  12  9.400665e-02  20  160.79
150  24  7.217289e-02  20  163.53
234  21  6.696946e-02  20  276.25
153  15  8.299541e-02  20  161.44
159  9  7.629459e-02  20  161.73
237  9  6.658316e-02  20  277.17
153  18  6.336691e-02  20  162.22
162  12  6.821303e-02  20  162.40
237  12  6.468989e-02  20  278.16
150  18  8.575743e-02  20  165.67
162  15  8.786216e-02  20  163.56
240  15  7.754038e-02  20  278.97
231  27  6.491281e-02  20  279.43
156  6  1.001897e-01  20  164.24
159  15  5.720511e-02  20  164.35
240  12  6.924432e-02  20  280.12
156  15  7.444631e-02  20  165.03
150  21  8.712245e-02  20  167.66
153  21  8.364386e-02  20  165.39
159  18  8.427334e-02  20  165.58
156  18  8.646286e-02  20  165.86
234  3  1.189795e-01  20  281.45
153  3  6.987315e-02  20  166.29
162  9  9.043944e-02  20  167.56
147  27  7.704031e-02  20  170.39
156  21  8.570442e-02  20  167.84
237  15  7.965634e-02  20  283.90
240  18  6.882308e-02  20  284.04
234  24  6.963464e-02  20  284.68
153  24  8.447434e-02  20  170.03
156  3  1.199635e-01  20  170.17
168  12  8.092807e-02  20  170.31
165  18  8.302941e-02  20  170.31
234  27  6.344656e-02  20  285.57
165  12  8.454369e-02  20  170.45
162  21  1.057644e-01  20  170.54
240  27  7.242777e-02  20  287.10
237  21  6.290931e-02  20  287.17
240  6  6.295055e-02  20  287.49
240  24  5.986263e-02  20  287.79
165  6  9.513082e-02  20  172.72
237  18  6.766997e-02  20  288.42
162  18  6.399788e-02  20  173.63
168  9  9.643402e-02  20  173.70
153  27  9.316213e-02  20  174.01
243  9  6.502194e-02  20  289.24
165  3  8.533316e-02  20  174.26
162  6  1.093922e-01  20  174.41
246  6  6.865202e-02  20  290.20
237  6  7.852482e-02  20  290.23
237  3  1.116445e-01  20  290.56
165  15  7.646572e-02  20  175.46
246  9  6.862644e-02  20  290.69
243  12  7.787312e-02  20  290.70
243  6  6.622440e-02  20  291.05
162  3  1.160426e-01  20  176.11
159  21  8.318765e-02  20  176.44
159  27  8.854392e-02  20  176.49
159  3  9.160062e-02  20  176.65
246  12  6.994658e-02  20  292.19
168  3  8.682339e-02  20  176.99
156  24  6.693586e-02  20  177.13
240  21  6.321153e-02  20  292.35
168  15  6.602987e-02  20  177.44
162  24  8.042279e-02  20  177.66
243  15  6.401878e-02  20  293.14
243  21  6.768578e-02  20  293.16
165  24  8.198901e-02  20  178.82
237  24  7.155800e-02  20  294.04
240  3  7.972737e-02  20  294.13
168  6  7.856563e-02  20  179.00
156  27  7.768374e-02  20  179.44
162  27  8.317280e-02  20  179.77
159  24  9.402264e-02  20  179.88
246  15  8.081860e-02  20  295.21
165  27  7.288027e-02  20  180.03
237  27  7.541280e-02  20  295.33
165  21  6.456829e-02  20  182.96
243  18  5.975290e-02  20  298.45
246  18  6.728791e-02  20  298.60
249  12  6.713536e-02  20  298.79
243  3  9.556927e-02  20  299.25
252  9  7.760901e-02  20  299.44
249  15  7.623267e-02  20  299.96
243  27  6.584101e-02  20  300.63
246  3  7.322670e-02  20  300.94
171  9  7.132157e-02  20  174.57
249  9  6.522664e-02  20  301.88
246  21  5.442938e-02  20  302.21
246  24  7.443557e-02  20  302.35
171  15  7.191575e-02  20  175.88
246  27  6.725247e-02  20  302.84
249  18  6.636347e-02  20  303.41
249  21  6.754398e-02  20  303.58
174  9  7.069070e-02  20  178.08
168  18  9.575532e-02  20  178.21
249  6  7.093559e-02  20  305.06
243  24  6.248117e-02  20  305.10
171  12  8.623965e-02  20  178.65
171  6  8.729985e-02  20  178.98
174  15  7.815500e-02  20  179.25
168  21  8.226532e-02  20  179.90
174  12  1.009256e-01  20  179.95
174  18  7.830472e-02  20  180.37
252  12  7.808855e-02  20  307.33
249  3  7.081151e-02  20  307.43
168  24  8.461575e-02  20  180.71
177  12  7.043896e-02  20  181.46
252  6  7.745515e-02  20  308.40
177  15  7.591013e-02  20  181.74
174  6  6.708466e-02  20  181.88
252  15  6.795435e-02  20  309.03
171  21  6.480300e-02  20  183.00
252  3  7.549071e-02  20  310.41
171  24  1.127259e-01  20  184.05
249  27  6.731426e-02  20  310.96
258  12  5.730689e-02  20  311.57
171  18  7.804643e-02  20  185.15
255  15  7.538679e-02  20  312.37
252  24  6.007916e-02  20  313.18
249  24  6.475690e-02  20  313.25
252  18  6.372260e-02  20  313.73
180  12  6.659433e-02  20  187.08
174  21  7.737446e-02  20  187.33
177  18  7.367674e-02  20  187.62
258  6  6.584515e-02  20  315.06
180  15  8.443206e-02  20  188.36
177  6  1.068300e-01  20  188.36
258  9  5.833111e-02  20  315.27
180  9  7.667229e-02  20  189.38
177  9  7.036134e-02  20  189.39
255  12  6.493609e-02  20  316.31
180  18  8.101467e-02  20  189.60
174  27  7.060644e-02  20  189.61
183  9  8.466065e-02  20  189.85
255  6  9.822831e-02  20  317.43
258  15  6.049336e-02  20  317.52
171  3  1.308832e-01  20  191.39
177  3  7.817101e-02  20  191.54
180  21  7.545749e-02  20  191.72
174  3  1.388340e-01  20  192.24
174  24  5.860606e-02  20  192.38
180  6  8.040679e-02  20  192.64
168  27  8.915204e-02  20  193.25
171  27  8.548681e-02  20  193.55
180  24  7.890581e-02  20  194.04
183  15  8.567714e-02  20  194.16
183  18  7.632364e-02  20  194.18
261  12  6.277335e-02  20  321.48
252  27  6.230893e-02  20  321.58
255  21  6.580714e-02  20  321.62
255  9  6.498204e-02  20  322.99
186  12  7.015558e-02  20  192.76
255  18  6.599777e-02  20  323.31
252  21  6.746194e-02  20  323.53
255  24  7.593378e-02  20  324.02
180  3  7.008710e-02  20  197.45
177  27  7.764945e-02  20  197.46
258  18  6.193491e-02  20  324.33
177  24  6.563695e-02  20  197.57
186  15  8.565962e-02  20  194.00
183  6  7.285026e-02  20  197.89
261  18  6.108395e-02  20  325.10
177  21  6.343950e-02  20  198.27
261  6  6.618081e-02  20  325.60
186  9  9.619784e-02  20  195.53
261  27  6.770614e-02  20  326.15
258  24  6.565124e-02  20  326.74
189  12  7.262850e-02  20  196.40
258  3  9.678767e-02  20  327.02
255  3  6.479927e-02  20  327.19
258  21  6.229800e-02  20  327.23
264  12  6.306546e-02  20  327.98
180  27  8.224159e-02  20  201.18
261  9  5.449435e-02  20  328.05
264  15  6.392435e-02  20  328.25
261  15  6.341840e-02  20  328.46
264  18  7.427289e-02  20  328.91
183  21  6.752666e-02  20  202.37
183  12  9.250261e-02  20  202.37
264  9  6.590461e-02  20  329.24
255  27  5.955711e-02  20  329.28
186  3  1.231520e-01  20  202.87
258  27  6.229226e-02  20  330.17
264  27  5.942245e-02  20  330.43
261  21  5.981864e-02  20  330.50
264  21  5.826854e-02  20  331.15
183  24  6.827408e-02  20  204.36
261  3  6.514598e-02  20  331.23
183  3  8.885742e-02  20  204.43
264  3  1.205602e-01  20  332.92
264  6  6.624017e-02  20  333.88
189  18  6.040587e-02  20  203.49
189  6  7.849076e-02  20  204.28
270  9  6.053421e-02  20  334.80
189  9  6.909924e-02  20  204.35
186  6  6.854851e-02  20  205.56
195  12  5.855349e-02  20  205.90
267  9  6.882728e-02  20  337.29
183  27  5.886216e-02  20  211.47
267  12  5.845997e-02  20  338.41
267  3  7.366271e-02  20  338.64
270  6  5.776677e-02  20  338.73
270  12  5.388723e-02  20  338.84
189  15  6.924596e-02  20  208.55
198  12  7.724717e-02  20  208.70
198  9  8.136347e-02  20  208.82
195  15  5.882770e-02  20  209.43
189  3  8.206696e-02  20  209.89
192  18  6.465911e-02  20  209.89
261  24  6.856753e-02  20  340.48
195  9  6.033958e-02  20  210.39
267  18  6.557327e-02  20  341.18
192  12  7.170309e-02  20  211.07
192  9  9.148429e-02  20  211.28
267  15  6.030773e-02  20  341.90
195  3  8.006527e-02  20  211.46
198  6  6.571409e-02  20  211.64
198  15  6.726979e-02  20  211.76
186  24  6.672940e-02  20  211.90
192  6  8.426244e-02  20  212.03
267  24  6.381608e-02  20  342.68
264  24  6.595336e-02  20  342.82
186  18  6.653458e-02  20  212.51
192  24  6.918266e-02  20  212.65
186  21  7.903430e-02  20  212.70
267  6  6.337526e-02  20  343.65
270  15  6.562033e-02  20  343.88
276  12  6.186139e-02  20  344.36
189  21  7.532901e-02  20  214.14
195  18  7.900943e-02  20  214.31
192  21  9.311890e-02  20  214.91
189  24  6.120944e-02  20  216.17
198  3  1.016207e-01  20  216.32
186  27  6.461012e-02  20  216.40
198  21  8.431138e-02  20  216.94
270  18  6.572168e-02  20  347.55
189  27  6.093599e-02  20  217.53
201  6  6.056745e-02  20  217.64
270  3  6.997956e-02  20  348.25
198  18  6.881128e-02  20  217.97
201  9  7.472047e-02  20  218.61
195  21  9.065422e-02  20  218.70
201  12  7.729059e-02  20  218.91
201  15  6.381131e-02  20  219.25
273  9  6.322019e-02  20  350.00
276  9  6.120837e-02  20  350.39
273  15  6.642652e-02  20  351.39
192  3  1.256584e-01  20  221.03
195  6  8.300879e-02  20  221.08
273  12  6.613477e-02  20  351.93
267  27  6.205075e-02  20  351.95
201  3  7.472999e-02  20  221.71
192  15  7.555888e-02  20  221.81
267  21  6.021598e-02  20  352.82
270  21  6.970190e-02  20  353.12
270  24  5.935043e-02  20  353.18
192  27  7.528403e-02  20  223.05
195  24  7.870297e-02  20  223.08
276  15  5.989268e-02  20  354.91
195  27  6.423383e-02  20  224.44
282  9  5.940521e-02  20  355.43
276  18  5.871201e-02  20  356.40
270  27  6.302295e-02  20  357.22
273  24  6.622446e-02  20  357.55
198  24  6.508203e-02  20  227.22
276  21  6.321329e-02  20  358.17
198  27  8.397161e-02  20  227.75
201  18  7.048667e-02  20  227.81
276  6  6.539137e-02  20  359.02
276  27  5.806537e-02  20  359.07
204  12  7.037892e-02  20  216.36
279  12  6.711594e-02  20  359.43
273  6  6.492977e-02  20  360.74
273  18  6.872180e-02  20  361.74
204  9  6.333679e-02  20  220.16
273  3  9.130878e-02  20  363.16
276  3  1.108294e-01  20  363.24
273  27  6.425328e-02  20  365.30
204  15  7.005219e-02  20  222.79
273  21  6.046226e-02  20  365.65
282  12  5.661645e-02  20  366.90
33  12  2.781455e-01  20  85.20
204  18  7.429802e-02  20  224.76
276  24  5.888610e-02  20  367.65
279  15  6.143364e-02  20  368.15
207  9  7.510911e-02  20  225.82
210  9  6.568715e-02  20  226.28
282  18  6.374206e-02  20  369.20
282  15  6.705271e-02  20  369.31
18  18  5.161053e-01  20  87.33
24  9  3.645654e-01  20  87.84
279  9  5.594397e-02  20  369.92
27  12  3.579310e-01  20  87.93
21  12  3.843004e-01  20  88.14
21  9  4.464744e-01  20  88.20
201  24  9.025257e-02  20  227.49
207  6  7.440814e-02  20  227.56
279  6  5.950574e-02  20  370.47
282  6  7.426653e-02  20  370.53
48  9  2.472697e-01  20  86.77
30  12  3.493551e-01  20  88.91
33  9  2.910501e-01  20  89.25
207  15  9.359669e-02  20  228.82
210  18  7.367648e-02  20  228.96
285  12  6.350707e-02  20  371.79
30  9  3.420824e-01  20  89.87
279  18  5.806854e-02  20  372.11
21  3  3.203631e-01  20  90.21
27  15  3.036949e-01  20  90.34
27  9  3.796751e-01  20  90.38
24  12  3.302326e-01  20  90.39
204  6  7.368867e-02  20  229.68
207  12  6.119169e-02  20  229.87
24  18  3.703021e-01  20  90.78
279  3  7.243227e-02  20  372.86
30  18  3.377657e-01  20  90.91
21  6  4.091881e-01  20  91.02
213  15  7.225361e-02  20  230.35
42  9  2.678608e-01  20  89.41
45  9  1.575150e-01  20  89.63
285  15  6.367159e-02  20  373.61
36  12  3.801762e-01  20  89.79
24  15  2.958875e-01  20  91.73
36  9  3.088083e-01  20  90.22
21  18  5.648243e-01  20  92.17
42  12  1.706501e-01  20  90.46
27  18  2.598671e-01  20  92.40
30  15  3.153681e-01  20  92.43
30  21  2.353888e-01  20  92.47
39  12  2.812365e-01  20  90.55
51  12  1.301049e-01  20  90.61
279  21  6.118838e-02  20  374.63
279  27  5.438749e-02  20  374.67
279  24  5.557575e-02  20  374.69
204  21  6.230713e-02  20  231.94
207  27  8.227807e-02  20  231.98
39  18  1.811827e-01  20  90.84
24  3  3.440085e-01  20  92.92
210  15  6.164848e-02  20  232.34
30  6  4.360991e-01  20  93.08
282  3  7.282300e-02  20  375.13
24  6  6.022144e-01  20  93.57
24  21  4.055924e-01  20  93.60
27  24  2.051637e-01  20  93.60
33  21  3.640234e-01  20  93.67
282  21  6.072717e-02  20  375.68
33  15  2.249076e-01  20  93.82
48  15  1.711916e-01  20  91.94
21  15  2.694169e-01  20  94.04
30  24  2.192260e-01  20  94.29
204  3  1.361304e-01  20  233.58
201  21  6.539178e-02  20  233.75
33  24  2.046059e-01  20  94.52
216  12  7.281757e-02  20  233.79
45  18  1.892038e-01  20  92.84
27  21  2.712861e-01  20  94.79
285  3  1.005161e-01  20  376.89
285  9  7.050105e-02  20  376.98
207  18  6.134096e-02  20  234.24
282  27  6.326442e-02  20  377.29
213  9  8.843130e-02  20  234.68
27  6  2.750702e-01  20  95.52
204  27  7.600867e-02  20  234.84
33  6  2.392030e-01  20  95.58
285  27  6.768200e-02  20  377.69
45  6  2.985518e-01  20  93.84
36  15  3.445405e-01  20  93.98
285  18  5.396775e-02  20  378.05
36  3  2.354367e-01  20  96.11
210  12  7.439328e-02  20  235.53
285  21  6.190375e-02  20  378.29
51  15  2.502747e-01  20  94.52
213  18  7.157506e-02  20  235.72
210  27  7.083460e-02  20  235.81
285  6  6.163592e-02  20  378.57
45  12  1.927674e-01  20  94.82
207  3  6.790041e-02  20  236.18
51  9  1.470490e-01  20  95.11
213  6  6.091426e-02  20  236.31
36  27  1.746410e-01  20  95.17
39  6  1.975043e-01  20  95.27
30  3  2.794042e-01  20  97.21
288  15  5.794247e-02  20  379.28
201  27  8.059479e-02  20  236.75
27  3  4.172030e-01  20  97.69
210  3  1.159249e-01  20  236.98
210  6  7.611637e-02  20  237.01
42  15  2.217965e-01  20  95.88
213  12  6.123142e-02  20  237.09
204  24  7.303203e-02  20  237.10
39  9  2.500875e-01  20  95.95
42  18  1.868492e-01  20  95.95
33  3  3.840356e-01  20  98.03
48  12  1.957699e-01  20  96.19
33  18  2.180918e-01  20  98.28
27  27  2.312948e-01  20  98.35
36  6  2.620371e-01  20  96.54
210  24  9.242614e-02  20  237.76
36  21  2.760432e-01  20  96.59
45  15  1.788569e-01  20  97.17
291  9  6.518648e-02  20  381.18
39  21  1.869582e-01  20  97.34
216  15  6.733684e-02  20  238.69
33  27  2.705942e-01  20  99.56
42  3  1.804046e-01  20  97.64
291  15  6.035852e-02  20  381.58
288  12  5.798519e-02  20  381.58
24  24  2.524917e-01  20  99.64
39  15  1.713082e-01  20  98.14
285  24  5.993514e-02  20  382.23
42  24  2.064671e-01  20  98.36
213  3  9.093329e-02  20  239.58
45  3  2.722014e-01  20  98.47
48  6  2.797149e-01  20  98.53
216  6  6.840450e-02  20  239.86
30  27  3.084298e-01  20  100.64
42  21  2.873534e-01  20  99.08
51  3  1.639905e-01  20  99.20
216  9  7.451638e-02  20  240.64
282  24  5.990290e-02  20  383.46
207  24  6.569806e-02  20  240.85
39  3  4.276831e-01  20  99.91
39  24  1.367665e-01  20  100.00
288  9  5.990422e-02  20  383.97
36  24  1.638465e-01  20  100.48
48  18  3.692503e-01  20  100.51
51  18  1.862550e-01  20  100.52
42  6  3.001007e-01  20  100.57
291  6  6.939128e-02  20  384.57
45  21  1.790162e-01  20  100.64
36  18  2.000249e-01  20  100.74
294  12  6.405410e-02  20  384.93
294  9  6.241410e-02  20  384.99
39  27  3.415716e-01  20  101.16
51  6  1.991581e-01  20  101.29
291  12  6.507719e-02  20  385.23
288  21  5.934843e-02  20  385.28
216  18  8.004243e-02  20  243.05
48  24  2.028162e-01  20  101.90
210  21  6.199552e-02  20  243.09
48  3  2.357909e-01  20  102.26
288  3  1.245427e-01  20  386.87
45  24  2.162618e-01  20  102.96
216  3  7.158974e-02  20  244.58
207  21  7.662884e-02  20  244.82
21  21  5.587754e-01  20  105.61
48  21  2.041351e-01  20  103.89
291  3  6.373292e-02  20  388.49
45  27  2.113830e-01  20  104.65
219  6  7.624714e-02  20  246.19
294  21  6.280438e-02  20  389.15
21  24  3.062148e-01  20  107.45
42  27  2.983459e-01  20  105.77
54  9  1.450793e-01  20  90.88
294  15  5.882060e-02  20  390.12
57  12  1.456956e-01  20  91.22
213  21  5.789390e-02  20  247.77
291  18  6.319095e-02  20  390.56
288  18  6.668724e-02  20  390.73
288  6  6.911053e-02  20  390.80
213  24  6.739800e-02  20  248.30
216  24  6.860229e-02  20  248.52
213  27  6.106786e-02  20  248.60
18  24  3.366766e-01  20  109.35
48  27  1.556471e-01  20  107.53
291  21  5.901381e-02  20  391.97
216  21  6.057343e-02  20  249.64
219  3  6.487345e-02  20  249.73
18  21  3.655504e-01  20  110.79
294  6  6.958061e-02  20  393.10
288  27  6.007803e-02  20  393.11
294  18  6.296614e-02  20  393.23
60  12  1.927379e-01  20  94.24
60  15  1.811300e-01  20  94.51
294  3  6.393387e-02  20  394.26
288  24  5.876191e-02  20  394.42
57  9  2.297106e-01  20  95.52
57  21  1.474927e-01  20  95.54
21  27  3.277930e-01  20  112.59
54  12  2.268084e-01  20  95.72
66  9  1.243209e-01  20  95.82
297  18  6.103065e-02  20  395.02
66  12  1.188042e-01  20  96.16
291  24  5.865904e-02  20  395.29
18  27  3.596401e-01  20  113.43
63  9  1.944749e-01  20  96.52
297  9  6.438284e-02  20  395.67
60  9  1.963628e-01  20  97.07
57  18  1.642352e-01  20  97.09
24  27  2.045754e-01  20  114.11
294  27  6.021327e-02  20  396.20
54  15  2.613351e-01  20  97.33
291  27  5.928437e-02  20  396.42
294  24  5.947653e-02  20  396.46
63  12  1.396570e-01  20  97.45
66  18  1.376845e-01  20  97.91
216  27  6.291099e-02  20  254.33
297  12  6.195980e-02  20  397.76
51  21  1.911931e-01  20  98.84
60  6  2.490128e-01  20  99.18
54  18  2.058509e-01  20  99.66
63  15  1.496740e-01  20  99.76
51  27  1.518718e-01  20  100.21
60  24  1.979608e-01  20  100.37
57  15  1.961542e-01  20  100.52
297  15  6.694093e-02  20  399.53
66  6  1.603300e-01  20  100.62
54  6  2.687026e-01  20  101.26
66  15  1.286546e-01  20  102.09
66  3  1.087495e-01  20  102.54
60  3  2.119937e-01  20  103.57
297  6  6.369179e-02  20  402.74
63  21  1.643567e-01  20  103.92
54  24  3.216830e-01  20  104.18
57  6  2.409737e-01  20  104.40
54  21  1.724652e-01  20  104.76
297  3  6.958155e-02  20  403.81
69  3  1.412023e-01  20  104.97
57  3  1.166226e-01  20  105.58
60  27  1.454994e-01  20  106.15
54  3  2.274766e-01  20  106.22
63  18  1.485132e-01  20  106.54
60  18  1.928269e-01  20  106.58
63  3  2.030856e-01  20  106.99
63  6  2.061331e-01  20  107.15
69  6  1.196064e-01  20  107.63
60  21  2.008741e-01  20  108.19
297  21  6.013133e-02  20  407.52
63  27  1.662762e-01  20  108.51
84  9  1.788258e-01  20  95.94
66  27  1.950429e-01  20  111.00
297  24  6.089425e-02  20  410.06
69  9  1.364356e-01  20  96.38
84  12  9.086953e-02  20  96.59
72  9  1.261626e-01  20  96.82
72  12  1.879964e-01  20  96.96
66  24  1.700314e-01  20  112.71
78  12  1.775692e-01  20  98.61
54  27  1.563515e-01  20  113.98
63  24  1.074497e-01  20  114.16
51  24  2.082385e-01  20  114.35
57  24  1.498556e-01  20  114.49
72  15  1.778867e-01  20  99.65
78  9  1.698063e-01  20  99.79
297  27  5.944340e-02  20  413.84
81  15  1.264116e-01  20  101.14
66  21  1.430000e-01  20  116.34
69  12  2.140070e-01  20  101.33
69  15  1.269352e-01  20  103.23
72  18  1.121340e-01  20  103.56
57  27  1.984698e-01  20  118.82
75  15  1.078871e-01  20  103.88
75  6  1.825597e-01  20  104.16
72  6  1.723224e-01  20  105.23
81  6  1.633673e-01  20  105.45
81  18  1.372068e-01  20  105.78
69  21  1.293616e-01  20  106.98
81  12  1.300716e-01  20  107.13
75  18  2.113763e-01  20  107.25
81  9  1.288175e-01  20  107.46
69  24  1.753003e-01  20  108.53
75  12  1.691102e-01  20  108.79
78  6  8.104006e-02  20  109.84
84  18  1.279809e-01  20  110.62
78  15  1.333274e-01  20  110.66
75  9  1.349975e-01  20  110.82
78  27  1.602967e-01  20  111.03
75  21  1.127094e-01  20  111.17
72  24  2.107629e-01  20  111.47
78  3  1.850970e-01  20  111.84
84  6  1.189305e-01  20  111.99
78  21  1.624505e-01  20  112.23
69  27  2.064028e-01  20  112.26
72  3  1.610365e-01  20  112.40
69  18  1.643104e-01  20  112.47
78  18  1.042499e-01  20  112.58
81  24  1.489946e-01  20  112.94
75  3  1.973176e-01  20  112.95
84  15  1.297573e-01  20  113.08
81  21  1.169888e-01  20  114.99
81  27  1.229890e-01  20  115.87
75  24  1.117074e-01  20  116.05
81  3  1.856309e-01  20  116.24
72  27  1.539413e-01  20  116.93
84  3  1.119301e-01  20  117.42
72  21  1.230303e-01  20  118.41
78  24  1.430049e-01  20  119.87
75  27  1.040309e-01  20  121.83
84  21  1.049196e-01  20  122.24
87  9  1.219220e-01  20  99.45
93  9  1.009128e-01  20  106.36
87  15  1.147469e-01  20  106.68
96  12  1.393988e-01  20  107.74
90  9  1.052233e-01  20  107.84
90  18  1.482059e-01  20  108.92
99  12  1.135503e-01  20  109.30
96  9  1.508329e-01  20  109.84
90  12  8.217607e-02  20  110.81
87  12  1.025086e-01  20  111.04
93  12  1.054455e-01  20  111.86
96  24  1.184938e-01  20  112.57
90  15  1.426045e-01  20  112.59
93  18  1.094032e-01  20  113.26
96  3  1.405153e-01  20  113.60
93  15  1.146856e-01  20  113.77
99  6  1.048825e-01  20  114.54
99  9  1.492568e-01  20  114.73
102  6  8.007398e-02  20  115.15
87  24  8.724332e-02  20  115.30
87  27  1.230910e-01  20  115.31
219  9  7.400133e-02  20  247.78
99  18  1.170020e-01  20  116.11
96  6  1.275716e-01  20  116.41
219  15  6.159467e-02  20  248.13
90  6  9.001765e-02  20  116.49
219  12  6.033889e-02  20  248.26
84  24  1.314036e-01  20  116.83
90  3  1.552686e-01  20  116.95
99  24  1.238336e-01  20  117.04
222  12  7.723903e-02  20  248.94
87  6  1.256402e-01  20  117.59
99  15  1.259610e-01  20  117.77
87  3  1.586442e-01  20  118.00
93  3  1.436497e-01  20  118.21
96  18  1.173850e-01  20  118.34
90  24  1.605636e-01  20  118.58
90  27  8.676435e-02  20  119.56
99  3  1.354863e-01  20  120.40
102  9  1.291319e-01  20  120.44
93  6  1.603844e-01  20  120.70
222  9  8.652268e-02  20  252.65
222  6  6.161550e-02  20  253.22
84  27  1.162457e-01  20  121.60
219  24  7.662909e-02  20  253.58
225  15  8.086104e-02  20  253.74
222  21  8.107985e-02  20  253.92
96  27  7.934835e-02  20  122.81
222  18  6.237674e-02  20  254.58
96  15  1.294277e-01  20  123.30
96  21  1.135759e-01  20  123.90
225  12  7.027664e-02  20  255.61
102  3  1.659183e-01  20  123.96
90  21  1.633566e-01  20  124.08
219  21  5.857051e-02  20  256.17
93  21  1.107586e-01  20  124.49
87  18  1.097748e-01  20  124.87
87  21  1.477206e-01  20  125.48
225  6  6.950165e-02  20  257.67
105  9  8.942853e-02  20  111.56
228  6  6.892527e-02  20  258.27
219  18  5.812107e-02  20  258.45
225  9  5.611440e-02  20  258.86
228  9  7.706308e-02  20  259.23
99  21  1.117027e-01  20  127.78
222  3  7.577933e-02  20  259.52
102  15  1.146522e-01  20  113.73
102  12  1.530478e-01  20  113.91
108  6  1.139859e-01  20  114.38
93  27  1.290585e-01  20  129.24
3  21  3.422809e-01  20  71.45
99  27  1.156601e-01  20  129.43
108  9  1.155986e-01  20  114.99
222  15  8.823447e-02  20  261.19
3  6  5.834044e-01  20  72.32
93  24  1.062858e-01  20  130.25
228  15  5.579594e-02  20  262.12
225  21  6.666421e-02  20  262.29
222  24  8.285030e-02  20  262.48
231  9  6.447435e-02  20  262.58
105  12  1.240340e-01  20  116.75
108  12  1.042153e-01  20  116.81
111  12  1.592539e-01  20  116.95
108  21  1.274273e-01  20  117.44
225  3  1.382723e-01  20  263.86
231  12  7.251794e-02  20  263.91
228  12  6.250408e-02  20  264.67
6  27  3.308515e-01  20  75.28
234  15  6.162268e-02  20  264.87
105  15  1.297472e-01  20  118.71
108  15  8.099367e-02  20  118.83
228  18  6.273080e-02  20  265.00
219  27  6.934955e-02  20  265.05
3  27  3.195010e-01  20  75.58
231  15  7.097367e-02  20  265.61
234  18  5.969096e-02  20  266.18
225  18  7.090622e-02  20  266.56
117  9  8.183057e-02  20  120.72
231  6  7.606596e-02  20  267.21
228  21  6.204044e-02  20  267.23
234  12  7.973123e-02  20  267.28
231  18  7.902792e-02  20  267.28
9  9  7.100972e-01  20  77.76
222  27  6.369028e-02  20  267.62
3  24  4.153377e-01  20  78.33
117  12  9.623567e-02  20  121.73
3  3  6.196422e-01  20  78.40
111  9  1.034100e-01  20  122.08
108  18  8.327338e-02  20  122.17
3  12  6.147844e-01  20  79.55
111  18  1.066364e-01  20  123.09
3  9  4.938214e-01  20  79.96
114  9  1.110558e-01  20  123.40
105  21  7.518083e-02  20  123.47
111  6  9.400391e-02  20  123.77
12  12  5.878577e-01  20  80.60
231  3  1.044937e-01  20  270.21
102  21  1.045889e-01  20  124.12
228  24  6.552881e-02  20  270.35
225  27  6.070060e-02  20  270.82
3  15  4.431067e-01  20  81.63
18  12  5.544646e-01  20  81.77
117  15  9.226746e-02  20  125.31
114  6  8.466107e-02  20  125.49
6  6  7.842985e-01  20  82.19
9  6  6.926252e-01  20  82.22
6  18  2.749142e-01  20  82.47
228  27  6.784320e-02  20  272.08
15  9  5.810113e-01  20  82.67
102  24  8.262382e-02  20  126.28
231  24  6.697601e-02  20  272.58
114  12  9.561264e-02  20  126.43
228  3  5.994794e-02  20  272.71
111  15  1.124495e-01  20  126.56
12  9  9.216877e-01  20  83.20
225  24  6.435930e-02  20  272.76
3  18  3.229837e-01  20  83.30
15  12  9.497303e-01  20  83.33
6  3  8.715887e-01  20  83.60
117  6  9.665972e-02  20  127.09
108  3  1.122433e-01  20  127.23
18  9  5.275602e-01  20  84.18
234  9  7.951552e-02  20  273.80
105  18  8.086560e-02  20  127.98
12  6  1.182243e+00  20  84.87
15  6  5.152967e-01  20  84.91
117  18  1.010032e-01  20  128.67
15  15  6.156983e-01  20  85.39
120  9  1.025787e-01  20  123.39
105  6  1.117187e-01  20  128.94
114  21  1.203826e-01  20  129.25
102  18  9.631631e-02  20  129.59
105  3  1.307105e-01  20  129.97
234  6  8.859223e-02  20  276.22
18  6  6.741863e-01  20  87.12
18  15  2.873065e-01  20  87.25
6  24  3.239404e-01  20  87.26
234  21  7.232313e-02  20  276.83
12  3  6.240524e-01  20  87.58
126  9  8.678321e-02  20  125.48
114  18  1.176772e-01  20  131.11
111  24  1.126456e-01  20  131.30
120  12  1.115772e-01  20  125.99
231  21  7.406059e-02  20  278.33
111  27  8.436119e-02  20  132.74
15  3  7.621091e-01  20  89.64
123  6  1.155150e-01  20  127.63
18  3  6.571560e-01  20  89.76
111  3  2.088760e-01  20  133.20
9  3  1.018340e+00  20  90.09
123  9  8.757546e-02  20  128.10
234  3  1.334299e-01  20  279.79
114  24  8.021026e-02  20  133.69
105  24  9.890141e-02  20  133.74
231  27  6.902215e-02  20  280.05
114  15  1.111736e-01  20  134.20
6  12  6.626586e-01  20  91.01
117  3  9.457071e-02  20  134.49
105  27  1.157383e-01  20  135.24
114  27  9.870369e-02  20  135.53
123  18  1.059221e-01  20  130.53
117  24  9.864505e-02  20  136.14
9  24  3.156604e-01  20  93.01
6  9  5.962353e-01  20  93.09
129  12  7.245410e-02  20  131.33
108  24  1.160186e-01  20  136.88
126  15  1.198596e-01  20  131.54
6  21  4.329281e-01  20  93.74
108  27  9.468657e-02  20  137.16
120  15  9.962117e-02  20  131.69
114  3  1.644750e-01  20  137.31
120  18  1.064061e-01  20  132.18
123  12  7.447434e-02  20  132.23
126  12  1.073677e-01  20  132.64
102  27  1.375683e-01  20  138.74
120  6  1.566301e-01  20  133.38
135  12  6.670834e-02  20  134.30
132  15  5.567992e-02  20  134.45
111  21  1.241657e-01  20  140.23
6  15  5.832675e-01  20  96.89
120  3  6.865792e-02  20  135.29
9  12  5.931589e-01  20  97.43
129  9  1.065381e-01  20  135.54
117  27  9.451780e-02  20  135.92
117  21  9.807466e-02  20  141.51
126  27  1.070625e-01  20  136.07
126  6  8.278287e-02  20  137.01
129  15  6.314270e-02  20  137.16
135  9  8.841229e-02  20  137.29
132  6  1.152728e-01  20  137.31
129  21  8.395302e-02  20  137.35
129  18  1.083372e-01  20  137.47
120  27  8.260096e-02  20  137.63
123  15  1.048877e-01  20  137.85
126  21  1.084064e-01  20  138.44
120  21  8.163364e-02  20  138.73
123  21  8.436156e-02  20  138.84
135  6  7.738973e-02  20  138.95
132  9  9.381974e-02  20  139.30
9  15  3.949638e-01  20  101.68
15  18  5.601369e-01  20  101.69
120  24  7.650494e-02  20  140.09
9  21  3.305222e-01  20  102.29
123  3  1.521583e-01  20  140.55
12  15  4.996788e-01  20  102.91
129  6  1.293485e-01  20  141.05
126  24  7.568788e-02  20  141.17
12  27  3.420493e-01  20  103.28
126  3  1.845078e-01  20  141.40
126  18  9.528408e-02  20  141.41
237  18  7.447009e-02  20  275.57
132  18  9.925889e-02  20  141.63
135  3  1.323733e-01  20  141.98
132  12  8.787908e-02  20  142.33
132  21  7.433752e-02  20  142.35
129  24  8.333363e-02  20  142.42
12  21  5.749073e-01  20  104.84
9  18  4.968008e-01  20  104.92
12  24  2.742055e-01  20  105.04
237  12  6.932824e-02  20  277.47
132  24  9.766835e-02  20  143.70
123  24  9.655981e-02  20  144.21
237  6  7.494225e-02  20  279.92
129  3  1.026573e-01  20  146.01
15  27  3.145517e-01  20  108.33
9  27  3.632042e-01  20  108.53
237  9  6.973955e-02  20  280.47
12  18  3.071149e-01  20  108.79
132  3  1.416335e-01  20  147.18
129  27  9.355654e-02  20  148.82
15  21  3.401042e-01  20  111.10
234  24  6.372095e-02  20  283.10
237  15  5.774151e-02  20  283.55
240  9  7.076243e-02  20  283.71
15  24  3.395569e-01  20  112.00
123  27  9.229744e-02  20  150.05
132  27  7.671591e-02  20  150.47
240  15  7.270454e-02  20  284.70
243  9  6.652718e-02  20  285.44
237  3  5.972356e-02  20  285.61
240  12  6.322513e-02  20  286.03
243  15  6.674650e-02  20  287.80
240  21  5.348080e-02  20  287.99
240  6  8.061254e-02  20  288.42
234  27  6.515778e-02  20  288.75
240  18  6.044431e-02  20  289.75
243  18  5.900085e-02  20  290.04
240  27  5.743789e-02  20  290.44
246  9  6.769660e-02  20  290.75
252  9  6.502134e-02  20  291.17
246  6  7.088761e-02  20  291.77
243  12  6.300121e-02  20  291.86
240  24  5.598455e-02  20  291.93
237  27  7.101373e-02  20  292.06
246  18  6.096305e-02  20  292.50
240  3  7.079280e-02  20  292.62
243  21  6.993967e-02  20  294.92
138  9  9.718688e-02  20  135.83
249  12  6.522095e-02  20  295.68
246  21  7.558036e-02  20  296.96
246  12  6.607462e-02  20  297.08
243  6  6.122939e-02  20  297.93
249  9  6.664571e-02  20  298.42
243  24  5.817106e-02  20  298.72
135  18  7.687109e-02  20  140.02
249  15  7.307577e-02  20  299.31
246  15  6.430670e-02  20  299.43
237  21  5.765053e-02  20  299.86
138  6  9.546954e-02  20  140.67
237  24  5.958894e-02  20  300.01
246  27  5.566776e-02  20  300.19
243  3  6.695279e-02  20  300.23
138  15  8.875781e-02  20  141.87
138  12  8.998883e-02  20  141.92
141  12  7.751456e-02  20  142.61
243  27  7.210256e-02  20  301.93
147  12  7.464217e-02  20  142.71
141  9  9.593706e-02  20  142.89
246  3  9.898243e-02  20  303.45
246  24  6.539693e-02  20  304.05
141  15  1.104877e-01  20  144.89
135  24  9.333737e-02  20  145.97
249  6  7.091989e-02  20  305.24
138  18  7.520492e-02  20  146.01
252  6  6.808311e-02  20  305.35
249  24  6.946638e-02  20  306.90
135  15  8.749041e-02  20  147.75
135  21  7.289665e-02  20  148.51
249  18  7.122759e-02  20  307.85
144  15  7.598604e-02  20  148.98
141  18  8.973385e-02  20  149.09
141  24  1.142537e-01  20  149.22
249  21  5.428535e-02  20  308.58
144  9  8.272615e-02  20  149.38
144  12  9.763668e-02  20  150.00
144  18  9.059461e-02  20  150.00
147  9  9.127790e-02  20  150.19
144  3  1.323088e-01  20  150.57
249  3  6.821221e-02  20  310.25
150  9  9.945752e-02  20  151.06
138  3  9.728141e-02  20  152.11
252  3  8.831966e-02  20  312.29
147  18  1.137044e-01  20  153.35
150  12  8.914342e-02  20  153.86
138  24  9.815407e-02  20  153.99
249  27  5.721070e-02  20  313.57
252  15  6.442053e-02  20  307.00
141  3  8.821378e-02  20  155.50
141  6  1.094092e-01  20  155.58
144  6  9.791479e-02  20  156.52
150  18  6.987170e-02  20  156.65
144  27  7.574273e-02  20  156.90
252  18  7.442979e-02  20  308.53
138  21  7.776899e-02  20  157.18
147  21  5.766424e-02  20  157.35
141  21  7.600177e-02  20  157.42
252  12  7.181040e-02  20  309.30
138  27  9.248161e-02  20  158.37
147  15  9.053513e-02  20  158.67
141  27  8.702202e-02  20  158.73
147  3  1.310403e-01  20  159.10
150  6  9.071141e-02  20  160.75
135  27  9.038936e-02  20  160.92
255  9  7.630958e-02  20  312.74
144  24  8.701298e-02  20  161.93
147  24  8.186453e-02  20  161.96
255  6  5.652942e-02  20  313.63
150  3  1.282675e-01  20  162.14
150  15  8.427225e-02  20  162.24
150  24  6.916475e-02  20  162.87
144  21  1.057006e-01  20  162.93
258  6  6.123173e-02  20  314.88
255  12  5.795476e-02  20  315.08
264  9  6.391978e-02  20  315.20
252  27  6.444396e-02  20  315.48
147  6  1.441439e-01  20  163.98
252  24  6.921457e-02  20  316.14
252  21  6.860018e-02  20  316.29
258  15  5.847418e-02  20  316.38
159  12  7.898067e-02  20  157.17
258  9  5.475949e-02  20  316.79
159  9  7.960945e-02  20  157.47
255  15  6.840296e-02  20  317.12
147  27  8.223353e-02  20  166.27
153  6  8.827234e-02  20  159.13
156  18  8.307095e-02  20  159.28
255  18  6.797376e-02  20  318.79
258  21  6.488065e-02  20  318.80
150  21  8.048399e-02  20  167.40
162  9  6.777692e-02  20  159.87
153  12  8.479967e-02  20  159.90
258  12  6.380111e-02  20  319.76
153  9  7.625594e-02  20  160.50
258  18  6.383873e-02  20  319.95
156  9  1.104215e-01  20  160.98
156  12  7.928907e-02  20  161.44
153  21  1.055400e-01  20  161.71
261  12  6.486033e-02  20  321.05
255  27  6.246569e-02  20  321.91
153  15  7.391379e-02  20  162.61
150  27  8.665659e-02  20  170.79
159  6  8.421793e-02  20  163.06
159  15  6.582748e-02  20  163.11
255  21  6.350699e-02  20  323.28
153  18  1.020917e-01  20  164.65
261  15  7.226871e-02  20  324.35
162  12  6.497313e-02  20  165.11
255  3  1.092010e-01  20  324.53
156  15  7.914636e-02  20  165.25
156  6  8.415836e-02  20  165.40
162  15  8.920336e-02  20  165.89
153  3  8.736390e-02  20  165.99
156  21  6.615849e-02  20  166.12
162  18  6.303827e-02  20  166.44
168  12  8.001650e-02  20  167.17
261  9  7.599468e-02  20  327.35
168  9  8.965022e-02  20  168.36
264  15  6.840225e-02  20  327.80
165  12  6.072060e-02  20  168.62
264  18  6.003656e-02  20  328.07
258  3  1.042154e-01  20  328.44
153  27  1.121245e-01  20  169.65
165  18  8.611281e-02  20  170.27
264  12  5.568991e-02  20  329.72
255  24  5.594934e-02  20  329.86
258  24  6.675560e-02  20  330.05
261  3  1.290041e-01  20  330.37
156  27  6.206763e-02  20  171.04
156  24  7.257120e-02  20  171.16
153  24  6.197829e-02  20  171.69
258  27  6.390117e-02  20  331.17
156  3  1.467602e-01  20  172.20
159  24  9.043352e-02  20  172.23
159  18  8.542296e-02  20  172.30
162  6  6.801664e-02  20  172.80
267  12  7.251797e-02  20  332.31
261  21  6.227216e-02  20  332.33
165  6  8.904486e-02  20  173.00
261  24  6.770837e-02  20  332.36
159  21  7.068270e-02  20  173.22
162  3  8.295434e-02  20  173.56
159  3  1.495917e-01  20  173.59
264  6  6.413390e-02  20  332.94
165  9  1.000415e-01  20  173.84
165  21  7.493104e-02  20  173.84
159  27  8.312254e-02  20  174.04
264  21  6.577186e-02  20  333.37
168  15  8.221445e-02  20  174.44
267  9  6.199396e-02  20  334.08
261  6  6.563747e-02  20  334.14
168  6  8.862390e-02  20  175.15
162  21  6.723078e-02  20  175.26
267  15  5.907215e-02  20  334.85
165  15  8.677807e-02  20  175.86
162  24  6.971640e-02  20  176.16
261  27  6.184603e-02  20  336.38
162  27  6.761303e-02  20  177.17
261  18  6.378593e-02  20  337.48
165  3  8.898025e-02  20  178.29
165  27  1.094723e-01  20  178.77
267  6  7.153192e-02  20  338.33
264  3  1.057208e-01  20  338.49
267  18  6.163112e-02  20  338.87
264  27  6.565756e-02  20  339.34
171  12  8.018631e-02  20  175.82
174  9  7.734234e-02  20  176.10
168  3  1.188566e-01  20  182.14
171  9  6.675856e-02  20  177.84
177  12  8.280096e-02  20  179.27
267  3  7.101834e-02  20  344.72
174  12  8.430119e-02  20  180.33
264  24  5.845115e-02  20  345.46
174  15  8.209004e-02  20  180.77
168  18  8.123308e-02  20  181.31
180  15  8.144262e-02  20  181.43
174  6  6.471374e-02  20  182.23
267  21  6.186191e-02  20  347.34
171  18  8.588558e-02  20  182.97
171  24  5.995649e-02  20  182.99
171  15  7.022910e-02  20  183.38
177  9  7.566898e-02  20  183.84
177  18  7.784859e-02  20  184.38
174  21  8.289097e-02  20  184.41
180  9  8.010833e-02  20  184.45
165  24  7.551412e-02  20  190.48
267  24  5.684051e-02  20  350.07
174  18  8.596594e-02  20  185.30
171  27  6.037107e-02  20  185.31
174  3  6.792436e-02  20  186.10
168  21  9.554704e-02  20  186.13
174  24  7.435411e-02  20  187.22
177  15  6.768876e-02  20  187.69
171  6  6.375718e-02  20  188.30
177  6  8.696029e-02  20  188.37
180  6  7.046153e-02  20  188.69
177  24  7.990950e-02  20  188.76
183  12  6.946556e-02  20  189.28
168  24  5.895311e-02  20  190.12
183  9  7.734241e-02  20  190.13
270  6  6.519634e-02  20  335.87
171  21  8.653625e-02  20  190.95
180  12  6.845338e-02  20  191.02
270  9  6.293536e-02  20  337.60
174  27  7.271572e-02  20  192.65
168  27  1.015100e-01  20  192.75
177  27  6.278458e-02  20  192.88
180  18  5.915549e-02  20  192.89
183  15  7.157952e-02  20  192.95
171  3  1.366481e-01  20  193.09
183  21  7.780208e-02  20  193.58
270  12  6.594675e-02  20  338.89
177  21  7.568783e-02  20  194.51
270  15  7.072810e-02  20  339.95
180  3  1.691612e-01  20  195.38
183  6  7.883394e-02  20  196.31
24  9  2.400374e-01  20  84.00
270  18  5.793338e-02  20  341.92
177  3  1.255711e-01  20  196.85
33  9  4.158352e-01  20  85.04
24  12  2.760298e-01  20  86.43
183  3  1.080652e-01  20  199.17
21  9  1.038903e+00  20  86.53
183  24  7.423326e-02  20  199.27
33  15  2.794851e-01  20  86.97
27  9  2.561604e-01  20  87.08
33  12  2.481918e-01  20  87.34
180  21  6.700663e-02  20  200.58
21  15  3.914385e-01  20  88.12
30  9  3.324815e-01  20  88.36
21  12  2.923135e-01  20  88.66
267  27  6.013546e-02  20  346.55
24  18  2.699216e-01  20  89.28
18  18  3.891713e-01  20  89.42
30  12  2.173226e-01  20  89.51
27  18  3.490772e-01  20  89.70
21  6  5.118397e-01  20  90.17
270  3  8.231604e-02  20  348.22
27  12  5.009750e-01  20  90.51
30  15  1.981890e-01  20  90.55
186  3  1.361915e-01  20  203.32
183  27  8.113501e-02  20  203.44
21  18  4.229497e-01  20  90.82
270  27  6.334906e-02  20  349.08
183  18  6.213378e-02  20  204.36
33  18  2.275509e-01  20  91.99
24  15  2.706347e-01  20  92.08
24  6  8.514417e-01  20  92.27
27  6  3.228163e-01  20  92.42
180  24  7.803137e-02  20  205.09
30  18  2.743250e-01  20  92.44
21  3  2.504621e-01  20  92.49
27  21  3.458370e-01  20  92.95
21  21  3.418313e-01  20  93.28
30  21  2.913941e-01  20  93.30
30  6  3.795910e-01  20  93.32
276  9  6.304349e-02  20  351.10
273  18  6.294921e-02  20  351.91
180  27  7.631329e-02  20  206.86
273  12  8.244975e-02  20  352.37
33  6  3.234252e-01  20  94.63
27  24  4.274476e-01  20  95.27
24  3  2.722658e-01  20  95.37
24  21  4.924648e-01  20  95.38
270  21  5.811808e-02  20  353.24
30  24  1.968251e-01  20  95.78
27  3  2.990958e-01  20  96.05
273  9  6.579985e-02  20  354.03
33  24  4.330996e-01  20  96.51
27  15  3.352857e-01  20  96.66
30  27  2.893910e-01  20  96.80
276  12  6.803635e-02  20  354.64
33  3  2.584783e-01  20  96.90
276  15  6.019569e-02  20  354.69
276  18  6.641424e-02  20  354.89
30  3  7.243762e-01  20  97.51
24  24  2.956127e-01  20  97.69
270  24  6.428344e-02  20  355.44
33  21  1.999934e-01  20  98.04
33  27  1.817946e-01  20  98.72
27  27  2.312948e-01  20  98.82
186  9  8.448365e-02  20  195.01
273  15  5.899658e-02  20  357.49
36  3  2.937585e-01  20  100.15
186  12  8.903675e-02  20  197.14
21  27  3.190932e-01  20  101.70
186  15  6.397520e-02  20  197.86
18  24  3.770961e-01  20  102.77
189  15  7.788595e-02  20  198.66
273  24  5.951210e-02  20  362.06
279  12  7.325131e-02  20  362.15
189  12  8.357686e-02  20  200.35
273  21  6.233111e-02  20  362.73
189  9  9.045076e-02  20  200.63
282  12  7.363005e-02  20  362.88
276  6  6.771335e-02  20  362.89
279  9  7.097827e-02  20  363.03
24  27  2.585768e-01  20  105.47
273  6  6.674154e-02  20  363.34
186  6  8.138370e-02  20  201.18
195  12  6.326927e-02  20  201.59
282  15  5.953815e-02  20  363.95
273  3  6.171182e-02  20  364.00
186  21  7.934926e-02  20  202.32
282  18  6.554160e-02  20  364.52
276  3  1.376983e-01  20  364.94
18  21  4.866670e-01  20  107.37
279  18  6.576444e-02  20  365.19
279  21  6.439813e-02  20  365.23
189  18  6.496848e-02  20  203.18
18  27  4.210768e-01  20  107.98
276  27  6.028119e-02  20  366.98
21  24  3.013058e-01  20  109.25
276  21  6.271856e-02  20  367.58
186  18  7.167204e-02  20  205.55
273  27  5.736729e-02  20  367.77
282  9  6.504473e-02  20  367.89
279  15  6.221999e-02  20  368.16
279  24  5.736519e-02  20  368.77
279  6  7.369226e-02  20  368.80
186  24  7.239355e-02  20  207.25
282  3  8.034720e-02  20  369.58
189  6  8.236921e-02  20  207.65
195  9  6.520721e-02  20  207.86
276  24  5.587561e-02  20  370.62
189  21  6.608049e-02  20  208.59
279  3  8.418775e-02  20  370.94
198  9  7.310576e-02  20  208.98
192  12  5.812835e-02  20  210.12
186  27  6.693276e-02  20  210.17
192  15  7.274979e-02  20  210.54
195  6  7.042976e-02  20  210.96
192  9  7.505630e-02  20  211.03
189  3  1.372678e-01  20  211.39
282  6  6.625495e-02  20  373.63
195  18  8.065792e-02  20  211.66
42  9  2.173720e-01  20  87.20
198  12  7.202639e-02  20  212.02
282  21  5.826365e-02  20  374.23
285  18  5.702075e-02  20  365.85
282  24  5.889755e-02  20  374.69
39  12  2.988673e-01  20  88.16
201  9  8.340012e-02  20  212.90
189  24  7.612540e-02  20  213.41
195  15  6.973759e-02  20  213.43
189  27  7.482131e-02  20  213.54
42  12  2.740273e-01  20  89.02
51  9  1.674960e-01  20  89.22
192  24  6.469650e-02  20  214.20
39  18  1.616124e-01  20  89.74
39  9  1.948204e-01  20  89.81
285  9  6.404174e-02  20  376.72
279  27  6.472196e-02  20  376.78
36  12  3.003352e-01  20  90.08
285  15  6.168221e-02  20  368.13
195  3  6.879033e-02  20  214.78
48  9  1.877329e-01  20  90.35
198  15  6.380250e-02  20  215.53
192  6  6.095518e-02  20  215.68
195  24  6.609703e-02  20  215.76
201  15  5.937901e-02  20  215.79
48  12  1.770141e-01  20  91.42
42  15  2.231831e-01  20  91.78
198  18  8.962323e-02  20  216.42
192  3  6.451178e-02  20  216.44
198  24  6.172212e-02  20  216.53
42  3  1.883684e-01  20  92.09
198  6  7.510634e-02  20  217.08
36  15  2.120037e-01  20  92.88
282  27  6.276825e-02  20  379.68
198  3  7.847377e-02  20  217.57
51  12  2.398698e-01  20  93.04
285  6  6.820862e-02  20  379.95
45  9  2.972407e-01  20  93.23
36  9  2.982300e-01  20  93.62
285  12  6.591126e-02  20  380.55
45  15  1.658117e-01  20  94.16
201  12  7.091715e-02  20  219.01
51  15  2.523913e-01  20  94.66
192  27  6.826873e-02  20  219.41
288  9  6.902250e-02  20  373.14
45  18  1.616849e-01  20  95.31
42  18  1.338184e-01  20  95.58
48  6  1.801979e-01  20  95.60
36  18  5.175450e-01  20  95.63
45  12  2.263948e-01  20  95.91
48  18  2.765759e-01  20  96.15
285  3  6.518677e-02  20  382.94
39  6  1.740421e-01  20  96.33
192  21  7.975919e-02  20  221.26
45  6  1.561900e-01  20  96.72
42  6  3.075952e-01  20  96.76
36  24  2.408574e-01  20  96.77
36  6  3.334127e-01  20  96.95
51  6  1.195490e-01  20  97.06
195  27  7.400293e-02  20  222.13
45  3  3.558299e-01  20  97.67
48  21  2.162506e-01  20  97.78
45  21  1.949157e-01  20  97.79
36  21  2.619927e-01  20  97.80
201  18  7.034755e-02  20  222.47
48  15  1.125660e-01  20  98.11
201  6  7.999520e-02  20  222.78
39  21  3.464955e-01  20  98.30
192  18  7.017496e-02  20  222.87
204  9  6.727935e-02  20  220.00
39  24  1.759826e-01  20  99.30
195  21  6.363377e-02  20  224.27
39  15  2.663493e-01  20  99.76
39  3  2.447409e-01  20  99.89
204  12  7.912324e-02  20  221.55
36  27  1.385366e-01  20  100.75
198  27  6.856189e-02  20  225.56
285  24  5.958451e-02  20  378.95
42  27  1.888075e-01  20  101.13
210  9  6.772845e-02  20  222.38
198  21  6.155009e-02  20  226.33
42  24  1.747685e-01  20  102.01
51  3  2.913971e-01  20  102.25
48  27  3.249358e-01  20  102.41
48  3  2.631958e-01  20  102.43
60  9  2.089177e-01  20  85.96
201  3  1.524986e-01  20  227.13
204  15  7.062967e-02  20  224.03
207  12  6.216618e-02  20  224.46
285  27  6.031435e-02  20  381.45
285  21  7.047164e-02  20  381.73
204  6  7.552977e-02  20  225.02
288  12  6.025828e-02  20  382.05
42  21  1.721080e-01  20  104.26
291  15  5.725662e-02  20  382.23
291  12  6.850293e-02  20  382.25
45  24  1.583245e-01  20  104.53
204  18  7.234860e-02  20  225.94
48  24  1.485060e-01  20  105.11
51  18  1.700801e-01  20  105.42
294  9  6.576813e-02  20  383.37
291  9  7.286940e-02  20  383.84
288  15  6.451129e-02  20  383.91
39  27  2.276041e-01  20  106.21
207  9  6.809484e-02  20  227.42
294  15  6.233076e-02  20  384.46
207  6  7.073954e-02  20  228.07
57  9  2.053584e-01  20  90.49
204  3  1.077974e-01  20  228.45
288  18  6.420747e-02  20  385.38
54  9  1.035761e-01  20  92.16
45  27  1.857611e-01  20  108.89
207  15  6.438072e-02  20  230.25
291  18  5.742918e-02  20  387.74
213  9  9.177875e-02  20  231.12
294  12  6.742788e-02  20  388.01
288  6  5.988486e-02  20  388.14
204  27  7.437844e-02  20  231.46
210  12  6.444130e-02  20  231.50
213  15  7.422520e-02  20  231.92
207  18  6.755501e-02  20  232.01
60  3  2.191043e-01  20  94.34
210  18  8.131405e-02  20  232.07
294  18  6.478350e-02  20  389.05
66  9  1.231244e-01  20  95.13
291  21  6.529658e-02  20  389.76
216  12  6.614030e-02  20  233.03
54  21  1.894564e-01  20  95.58
57  6  1.350557e-01  20  95.59
66  12  1.527533e-01  20  95.84
201  24  7.617511e-02  20  233.57
288  21  6.023607e-02  20  390.44
57  12  1.309045e-01  20  96.04
201  21  7.063777e-02  20  233.99
54  6  1.542747e-01  20  96.39
291  24  5.968935e-02  20  391.28
288  24  6.329088e-02  20  391.29
294  21  6.409302e-02  20  391.31
63  6  2.529606e-01  20  96.85
54  12  1.309994e-01  20  96.87
291  6  6.355902e-02  20  391.53
288  3  7.501727e-02  20  391.55
210  15  6.140678e-02  20  234.78
213  12  6.744102e-02  20  234.90
57  18  1.899714e-01  20  97.22
201  27  6.943797e-02  20  234.98
57  15  1.486673e-01  20  97.34
63  12  2.145997e-01  20  97.54
210  27  6.867903e-02  20  235.69
294  6  6.871333e-02  20  392.51
60  18  1.777301e-01  20  98.04
204  24  6.684860e-02  20  235.74
297  9  5.765960e-02  20  392.56
210  3  9.762286e-02  20  235.90
207  24  6.048384e-02  20  235.90
216  9  7.689582e-02  20  236.13
210  6  9.891943e-02  20  236.17
57  3  1.700427e-01  20  98.61
288  27  6.072101e-02  20  393.16
204  21  6.227726e-02  20  236.45
69  6  1.589273e-01  20  98.86
210  21  7.033539e-02  20  236.80
207  3  9.212978e-02  20  236.85
213  18  7.356018e-02  20  237.20
291  27  6.101821e-02  20  394.32
291  3  7.825261e-02  20  394.53
54  27  1.602559e-01  20  100.21
60  6  1.820135e-01  20  100.46
294  3  6.485011e-02  20  395.04
54  3  2.428178e-01  20  100.66
54  15  1.843891e-01  20  100.66
210  24  6.386884e-02  20  238.44
216  6  9.649836e-02  20  238.78
294  24  6.111478e-02  20  395.69
60  12  1.728950e-01  20  101.37
297  12  6.337845e-02  20  396.04
63  9  1.263105e-01  20  101.84
54  18  1.803641e-01  20  102.24
66  6  1.387945e-01  20  102.25
216  15  7.433560e-02  20  240.35
54  24  1.335899e-01  20  102.71
60  21  2.302100e-01  20  102.86
60  24  2.096174e-01  20  103.18
216  18  6.380373e-02  20  240.88
297  6  6.065272e-02  20  397.79
63  18  1.565753e-01  20  103.55
66  24  2.017678e-01  20  104.00
51  27  1.158607e-01  20  104.04
63  21  1.107645e-01  20  104.27
294  27  5.987092e-02  20  398.76
63  3  1.888151e-01  20  104.52
297  15  6.487664e-02  20  399.55
213  3  7.083218e-02  20  243.03
213  24  5.536037e-02  20  243.07
51  21  2.460756e-01  20  105.76
297  18  6.178813e-02  20  400.23
207  27  5.763356e-02  20  243.48
207  21  6.049723e-02  20  243.89
216  3  7.797053e-02  20  244.04
57  21  2.343316e-01  20  106.68
66  3  1.996184e-01  20  106.70
213  6  8.302617e-02  20  244.58
66  15  1.645428e-01  20  107.18
216  24  6.754186e-02  20  245.03
297  24  5.914002e-02  20  402.40
63  27  1.177247e-01  20  108.13
216  21  6.674752e-02  20  246.06
66  21  1.911695e-01  20  108.54
297  21  5.889521e-02  20  403.53
297  3  1.125499e-01  20  403.78
63  24  1.143789e-01  20  109.48
60  15  1.476887e-01  20  109.63
51  24  1.479333e-01  20  110.32
216  27  7.168987e-02  20  248.42
213  27  7.342030e-02  20  249.28
57  27  1.652594e-01  20  111.90
213  21  6.955229e-02  20  249.74
63  15  1.759340e-01  20  113.25
69  3  1.627739e-01  20  113.44
297  27  5.944340e-02  20  408.06
66  27  1.062074e-01  20  115.50
219  6  6.062254e-02  20  253.67
57  24  2.359405e-01  20  116.70
219  3  5.927233e-02  20  254.63
60  27  1.114025e-01  20  118.12
66  18  1.813451e-01  20  123.39
219  12  8.219740e-02  20  244.97
72  12  1.253141e-01  20  99.14
72  9  1.392343e-01  20  99.91
222  15  5.643614e-02  20  246.74
78  9  1.059100e-01  20  100.25
84  9  1.385282e-01  20  100.48
222  12  5.996303e-02  20  247.20
75  9  9.922100e-02  20  100.56
69  12  2.415748e-01  20  101.11
75  12  9.429134e-02  20  101.18
219  9  7.677825e-02  20  248.33
69  9  1.726450e-01  20  102.09
78  12  1.806763e-01  20  102.36
90  9  1.657849e-01  20  102.66
87  9  1.585483e-01  20  102.88
222  9  7.017968e-02  20  249.69
81  12  1.132913e-01  20  103.15
219  18  6.939848e-02  20  249.84
90  12  1.360402e-01  20  103.23
78  15  1.061886e-01  20  103.31
81  6  1.761898e-01  20  103.36
225  12  6.266695e-02  20  250.97
93  12  1.007699e-01  20  104.47
78  3  1.439665e-01  20  104.50
81  9  9.852828e-02  20  104.73
69  15  2.090421e-01  20  105.48
102  9  1.192301e-01  20  105.90
69  18  1.788875e-01  20  106.32
72  3  1.544114e-01  20  106.54
72  6  1.149751e-01  20  107.30
84  6  1.224626e-01  20  107.42
228  9  6.629408e-02  20  254.43
72  15  1.233272e-01  20  107.78
222  21  6.827097e-02  20  254.58
75  6  2.047173e-01  20  108.30
219  15  7.411294e-02  20  255.43
87  15  9.453734e-02  20  108.92
78  18  1.086591e-01  20  109.24
87  6  9.515966e-02  20  109.40
75  21  1.441473e-01  20  109.46
222  6  8.053472e-02  20  256.26
96  12  1.299900e-01  20  109.80
81  18  1.370393e-01  20  109.82
225  9  6.184762e-02  20  256.69
84  15  1.112316e-01  20  110.13
84  12  1.231572e-01  20  110.29
75  15  1.579707e-01  20  110.46
84  18  1.221878e-01  20  110.50
75  18  1.865906e-01  20  110.91
225  15  6.169266e-02  20  257.63
99  12  9.759256e-02  20  110.95
87  12  1.166327e-01  20  110.99
93  15  1.232795e-01  20  111.02
96  15  8.934091e-02  20  111.73
90  15  1.593311e-01  20  111.75
228  18  5.644221e-02  20  258.51
75  27  1.306444e-01  20  111.91
72  21  1.429969e-01  20  111.93
78  6  1.513635e-01  20  112.11
90  18  9.332593e-02  20  112.44
222  18  6.809909e-02  20  259.17
96  9  1.057934e-01  20  112.56
96  18  1.174553e-01  20  112.66
81  21  1.174362e-01  20  112.71
78  21  2.117185e-01  20  112.95
225  18  7.186485e-02  20  259.77
99  15  1.203467e-01  20  113.29
84  3  1.478272e-01  20  113.52
81  15  1.076024e-01  20  113.74
225  24  7.600071e-02  20  260.53
72  27  1.134085e-01  20  114.47
87  18  9.178657e-02  20  114.66
69  27  1.414395e-01  20  114.77
75  3  2.013269e-01  20  114.78
219  24  6.410335e-02  20  261.50
99  3  1.253391e-01  20  115.01
228  15  5.503531e-02  20  262.14
78  24  1.222435e-01  20  115.67
222  27  7.526764e-02  20  262.54
228  12  5.939186e-02  20  262.73
102  6  1.548444e-01  20  116.15
93  6  1.133770e-01  20  116.42
222  3  1.440424e-01  20  263.23
90  6  1.374805e-01  20  116.70
225  3  1.121588e-01  20  263.44
93  9  1.216107e-01  20  116.77
90  3  1.297309e-01  20  116.82
99  6  1.077140e-01  20  117.07
225  21  6.724852e-02  20  263.85
231  12  8.530935e-02  20  264.08
219  27  7.776310e-02  20  264.15
87  3  1.243474e-01  20  117.52
72  24  1.485650e-01  20  117.61
96  6  9.190987e-02  20  117.83
84  21  9.316608e-02  20  117.99
219  21  5.524112e-02  20  264.95
87  27  1.067462e-01  20  118.39
93  21  1.022869e-01  20  118.56
231  9  7.612537e-02  20  265.51
93  3  1.135967e-01  20  118.89
72  18  1.500870e-01  20  118.90
69  21  1.049575e-01  20  118.92
90  21  1.100597e-01  20  119.11
81  3  1.351572e-01  20  119.26
87  24  1.130455e-01  20  119.26
228  6  7.103824e-02  20  266.26
87  21  1.402021e-01  20  119.70
225  27  6.669794e-02  20  266.39
81  27  1.137864e-01  20  119.81
225  6  6.635585e-02  20  266.63
99  9  1.052975e-01  20  120.22
231  18  6.507145e-02  20  266.98
90  27  1.348777e-01  20  120.38
99  18  1.008016e-01  20  120.54
93  24  1.018368e-01  20  120.85
234  12  6.267812e-02  20  267.98
69  24  9.723990e-02  20  121.41
222  24  7.494667e-02  20  268.26
96  3  1.597682e-01  20  121.98
93  18  1.016416e-01  20  122.30
84  27  1.430478e-01  20  122.52
81  24  1.371119e-01  20  122.77
234  9  7.469002e-02  20  269.87
90  24  1.115795e-01  20  123.26
228  24  6.744619e-02  20  270.24
99  24  8.955717e-02  20  123.78
231  15  6.610142e-02  20  270.46
75  24  1.664475e-01  20  123.91
234  6  6.980996e-02  20  270.62
228  21  6.461419e-02  20  270.86
96  24  1.128276e-01  20  124.29
231  21  6.429504e-02  20  271.37
96  21  1.009536e-01  20  125.34
234  21  7.247780e-02  20  272.10
96  27  9.839049e-02  20  125.44
78  27  1.297808e-01  20  125.60
228  3  1.062565e-01  20  272.47
228  27  8.665716e-02  20  272.64
84  24  8.927151e-02  20  126.34
102  3  1.800981e-01  20  126.56
93  27  1.274104e-01  20  126.60
234  18  7.694020e-02  20  273.45
234  3  7.020505e-02  20  273.85
99  27  1.083984e-01  20  128.80
234  15  8.292183e-02  20  275.55
99  21  8.532955e-02  20  129.32
231  27  6.359404e-02  20  276.68
231  6  9.393834e-02  20  276.98
231  24  5.727478e-02  20  277.43
231  3  1.170378e-01  20  278.46
102  12  9.454971e-02  20  114.47
105  15  7.415336e-02  20  117.28
108  12  1.077871e-01  20  117.31
102  15  8.991697e-02  20  117.58
105  9  1.112859e-01  20  118.30
108  15  1.167045e-01  20  118.82
102  18  8.492370e-02  20  120.75
105  12  1.193122e-01  20  121.19
108  18  1.048495e-01  20  121.26
114  12  9.703084e-02  20  121.61
111  12  9.335949e-02  20  122.08
114  9  1.087307e-01  20  122.43
108  9  1.032083e-01  20  122.49
105  3  1.205357e-01  20  123.02
111  9  1.010006e-01  20  123.61
105  6  1.059469e-01  20  123.90
102  27  1.322562e-01  20  123.99
117  15  8.637684e-02  20  124.19
105  18  1.159944e-01  20  125.12
108  21  1.445803e-01  20  125.14
108  24  1.210183e-01  20  125.16
114  15  1.130558e-01  20  125.61
111  15  9.051777e-02  20  125.87
102  24  1.002561e-01  20  126.49
117  12  1.067528e-01  20  126.55
105  21  1.257045e-01  20  126.73
117  9  1.037816e-01  20  126.96
108  6  1.287027e-01  20  127.68
114  6  1.128718e-01  20  127.85
111  6  1.107784e-01  20  127.91
117  21  8.352753e-02  20  128.08
102  21  1.029555e-01  20  128.30
105  27  9.684253e-02  20  128.41
117  18  9.754610e-02  20  128.95
114  21  1.196749e-01  20  128.99
111  21  1.287723e-01  20  129.36
117  6  9.586695e-02  20  129.68
108  3  1.339393e-01  20  130.25
111  18  1.010343e-01  20  131.82
105  24  1.448084e-01  20  132.52
114  3  1.831942e-01  20  133.08
117  3  8.432952e-02  20  133.28
108  27  1.054714e-01  20  133.86
111  3  1.046457e-01  20  134.36
114  18  9.870944e-02  20  135.58
111  27  9.279576e-02  20  136.39
117  24  1.041459e-01  20  137.70
120  9  9.801605e-02  20  125.42
114  24  1.061336e-01  20  139.80
240  12  6.746708e-02  20  275.79
114  27  6.089096e-02  20  141.13
120  12  1.014952e-01  20  127.39
123  9  9.451791e-02  20  127.55
237  21  7.451179e-02  20  277.53
237  12  7.526015e-02  20  278.49
132  9  9.641307e-02  20  129.00
111  24  1.024614e-01  20  143.67
126  9  7.850846e-02  20  129.63
240  6  6.245585e-02  20  279.80
123  15  8.727095e-02  20  129.99
126  24  1.267266e-01  20  131.19
243  15  6.656931e-02  20  281.19
129  9  1.062484e-01  20  131.59
120  18  7.950669e-02  20  132.30
237  15  7.254525e-02  20  282.72
123  21  9.023409e-02  20  132.91
123  3  8.775045e-02  20  133.15
234  27  7.580301e-02  20  283.11
132  12  8.096911e-02  20  133.26
126  15  7.893995e-02  20  133.45
240  15  6.235749e-02  20  283.42
246  9  6.904858e-02  20  283.73
237  9  8.065327e-02  20  283.87
135  9  9.201005e-02  20  134.38
243  9  5.976091e-02  20  284.36
126  18  7.879190e-02  20  134.53
240  3  8.997148e-02  20  284.70
240  21  6.502962e-02  20  284.83
126  6  8.849898e-02  20  135.11
240  9  7.431489e-02  20  285.09
126  12  9.282354e-02  20  135.32
132  15  7.835358e-02  20  135.44
129  12  9.829793e-02  20  135.45
234  24  5.908366e-02  20  285.50
237  6  7.273993e-02  20  285.53
117  27  8.859369e-02  20  135.60
123  18  8.997421e-02  20  135.69
246  12  6.718908e-02  20  285.68
132  6  9.993243e-02  20  135.78
120  6  9.134020e-02  20  135.96
123  12  1.360967e-01  20  136.46
120  15  9.428784e-02  20  136.82
129  6  8.781526e-02  20  136.94
126  21  8.982116e-02  20  136.98
240  18  7.422301e-02  20  287.25
237  24  6.066248e-02  20  287.86
120  3  1.229750e-01  20  138.47
135  12  9.625158e-02  20  138.68
129  15  1.088620e-01  20  139.06
135  6  9.902916e-02  20  139.14
237  18  5.433292e-02  20  289.58
237  3  1.161889e-01  20  289.79
129  18  1.071619e-01  20  140.12
120  27  1.298285e-01  20  140.37
243  12  6.890177e-02  20  290.35
132  27  8.761917e-02  20  141.91
123  6  9.672595e-02  20  142.18
240  24  6.525674e-02  20  292.50
126  3  1.849827e-01  20  143.33
237  27  6.141873e-02  20  293.31
246  18  7.828450e-02  20  293.32
123  24  8.282496e-02  20  143.38
132  18  8.858483e-02  20  143.49
120  24  1.168274e-01  20  143.70
120  21  1.004118e-01  20  144.40
126  27  7.838650e-02  20  144.41
129  21  7.012220e-02  20  144.70
132  21  9.310395e-02  20  144.76
123  27  8.590072e-02  20  145.31
243  6  6.317445e-02  20  295.34
132  3  1.182108e-01  20  145.58
243  18  6.252884e-02  20  295.53
129  3  1.717659e-01  20  145.58
246  21  6.270835e-02  20  296.00
246  6  7.057341e-02  20  296.14
243  21  6.697871e-02  20  296.50
249  9  6.441325e-02  20  296.51
249  12  7.867670e-02  20  296.90
132  24  8.968306e-02  20  147.23
246  15  7.499413e-02  20  297.73
249  6  8.324726e-02  20  297.83
243  3  1.407617e-01  20  298.10
135  3  1.315336e-01  20  148.89
243  27  7.172828e-02  20  299.07
129  27  8.335803e-02  20  150.16
246  3  1.157448e-01  20  300.37
240  27  6.538016e-02  20  301.21
246  24  6.588614e-02  20  301.21
252  9  6.316202e-02  20  301.22
129  24  9.767603e-02  20  153.63
138  9  7.689251e-02  20  138.43
249  15  7.525999e-02  20  304.88
246  27  6.719516e-02  20  304.93
243  24  5.639543e-02  20  304.95
138  15  9.166713e-02  20  139.20
135  15  9.219722e-02  20  140.40
144  9  8.653157e-02  20  140.80
249  18  6.442096e-02  20  306.87
138  6  1.040245e-01  20  142.13
249  3  7.604195e-02  20  309.37
249  21  6.784096e-02  20  309.77
141  12  6.984352e-02  20  144.12
141  9  7.656952e-02  20  144.58
135  27  9.999233e-02  20  144.60
144  6  7.335676e-02  20  144.70
138  18  7.261831e-02  20  144.84
147  9  7.909023e-02  20  145.25
249  27  6.543947e-02  20  311.52
135  21  9.167556e-02  20  145.50
252  3  1.042088e-01  20  311.62
249  24  6.573766e-02  20  311.72
135  18  9.623792e-02  20  146.89
138  21  7.120504e-02  20  147.16
138  12  8.767165e-02  20  147.68
252  6  7.508798e-02  20  313.83
144  12  7.552383e-02  20  147.79
150  9  7.621729e-02  20  147.86
147  12  8.153732e-02  20  148.24
141  18  6.397859e-02  20  148.60
150  12  9.378877e-02  20  148.72
147  15  7.671220e-02  20  149.49
141  6  9.043211e-02  20  149.70
138  3  1.276340e-01  20  152.39
141  3  1.123986e-01  20  152.49
135  24  8.607738e-02  20  153.08
141  21  5.825995e-02  20  153.53
144  15  1.082866e-01  20  154.14
147  24  9.669888e-02  20  154.14
141  15  1.221724e-01  20  154.20
252  12  7.473629e-02  20  303.12
141  27  8.727260e-02  20  155.49
150  15  7.042803e-02  20  156.05
147  18  6.584621e-02  20  156.50
138  27  8.264656e-02  20  156.65
144  3  1.180571e-01  20  156.68
147  6  7.485019e-02  20  156.79
147  27  9.206742e-02  20  157.63
141  24  7.427211e-02  20  158.24
144  24  9.619712e-02  20  158.34
156  15  9.214368e-02  20  151.98
144  21  1.181796e-01  20  158.98
252  15  5.509568e-02  20  307.09
153  9  8.439443e-02  20  152.87
138  24  8.678093e-02  20  159.65
147  21  6.572523e-02  20  160.39
150  6  9.370698e-02  20  160.63
150  18  7.154921e-02  20  160.75
144  18  9.013678e-02  20  160.90
156  9  9.810953e-02  20  154.53
258  12  7.318065e-02  20  309.63
147  3  1.117629e-01  20  161.78
150  21  1.030941e-01  20  162.03
153  15  5.168422e-02  20  156.46
252  21  7.094898e-02  20  311.64
252  18  6.190281e-02  20  311.74
150  3  1.170257e-01  20  164.11
156  12  9.067707e-02  20  157.89
255  9  6.539106e-02  20  313.43
156  6  7.872278e-02  20  159.33
153  12  6.938962e-02  20  159.64
252  27  6.429162e-02  20  314.64
150  24  7.602694e-02  20  167.15
255  6  6.679067e-02  20  316.42
255  12  5.759675e-02  20  316.50
153  18  1.090178e-01  20  162.57
144  27  8.217701e-02  20  169.36
255  27  6.080039e-02  20  317.36
150  27  6.925557e-02  20  169.75
258  3  8.758423e-02  20  317.76
153  6  8.325160e-02  20  163.25
162  9  7.070679e-02  20  163.36
258  9  5.660446e-02  20  318.08
162  15  9.060757e-02  20  163.48
165  9  7.319890e-02  20  163.64
162  6  8.203309e-02  20  164.50
156  21  7.374647e-02  20  165.53
159  15  6.679407e-02  20  165.68
159  12  9.865361e-02  20  165.95
165  15  6.666285e-02  20  165.97
156  27  7.105796e-02  20  166.17
255  15  5.813720e-02  20  320.78
264  9  7.610257e-02  20  321.65
153  3  1.316957e-01  20  167.24
258  21  5.415966e-02  20  322.09
159  9  7.524070e-02  20  167.58
258  18  6.049355e-02  20  322.47
252  24  5.200152e-02  20  322.69
162  12  1.010202e-01  20  168.12
159  6  8.988686e-02  20  168.35
258  15  6.001284e-02  20  322.99
258  6  6.147838e-02  20  323.56
255  21  6.854884e-02  20  324.48
159  3  8.503023e-02  20  170.09
159  18  6.446830e-02  20  170.25
255  18  6.703474e-02  20  325.08
255  3  9.275228e-02  20  325.10
156  3  1.029179e-01  20  170.71
261  12  6.674909e-02  20  325.46
168  6  5.605999e-02  20  171.17
261  9  6.044140e-02  20  325.90
168  12  9.079002e-02  20  171.64
156  18  9.575440e-02  20  171.85
258  24  6.077441e-02  20  326.46
165  12  7.841520e-02  20  172.30
153  24  9.490061e-02  20  172.84
264  12  6.336208e-02  20  327.92
165  21  7.185533e-02  20  173.95
264  6  7.613107e-02  20  328.56
153  27  8.919343e-02  20  174.36
255  24  6.183542e-02  20  328.96
261  15  6.435084e-02  20  329.21
168  9  7.261217e-02  20  174.71
159  27  8.577007e-02  20  174.99
162  3  7.234411e-02  20  175.13
258  27  6.178474e-02  20  329.73
261  3  6.553428e-02  20  330.00
264  21  6.870985e-02  20  330.78
165  3  6.102258e-02  20  176.41
261  18  7.076225e-02  20  331.19
162  27  9.581743e-02  20  176.75
156  24  8.618233e-02  20  176.78
153  21  8.008484e-02  20  177.00
261  24  6.162208e-02  20  331.73
162  21  6.933479e-02  20  177.15
165  6  7.833626e-02  20  177.20
168  15  8.372600e-02  20  177.64
264  18  6.532726e-02  20  332.56
165  18  7.612516e-02  20  177.99
168  3  7.606913e-02  20  178.34
261  6  7.157530e-02  20  333.13
159  24  1.024034e-01  20  178.97
267  12  6.725543e-02  20  334.02
162  24  6.962257e-02  20  179.67
264  15  8.433837e-02  20  334.31
261  21  6.157899e-02  20  334.94
267  9  6.292798e-02  20  335.05
165  24  7.016230e-02  20  180.63
162  18  8.548683e-02  20  180.67
159  21  7.268569e-02  20  181.08
267  18  6.181928e-02  20  336.30
264  27  7.149106e-02  20  336.97
264  3  6.352908e-02  20  337.33
267  15  7.104876e-02  20  338.47
264  24  5.780512e-02  20  338.62
267  21  7.462164e-02  20  338.92
261  27  6.074473e-02  20  340.11
267  6  8.086479e-02  20  341.78
267  3  7.959206e-02  20  342.25
165  27  8.019334e-02  20  188.09
267  24  5.948271e-02  20  342.87
270  12  6.117603e-02  20  337.49
270  9  6.829707e-02  20  338.58
270  15  6.173474e-02  20  341.53
270  3  6.718876e-02  20  345.22
276  9  6.498906e-02  20  349.03
270  21  6.056040e-02  20  349.06
270  6  5.951157e-02  20  349.10
273  15  7.041039e-02  20  349.92
276  12  6.620921e-02  20  349.93
273  9  6.889223e-02  20  350.65
270  18  6.142392e-02  20  350.67
270  27  6.231845e-02  20  352.77
267  27  6.409332e-02  20  352.93
270  24  6.505577e-02  20  353.33
273  18  6.607770e-02  20  354.57
273  12  6.949283e-02  20  357.02
276  15  6.025552e-02  20  357.66
273  6  6.034413e-02  20  357.73
276  18  6.609322e-02  20  359.61
276  21  6.449300e-02  20  359.99
273  24  6.882621e-02  20  360.19
273  3  7.597066e-02  20  361.34
273  21  6.235530e-02  20  361.60
276  6  6.366736e-02  20  362.21
276  3  5.871916e-02  20  362.77
279  12  7.234245e-02  20  364.45
279  9  6.633664e-02  20  365.76
279  15  6.516614e-02  20  366.06
279  18  6.064336e-02  20  366.08
276  27  6.086101e-02  20  366.80
282  12  6.066803e-02  20  367.19
282  15  6.065344e-02  20  367.91
279  21  6.893674e-02  20  368.56
282  9  6.162080e-02  20  368.63
273  27  5.850458e-02  20  368.99
282  18  6.614827e-02  20  369.63
279  6  7.424136e-02  20  370.95
285  9  6.995215e-02  20  371.17
276  24  5.612333e-02  20  371.19
279  24  5.651590e-02  20  372.51
282  6  6.230942e-02  20  372.73
285  12  6.711096e-02  20  373.40
279  3  9.513756e-02  20  373.64
285  6  6.291303e-02  20  373.79
282  21  5.826111e-02  20  375.49
279  27  6.013695e-02  20  376.30
282  27  6.383467e-02  20  378.71
282  3  8.107494e-02  20  379.76
282  24  5.847713e-02  20  380.04
285  3  7.982169e-02  20  382.48
285  15  5.887245e-02  20  372.30
285  18  6.715373e-02  20  374.61
288  12  6.403607e-02  20  378.26
285  21  5.962506e-02  20  378.52
285  27  5.844096e-02  20  380.64
294  9  6.301598e-02  20  381.73
288  27  6.625403e-02  20  382.30
288  9  6.885190e-02  20  382.84
285  24  6.647749e-02  20  382.84
291  21  5.582802e-02  20  384.12
291  15  6.522537e-02  20  384.45
288  18  5.907365e-02  20  384.85
291  9  6.807740e-02  20  384.97
291  6  6.710007e-02  20  385.30
288  3  9.186114e-02  20  385.51
294  12  6.300940e-02  20  386.05
294  18  5.947690e-02  20  386.97
288  21  6.158282e-02  20  387.22
291  18  6.183805e-02  20  387.35
291  12  6.227739e-02  20  387.44
288  6  6.195557e-02  20  388.30
288  15  6.309037e-02  20  388.71
294  15  6.279998e-02  20  389.36
294  6  6.509144e-02  20  390.60
291  3  6.369092e-02  20  390.60
288  24  6.149181e-02  20  391.51
294  3  9.480017e-02  20  392.18
297  9  6.275671e-02  20  394.16
291  24  6.136492e-02  20  395.28
297  15  5.969893e-02  20  395.31
291  27  5.839684e-02  20  395.97
297  18  6.019989e-02  20  396.02
294  21  6.025435e-02  20  397.12
294  27  5.867234e-02  20  397.29
294  24  6.763790e-02  20  398.84
297  12  6.138959e-02  20  399.12
297  3  6.515086e-02  20  401.85
297  24  5.840812e-02  20  402.31
297  27  5.944340e-02  20  404.25
297  6  6.596305e-02  20  405.52
297  21  6.152076e-02  20  410.73
