# 1. n_LF  2. n_HF  3. error  4. n_optimization_restarts 5. time spent (min)
3  18  7.996651e-02  25  73.58
3  15  1.078682e-01  25  76.04
6  6  5.094709e-01  25  80.84
18  12  1.228563e-01  25  81.25
9  9  4.709557e-01  25  82.32
12  9  3.595370e-01  25  84.92
3  9  1.814719e-01  25  86.81
9  6  4.214063e-01  25  87.67
15  9  2.312305e-01  25  87.99
21  12  2.045948e-01  25  90.96
27  6  1.549245e-01  25  93.29
30  9  5.855257e-02  25  93.83
39  9  6.521485e-02  25  93.88
21  9  1.105985e-01  25  95.33
18  9  1.856748e-01  25  95.41
15  12  1.126635e-01  25  95.46
24  12  1.311404e-01  25  96.17
18  6  2.295510e-01  25  96.73
24  9  9.268666e-02  25  96.81
27  9  6.381806e-02  25  97.00
15  15  1.665686e-01  25  97.85
24  6  7.893890e-02  25  98.13
33  9  7.861019e-02  25  98.37
36  6  6.621763e-02  25  98.93
42  15  5.771871e-02  25  99.08
33  12  1.209389e-01  25  99.34
24  15  2.068438e-01  25  99.39
33  6  5.997729e-02  25  99.50
45  9  8.160380e-02  25  99.53
18  15  1.175009e-01  25  99.66
27  18  7.766381e-02  25  99.76
36  9  5.790832e-02  25  99.83
27  12  7.224556e-02  25  100.04
9  12  2.414015e-01  25  100.16
27  15  7.144014e-02  25  100.40
36  12  9.041020e-02  25  100.77
39  15  3.930945e-02  25  101.07
42  12  5.331708e-02  25  101.12
24  18  7.583289e-02  25  101.35
18  18  7.796935e-02  25  101.57
21  18  7.058283e-02  25  101.67
39  6  6.259992e-02  25  101.70
21  15  9.555435e-02  25  101.82
33  15  1.199248e-01  25  101.92
51  12  4.711512e-02  25  102.05
51  9  4.414524e-02  25  102.26
57  9  5.198690e-02  25  102.40
39  12  5.420430e-02  25  102.53
9  18  8.876752e-02  25  103.18
54  12  3.944379e-02  25  103.21
30  6  6.620238e-02  25  103.44
30  15  1.198341e-01  25  103.61
21  6  8.031348e-02  25  103.72
54  6  5.157241e-02  25  103.75
30  18  1.535717e-01  25  103.86
48  9  4.492290e-02  25  103.91
45  12  7.327223e-02  25  104.63
48  12  3.634572e-02  25  104.74
48  15  5.195597e-02  25  105.41
54  9  4.770993e-02  25  106.40
33  18  1.005231e-01  25  106.67
69  12  3.715433e-02  25  106.96
12  15  1.719949e-01  25  107.05
42  6  7.971679e-02  25  107.10
39  18  4.355496e-02  25  107.15
63  12  3.745854e-02  25  107.25
57  12  3.247195e-02  25  107.33
45  6  5.403223e-02  25  107.69
60  9  5.836932e-02  25  107.87
36  18  6.660819e-02  25  107.88
69  9  3.257901e-02  25  108.59
57  15  3.623757e-02  25  109.33
3  12  1.262388e-01  25  109.39
51  15  3.738142e-02  25  109.46
9  15  1.333778e-01  25  109.48
63  6  3.500391e-02  25  110.03
48  6  5.689836e-02  25  110.14
69  15  5.695249e-02  25  110.34
51  18  4.723758e-02  25  110.37
66  6  4.046269e-02  25  110.86
12  18  1.084511e-01  25  111.02
51  6  4.225844e-02  25  111.10
63  9  4.672377e-02  25  111.25
42  18  4.731000e-02  25  112.00
45  15  4.586658e-02  25  112.02
60  12  3.551939e-02  25  112.17
66  12  4.673710e-02  25  112.38
54  18  3.546576e-02  25  112.62
60  15  6.801267e-02  25  112.66
54  15  5.508859e-02  25  112.91
72  9  3.158786e-02  25  113.21
66  9  3.873411e-02  25  114.00
84  12  2.971374e-02  25  114.11
72  6  3.352655e-02  25  114.51
72  18  4.699087e-02  25  115.07
75  15  3.239649e-02  25  115.20
90  9  3.879160e-02  25  115.21
69  6  3.732859e-02  25  115.21
81  9  4.449916e-02  25  115.22
78  9  3.498441e-02  25  115.27
75  9  4.246768e-02  25  115.34
72  15  3.866247e-02  25  115.40
63  15  3.261733e-02  25  115.68
75  12  4.130044e-02  25  115.73
57  6  4.862796e-02  25  116.12
66  15  3.678346e-02  25  116.15
60  18  4.662902e-02  25  116.46
66  18  4.308759e-02  25  116.56
63  18  4.520515e-02  25  116.63
84  9  4.297261e-02  25  117.06
69  18  2.383737e-02  25  117.69
45  18  7.704759e-02  25  117.75
87  9  3.723276e-02  25  118.10
75  6  3.252336e-02  25  119.20
99  9  3.044620e-02  25  119.65
87  6  3.143201e-02  25  119.93
78  12  3.867861e-02  25  120.38
81  12  4.332147e-02  25  120.94
75  18  4.320974e-02  25  121.06
81  15  2.063303e-02  25  122.50
90  6  3.815643e-02  25  123.21
81  18  4.473670e-02  25  123.42
93  12  2.512972e-02  25  123.65
84  15  3.465335e-02  25  124.03
90  15  2.987611e-02  25  124.15
90  12  2.459991e-02  25  124.32
78  18  2.560881e-02  25  124.57
87  15  3.460708e-02  25  125.49
93  9  3.251391e-02  25  125.79
87  18  3.052751e-02  25  125.83
90  18  3.279580e-02  25  126.10
84  18  4.146347e-02  25  126.31
96  9  2.821235e-02  25  126.64
78  15  2.299324e-02  25  126.89
99  12  3.538799e-02  25  126.99
96  12  2.891767e-02  25  127.00
84  6  4.381391e-02  25  127.36
108  9  3.413511e-02  25  127.76
93  18  2.635902e-02  25  129.54
114  12  2.525224e-02  25  130.56
96  15  2.985640e-02  25  130.72
93  6  2.601577e-02  25  130.75
105  12  2.802378e-02  25  130.82
96  18  3.399329e-02  25  131.18
105  9  2.793375e-02  25  131.25
99  6  3.342555e-02  25  131.54
111  9  3.081519e-02  25  131.77
102  9  2.915153e-02  25  131.92
102  6  2.288936e-02  25  131.98
102  15  2.768169e-02  25  132.73
102  12  3.046915e-02  25  132.94
108  6  2.378229e-02  25  133.58
99  15  2.309409e-02  25  133.84
99  18  1.956517e-02  25  134.04
96  6  3.447596e-02  25  134.58
111  12  3.326660e-02  25  135.11
120  9  2.882569e-02  25  135.28
102  18  2.861174e-02  25  135.31
105  18  2.774395e-02  25  135.36
108  12  3.007692e-02  25  135.56
105  15  2.532435e-02  25  135.61
117  9  2.042563e-02  25  136.59
105  6  3.738429e-02  25  136.81
114  9  3.174414e-02  25  137.25
108  15  3.055101e-02  25  137.28
123  9  2.383782e-02  25  138.56
111  6  3.302682e-02  25  138.75
108  18  3.037920e-02  25  139.05
117  6  3.176999e-02  25  139.19
120  12  2.445166e-02  25  139.69
6  18  8.025595e-02  25  140.10
111  15  3.020004e-02  25  140.26
114  15  2.592740e-02  25  140.90
117  12  2.632816e-02  25  141.87
114  18  2.685647e-02  25  141.88
123  12  2.730440e-02  25  142.18
120  15  2.949275e-02  25  142.40
111  18  2.455687e-02  25  142.98
117  15  3.191274e-02  25  143.56
129  12  1.940781e-02  25  143.57
120  6  2.606715e-02  25  143.69
120  18  2.850365e-02  25  144.18
114  6  2.942463e-02  25  144.25
129  9  2.531788e-02  25  144.26
126  12  2.184168e-02  25  144.37
117  18  2.987389e-02  25  145.10
126  9  1.814665e-02  25  145.57
132  9  2.309681e-02  25  146.31
123  15  2.316957e-02  25  147.10
132  12  2.510090e-02  25  147.78
129  6  3.322722e-02  25  148.25
135  9  2.275820e-02  25  148.76
123  6  3.160662e-02  25  149.82
126  18  1.861321e-02  25  150.16
126  6  2.741006e-02  25  150.80
81  6  3.888023e-02  25  152.43
126  15  2.463397e-02  25  152.46
132  15  2.425600e-02  25  152.66
141  9  2.477804e-02  25  153.19
123  18  1.928727e-02  25  153.22
144  9  2.968536e-02  25  153.40
138  9  2.509431e-02  25  153.65
129  18  2.982340e-02  25  154.33
129  15  2.157305e-02  25  154.69
135  12  2.407615e-02  25  154.72
138  6  2.939330e-02  25  155.02
132  18  2.309484e-02  25  155.38
132  6  2.617675e-02  25  155.49
138  12  2.320469e-02  25  155.84
141  12  2.754585e-02  25  156.48
135  15  2.255555e-02  25  156.50
135  6  2.089135e-02  25  157.53
138  15  2.375516e-02  25  157.65
135  18  2.184223e-02  25  158.02
144  12  2.839563e-02  25  158.30
141  6  2.558170e-02  25  158.78
138  18  2.050654e-02  25  159.10
150  12  2.684439e-02  25  160.23
150  9  2.749546e-02  25  161.83
144  15  2.531578e-02  25  162.00
141  18  2.409216e-02  25  163.11
147  6  2.417953e-02  25  163.63
147  12  1.777152e-02  25  163.74
147  18  2.066711e-02  25  164.98
144  18  2.212581e-02  25  166.26
150  15  2.035864e-02  25  167.04
6  12  1.552157e-01  25  167.61
150  6  2.751283e-02  25  167.66
147  15  1.895635e-02  25  167.92
150  18  2.531598e-02  25  168.05
99  3  3.536718e-02  25  173.62
6  15  1.796619e-01  25  224.40
87  12  2.977495e-02  25  230.99
144  6  2.927462e-02  25  232.46
78  6  4.844336e-02  25  232.55
15  6  2.549585e-01  25  236.77
12  6  2.052906e-01  25  276.17
252  12  1.807600e-02  25  296.92
252  9  1.731354e-02  25  297.97
252  15  1.780538e-02  25  299.51
252  18  1.833503e-02  25  299.59
258  9  2.307837e-02  25  301.02
255  9  1.658007e-02  25  304.11
264  12  1.713146e-02  25  304.16
153  12  2.597328e-02  25  167.97
264  9  1.704213e-02  25  307.55
255  12  1.909250e-02  25  307.98
255  15  1.733535e-02  25  309.12
156  9  2.316247e-02  25  171.77
258  6  1.705569e-02  25  309.37
261  9  2.136603e-02  25  309.61
153  9  1.974608e-02  25  172.58
156  12  2.442690e-02  25  172.81
258  12  1.822543e-02  25  310.47
258  18  1.815646e-02  25  310.86
153  15  2.521838e-02  25  173.63
264  6  1.837302e-02  25  311.70
258  15  1.778368e-02  25  311.97
159  9  2.197503e-02  25  174.56
261  15  1.866930e-02  25  312.15
159  12  2.547504e-02  25  175.12
255  18  1.676880e-02  25  313.16
162  9  1.684652e-02  25  176.22
159  6  3.079433e-02  25  177.07
153  18  2.151052e-02  25  177.19
162  15  2.132189e-02  25  177.40
168  9  2.423421e-02  25  177.43
156  15  2.160328e-02  25  177.56
261  6  1.607004e-02  25  315.06
156  18  1.993141e-02  25  178.18
261  18  1.768821e-02  25  315.63
264  15  1.782670e-02  25  315.67
156  6  2.634510e-02  25  178.50
255  6  1.688319e-02  25  316.35
159  18  2.402090e-02  25  179.52
264  18  1.698569e-02  25  316.98
267  9  2.190383e-02  25  317.40
162  18  2.555804e-02  25  180.17
168  12  2.089824e-02  25  181.10
162  6  2.099758e-02  25  181.96
165  9  1.946087e-02  25  182.34
165  12  1.986228e-02  25  182.41
270  12  1.666564e-02  25  320.53
267  6  2.157167e-02  25  320.68
159  15  2.368680e-02  25  183.34
168  15  1.986862e-02  25  183.73
174  9  2.274558e-02  25  183.92
171  9  2.464612e-02  25  184.40
165  18  1.819915e-02  25  184.41
165  6  2.377086e-02  25  184.49
168  6  2.274075e-02  25  185.18
267  15  1.732470e-02  25  322.65
270  9  1.619990e-02  25  323.10
174  12  1.840914e-02  25  185.79
171  6  2.592049e-02  25  185.83
267  12  1.421848e-02  25  323.27
168  18  2.399916e-02  25  186.82
270  15  1.698459e-02  25  324.29
270  18  1.641015e-02  25  325.02
270  6  1.619710e-02  25  325.26
171  12  1.868038e-02  25  187.83
174  15  2.338221e-02  25  188.24
171  15  1.929415e-02  25  189.50
267  18  1.782231e-02  25  327.51
171  18  1.838638e-02  25  190.96
174  18  2.399796e-02  25  191.64
174  6  2.360158e-02  25  193.77
177  6  1.762290e-02  25  193.88
177  12  2.145902e-02  25  191.28
180  12  2.501884e-02  25  193.21
177  15  1.905354e-02  25  195.56
183  12  2.184125e-02  25  196.91
180  9  2.309421e-02  25  200.64
162  12  1.844993e-02  25  204.04
177  18  1.756443e-02  25  200.80
180  15  2.135338e-02  25  201.24
180  18  2.188146e-02  25  202.36
183  15  1.880924e-02  25  203.24
189  9  2.042459e-02  25  203.45
186  9  1.823801e-02  25  204.14
153  6  2.652321e-02  25  207.56
180  6  2.055331e-02  25  204.43
186  12  1.996097e-02  25  206.45
189  12  1.606274e-02  25  207.39
186  15  2.083471e-02  25  207.85
186  18  2.113293e-02  25  208.04
186  6  1.898762e-02  25  208.28
183  18  2.071872e-02  25  208.45
189  15  1.968377e-02  25  211.60
189  6  2.174505e-02  25  212.39
189  18  1.900999e-02  25  213.08
195  9  1.731145e-02  25  214.73
198  9  1.955510e-02  25  216.30
195  12  2.131065e-02  25  216.54
195  18  2.257015e-02  25  216.57
192  9  2.471870e-02  25  216.62
198  18  2.103408e-02  25  218.97
192  18  2.038310e-02  25  219.05
183  6  2.839573e-02  25  219.58
201  12  2.497735e-02  25  220.00
198  6  2.146288e-02  25  220.11
192  15  2.100740e-02  25  220.35
198  12  2.038609e-02  25  220.93
198  15  1.883231e-02  25  221.77
192  12  2.138243e-02  25  221.86
201  6  2.635814e-02  25  221.97
195  6  2.128844e-02  25  222.34
192  6  1.797166e-02  25  222.65
30  12  7.253771e-02  25  366.57
204  9  2.281773e-02  25  226.24
201  15  2.164399e-02  25  229.10
201  18  1.958124e-02  25  230.22
204  12  2.128674e-02  25  231.61
207  9  2.430553e-02  25  232.57
204  15  1.845178e-02  25  233.43
207  15  2.087443e-02  25  234.83
201  9  2.048798e-02  25  235.97
210  12  1.993502e-02  25  236.26
210  9  2.148832e-02  25  236.59
204  6  2.599390e-02  25  236.83
216  9  1.873641e-02  25  237.47
210  6  2.733441e-02  25  238.28
207  6  1.927537e-02  25  239.33
204  18  1.750153e-02  25  239.38
207  18  1.773050e-02  25  239.72
210  15  1.655481e-02  25  240.47
210  18  2.240959e-02  25  241.86
216  12  1.772671e-02  25  242.45
213  9  1.963623e-02  25  242.81
219  9  1.771701e-02  25  243.01
213  18  1.980490e-02  25  243.27
213  12  1.836190e-02  25  245.05
213  15  1.667123e-02  25  245.33
213  6  2.410074e-02  25  245.85
216  15  1.871034e-02  25  246.35
63  3  4.322012e-02  25  387.70
222  12  2.041358e-02  25  246.84
216  18  1.950234e-02  25  247.66
222  15  1.960654e-02  25  248.98
219  18  1.934997e-02  25  249.55
216  6  2.237519e-02  25  249.56
219  15  1.812571e-02  25  251.05
225  12  2.145766e-02  25  251.16
222  9  1.627836e-02  25  251.28
219  12  1.870113e-02  25  252.07
219  6  2.022383e-02  25  252.13
222  6  2.347213e-02  25  252.90
222  18  1.834359e-02  25  255.07
225  15  1.934059e-02  25  255.58
225  9  1.844926e-02  25  256.12
225  18  2.143764e-02  25  257.23
225  6  1.632197e-02  25  258.06
228  9  2.241684e-02  25  257.32
228  12  1.645941e-02  25  264.44
228  6  2.091159e-02  25  265.54
228  18  1.766584e-02  25  267.07
228  15  1.906935e-02  25  269.68
234  9  1.939814e-02  25  269.75
195  15  1.831560e-02  25  275.87
234  15  1.907411e-02  25  273.90
231  12  2.164387e-02  25  273.99
231  18  1.836991e-02  25  274.07
237  9  2.110962e-02  25  275.69
234  12  1.701974e-02  25  276.11
234  18  1.961312e-02  25  276.61
231  15  1.781211e-02  25  277.40
240  15  2.023973e-02  25  278.65
237  12  2.255330e-02  25  279.33
231  6  1.876704e-02  25  280.48
240  12  1.872397e-02  25  280.80
237  18  1.919369e-02  25  282.82
237  6  2.438935e-02  25  283.41
234  6  2.402564e-02  25  283.62
237  15  1.856752e-02  25  284.80
240  9  1.612846e-02  25  285.17
240  6  1.761342e-02  25  285.25
240  18  1.845340e-02  25  286.02
177  9  1.883201e-02  25  289.15
243  9  1.944510e-02  25  287.04
246  9  1.627712e-02  25  288.57
243  12  1.827081e-02  25  292.19
243  18  1.939643e-02  25  292.31
243  15  1.930129e-02  25  293.60
246  6  2.171276e-02  25  293.61
246  15  1.928704e-02  25  294.14
246  12  1.807360e-02  25  296.05
249  6  1.788667e-02  25  296.29
246  18  1.723884e-02  25  296.93
249  12  1.691474e-02  25  296.96
243  6  2.205602e-02  25  296.99
249  9  1.604754e-02  25  299.46
249  18  1.683126e-02  25  300.61
249  15  1.788567e-02  25  301.68
252  6  2.264671e-02  25  301.75
57  18  4.522858e-02  25  556.32
207  12  2.306046e-02  25  574.64
174  3  2.332934e-02  25  831.17
12  12  4.261478e-01  25  116.77
15  3  1.953286e-01  25  129.31
6  3  3.270147e-01  25  128.36
6  9  3.361955e-01  25  128.95
9  3  3.293142e-01  25  129.81
12  3  3.749529e-01  25  138.67
3  6  4.587922e-01  25  144.39
3  3  5.661934e-01  25  147.71
42  9  6.602757e-02  25  166.67
21  3  8.541392e-02  25  166.97
24  3  6.850564e-02  25  173.93
72  12  3.922558e-02  25  176.13
18  3  1.220686e-01  25  180.50
15  18  1.040979e-01  25  181.08
36  15  8.512258e-02  25  181.61
30  3  7.702288e-02  25  182.09
27  3  7.312708e-02  25  182.63
72  3  7.187610e-02  25  179.65
60  6  5.859149e-02  25  180.00
75  3  5.071591e-02  25  188.12
93  15  2.761095e-02  25  188.53
60  3  4.723700e-02  25  191.91
42  3  1.133510e-01  25  193.43
78  3  4.473813e-02  25  192.73
66  3  5.381868e-02  25  193.59
69  3  4.615391e-02  25  197.89
57  3  7.313564e-02  25  203.60
48  3  5.912358e-02  25  203.89
81  3  3.774899e-02  25  200.72
45  3  6.551781e-02  25  204.93
84  3  4.297349e-02  25  203.16
33  3  7.199208e-02  25  209.30
39  3  7.613762e-02  25  209.78
87  3  3.894560e-02  25  208.06
51  3  4.157034e-02  25  211.93
48  18  5.531840e-02  25  214.08
90  3  3.143452e-02  25  212.49
96  3  4.247281e-02  25  213.64
36  3  8.125886e-02  25  217.81
54  3  5.074273e-02  25  224.43
102  3  5.165960e-02  25  224.62
93  3  3.459210e-02  25  222.03
105  3  3.902075e-02  25  229.59
111  3  3.236441e-02  25  239.21
108  3  4.312555e-02  25  242.25
120  3  3.311711e-02  25  247.57
114  3  2.990932e-02  25  254.53
117  3  3.854968e-02  25  255.71
132  3  4.011644e-02  25  258.93
123  3  2.956709e-02  25  262.88
147  9  2.244762e-02  25  264.77
141  15  2.961441e-02  25  266.16
135  3  3.105467e-02  25  269.68
138  3  2.685345e-02  25  271.37
126  3  3.595338e-02  25  272.28
129  3  3.168645e-02  25  276.23
147  3  4.007397e-02  25  281.07
150  3  2.904294e-02  25  281.96
141  3  3.343574e-02  25  286.80
144  3  3.011942e-02  25  287.80
156  3  3.674272e-02  25  290.33
153  3  2.534153e-02  25  295.39
159  3  2.928614e-02  25  317.59
165  15  2.013668e-02  25  338.16
162  3  3.170911e-02  25  352.39
168  3  3.071404e-02  25  366.66
165  3  2.848637e-02  25  367.30
183  9  2.105596e-02  25  372.65
171  3  3.859594e-02  25  387.18
177  3  2.724959e-02  25  404.30
186  3  2.783945e-02  25  406.86
189  3  2.310144e-02  25  413.38
180  3  2.416698e-02  25  419.54
183  3  2.877067e-02  25  424.67
192  3  3.475236e-02  25  430.18
201  3  3.339931e-02  25  430.59
195  3  2.541291e-02  25  437.62
204  3  2.380920e-02  25  438.83
198  3  2.443917e-02  25  442.98
210  3  3.287442e-02  25  448.54
207  3  2.597575e-02  25  455.96
216  3  3.460983e-02  25  461.63
213  3  2.294306e-02  25  465.00
225  3  3.299685e-02  25  485.84
222  3  2.310932e-02  25  486.04
219  3  2.289781e-02  25  487.32
228  3  3.351033e-02  25  497.62
231  9  1.716024e-02  25  497.65
231  3  3.230884e-02  25  503.63
240  3  3.213377e-02  25  527.14
234  3  3.664516e-02  25  527.86
237  3  2.657549e-02  25  531.87
246  3  2.135913e-02  25  565.47
243  3  2.180417e-02  25  572.65
252  3  2.169306e-02  25  576.59
249  3  2.574953e-02  25  576.66
261  12  1.557645e-02  25  578.59
261  3  2.570542e-02  25  594.06
258  3  2.134326e-02  25  594.38
255  3  2.192085e-02  25  595.84
264  3  2.372355e-02  25  600.24
270  3  2.976670e-02  25  617.69
267  3  2.092425e-02  25  623.88
