# 1. n_LF  2. n_HF  3. error  4. n_optimization_restarts 5. time spent (min)
12  9  2.653146e-01  25  107.95
12  12  1.716062e-01  25  112.76
12  6  3.520568e-01  25  116.12
15  12  1.827262e-01  25  116.15
15  15  2.183771e-01  25  117.66
12  3  3.510017e-01  25  122.90
12  15  1.043203e-01  25  137.23
12  18  1.044058e-01  25  168.14
108  15  2.685064e-02  25  212.19
111  12  2.316900e-02  25  213.83
102  9  2.746407e-02  25  216.46
108  12  2.823043e-02  25  219.38
126  15  2.837892e-02  25  219.60
114  15  3.406242e-02  25  221.43
126  9  2.318058e-02  25  221.69
108  9  2.982429e-02  25  223.13
114  9  3.310773e-02  25  224.37
117  15  2.733675e-02  25  225.00
114  12  2.090004e-02  25  225.29
105  15  3.202480e-02  25  225.36
111  9  2.668597e-02  25  226.13
117  9  2.231455e-02  25  226.44
120  9  3.229150e-02  25  226.81
102  12  2.757089e-02  25  227.02
105  12  3.958133e-02  25  227.02
111  15  2.891559e-02  25  227.27
117  12  2.338219e-02  25  227.47
102  15  2.498437e-02  25  228.49
108  6  2.576791e-02  25  228.69
102  6  2.865130e-02  25  229.32
126  6  3.402946e-02  25  231.34
123  12  2.648539e-02  25  231.79
120  15  2.964117e-02  25  232.51
114  6  3.246574e-02  25  232.77
111  6  2.560660e-02  25  233.13
123  15  3.088192e-02  25  233.23
108  3  3.096120e-02  25  234.58
120  12  2.838194e-02  25  236.05
15  9  1.713974e-01  25  120.34
102  3  3.084940e-02  25  237.36
120  6  3.871280e-02  25  238.53
129  15  2.880538e-02  25  238.98
117  6  2.518148e-02  25  240.56
132  12  2.371496e-02  25  240.78
126  12  3.241298e-02  25  241.55
129  12  2.535177e-02  25  241.81
111  3  4.429779e-02  25  242.26
129  9  2.265705e-02  25  242.64
123  9  2.999836e-02  25  243.64
129  6  2.288395e-02  25  243.68
105  3  4.478432e-02  25  244.18
120  3  3.222691e-02  25  245.75
126  3  3.316749e-02  25  247.48
132  15  2.908341e-02  25  249.07
15  6  1.918105e-01  25  133.29
117  3  3.897891e-02  25  251.63
129  3  3.842546e-02  25  251.64
138  15  2.240431e-02  25  251.91
108  18  2.999232e-02  25  252.71
123  6  2.895754e-02  25  253.40
102  18  2.234747e-02  25  253.96
15  3  1.941329e-01  25  144.04
135  15  2.474748e-02  25  257.23
138  12  2.512235e-02  25  258.72
132  9  2.696714e-02  25  259.04
111  18  2.220554e-02  25  259.85
144  15  2.361225e-02  25  261.19
144  12  2.403646e-02  25  261.47
135  9  2.599457e-02  25  261.51
135  12  2.632798e-02  25  261.84
135  6  2.480676e-02  25  262.00
123  3  3.037492e-02  25  262.90
144  9  2.631567e-02  25  263.47
141  9  2.347817e-02  25  263.68
117  18  2.804933e-02  25  265.01
132  6  3.053146e-02  25  264.86
138  9  2.282133e-02  25  266.61
123  18  2.809481e-02  25  267.35
114  3  3.940244e-02  25  268.09
141  12  2.803452e-02  25  269.20
144  6  2.193520e-02  25  269.47
105  9  2.853311e-02  25  270.75
138  6  2.795334e-02  25  271.64
132  3  4.322176e-02  25  272.13
141  6  2.437818e-02  25  272.49
129  18  2.448336e-02  25  272.72
141  15  2.227340e-02  25  273.70
105  6  2.586281e-02  25  274.47
120  18  2.119648e-02  25  275.13
147  15  2.539388e-02  25  275.23
144  3  4.050108e-02  25  275.27
147  12  1.912352e-02  25  277.40
114  18  2.874518e-02  25  279.14
126  18  2.357268e-02  25  280.12
105  18  3.285765e-02  25  280.65
147  6  2.275169e-02  25  280.45
135  3  3.773836e-02  25  280.57
150  15  2.798265e-02  25  281.80
150  12  2.760418e-02  25  282.04
150  9  2.784259e-02  25  282.77
15  18  1.073401e-01  25  175.14
135  18  2.084364e-02  25  284.91
153  15  2.273946e-02  25  284.93
138  3  2.823865e-02  25  285.67
132  18  2.587280e-02  25  286.40
147  9  2.145125e-02  25  286.70
153  12  2.337328e-02  25  287.99
153  6  2.694816e-02  25  288.15
150  6  1.972925e-02  25  289.06
159  15  1.990261e-02  25  290.32
141  3  3.166410e-02  25  291.02
156  15  2.059441e-02  25  291.12
159  12  2.730727e-02  25  291.46
156  12  2.786592e-02  25  295.13
156  9  2.601179e-02  25  295.91
138  18  2.897202e-02  25  296.50
147  3  3.124109e-02  25  296.83
159  9  2.383049e-02  25  298.65
153  9  2.691286e-02  25  298.63
144  18  1.808270e-02  25  299.46
156  6  3.422444e-02  25  303.84
159  6  2.810720e-02  25  304.31
150  3  2.889524e-02  25  306.03
153  3  2.644710e-02  25  307.69
141  18  2.803895e-02  25  310.49
147  18  2.625237e-02  25  318.01
159  3  2.689719e-02  25  322.09
150  18  2.143994e-02  25  325.06
153  18  2.564330e-02  25  328.50
159  18  2.369205e-02  25  331.12
156  3  2.553938e-02  25  333.66
156  18  2.062815e-02  25  341.67
18  12  1.729572e-01  25  129.83
18  15  1.050995e-01  25  143.87
18  6  2.210634e-01  25  145.04
18  3  8.593923e-02  25  151.81
18  9  1.657362e-01  25  151.95
162  15  2.012171e-02  25  305.12
162  12  2.109629e-02  25  312.62
18  18  7.764095e-02  25  171.67
162  18  2.127733e-02  25  339.62
21  15  1.985725e-01  25  153.88
21  12  1.182473e-01  25  167.15
162  3  3.915070e-02  25  335.13
162  9  2.431938e-02  25  317.26
168  6  2.490224e-02  25  309.73
168  15  2.127247e-02  25  311.38
165  12  2.390043e-02  25  329.30
165  15  2.119869e-02  25  328.14
21  9  1.029873e-01  25  141.06
162  6  2.111995e-02  25  342.89
21  6  9.145640e-02  25  148.88
168  9  2.580505e-02  25  330.75
165  6  2.446748e-02  25  337.51
168  12  1.864037e-02  25  336.06
174  15  2.453326e-02  25  332.41
165  9  2.275356e-02  25  340.16
180  12  2.124845e-02  25  327.71
168  18  2.062816e-02  25  342.04
171  15  2.083096e-02  25  341.86
165  3  2.619751e-02  25  347.96
21  3  2.293053e-01  25  165.96
171  9  2.259468e-02  25  344.73
177  9  2.277573e-02  25  338.20
171  12  1.730091e-02  25  348.59
174  12  2.362185e-02  25  348.73
168  3  2.816543e-02  25  354.38
165  18  2.118919e-02  25  360.87
171  3  2.366431e-02  25  359.45
171  6  2.640133e-02  25  359.72
180  9  1.904541e-02  25  345.89
183  9  2.118492e-02  25  342.10
180  15  1.887187e-02  25  351.40
21  18  8.599734e-02  25  214.86
180  6  2.524574e-02  25  363.23
186  12  2.043966e-02  25  361.13
186  15  1.953650e-02  25  361.68
171  18  2.083458e-02  25  385.22
189  15  1.851842e-02  25  360.65
186  9  1.975128e-02  25  367.31
180  3  2.255368e-02  25  378.98
180  18  2.031649e-02  25  381.03
174  18  2.198700e-02  25  390.80
177  18  2.125226e-02  25  388.26
174  9  2.557417e-02  25  393.60
189  12  1.978032e-02  25  375.84
186  6  2.375247e-02  25  377.55
183  6  2.990367e-02  25  385.14
186  3  3.420222e-02  25  381.33
174  6  2.382084e-02  25  402.60
174  3  3.259050e-02  25  406.62
192  15  1.754927e-02  25  376.57
189  9  2.136313e-02  25  381.70
183  15  2.443447e-02  25  400.19
192  12  2.498029e-02  25  381.33
183  12  2.052642e-02  25  405.62
192  9  2.794479e-02  25  382.90
195  15  2.406640e-02  25  380.62
189  6  2.189247e-02  25  391.46
177  15  2.201502e-02  25  418.07
192  6  2.369727e-02  25  393.19
189  3  2.664788e-02  25  401.72
195  12  1.701696e-02  25  394.22
177  12  1.803752e-02  25  429.12
201  9  1.787512e-02  25  386.10
189  18  1.799300e-02  25  412.32
198  12  1.835412e-02  25  395.06
195  6  2.542025e-02  25  400.35
198  15  2.284018e-02  25  399.90
192  3  2.631604e-02  25  409.24
177  6  2.074420e-02  25  442.82
192  18  2.000569e-02  25  417.29
201  12  2.074817e-02  25  408.32
183  18  2.028432e-02  25  440.40
177  3  2.811777e-02  25  448.82
195  18  1.963257e-02  25  417.22
201  15  1.832146e-02  25  410.40
186  18  2.223946e-02  25  436.62
204  15  1.686637e-02  25  421.21
183  3  3.290763e-02  25  459.46
198  6  2.322213e-02  25  429.72
204  9  2.033113e-02  25  420.81
201  6  2.316759e-02  25  427.77
198  18  1.851650e-02  25  437.12
204  6  2.056842e-02  25  428.67
195  3  2.482705e-02  25  445.46
195  9  2.447319e-02  25  445.37
207  9  1.784239e-02  25  432.49
207  12  2.220491e-02  25  436.11
204  3  2.507608e-02  25  439.89
210  12  2.000844e-02  25  434.04
210  6  2.305449e-02  25  434.14
207  6  2.616315e-02  25  440.56
198  9  1.910141e-02  25  453.22
210  15  1.705546e-02  25  440.03
207  15  2.117277e-02  25  443.97
204  12  2.098639e-02  25  450.25
201  3  3.557990e-02  25  463.18
210  9  2.449210e-02  25  453.92
216  12  1.636837e-02  25  447.03
201  18  1.919441e-02  25  474.03
213  12  1.944793e-02  25  460.43
207  18  1.880180e-02  25  468.74
207  3  2.558008e-02  25  468.38
213  9  2.134850e-02  25  458.65
204  18  2.087534e-02  25  478.71
213  15  1.834440e-02  25  464.99
216  15  1.883056e-02  25  461.44
213  3  3.448736e-02  25  468.65
213  6  2.082103e-02  25  469.26
210  18  1.842629e-02  25  478.21
216  6  1.863833e-02  25  466.14
219  12  1.551435e-02  25  466.48
198  3  2.229085e-02  25  511.32
219  15  1.939140e-02  25  469.75
216  3  2.163882e-02  25  487.37
213  18  2.081505e-02  25  502.87
24  15  1.204271e-01  25  154.73
216  18  1.916350e-02  25  499.26
216  9  1.924422e-02  25  501.71
219  9  1.838549e-02  25  480.32
24  12  1.178320e-01  25  166.00
24  9  1.058511e-01  25  156.71
219  6  1.928712e-02  25  488.13
24  6  6.584796e-02  25  159.47
219  3  2.162805e-02  25  492.30
210  3  2.431529e-02  25  533.75
24  3  1.126924e-01  25  173.79
219  18  1.773850e-02  25  514.33
24  18  1.558260e-01  25  193.28
222  12  2.458649e-02  25  447.06
222  3  2.700282e-02  25  435.23
222  15  1.922779e-02  25  440.92
27  15  1.046458e-01  25  151.65
30  12  1.166450e-01  25  144.20
27  12  6.627474e-02  25  155.78
27  9  1.154772e-01  25  156.17
30  15  5.859606e-02  25  151.66
222  6  2.045044e-02  25  446.95
27  6  7.592550e-02  25  165.72
30  9  6.913504e-02  25  148.10
27  3  1.070922e-01  25  179.09
27  18  6.612268e-02  25  184.18
222  18  1.622111e-02  25  515.09
222  9  2.256073e-02  25  466.31
33  6  1.110984e-01  25  150.61
30  6  6.462190e-02  25  174.75
33  15  1.156606e-01  25  160.50
33  12  7.726203e-02  25  167.79
30  3  6.853557e-02  25  185.71
225  15  1.732559e-02  25  466.77
30  18  5.605769e-02  25  196.47
36  12  8.326534e-02  25  158.95
36  15  1.133648e-01  25  158.01
36  9  6.101259e-02  25  156.62
36  6  6.275941e-02  25  160.26
33  18  9.126140e-02  25  183.58
225  6  1.671626e-02  25  450.90
33  9  5.856801e-02  25  174.77
225  12  1.707635e-02  25  488.90
36  3  5.665966e-02  25  181.91
228  3  2.653964e-02  25  444.13
33  3  9.092754e-02  25  190.51
39  12  7.390791e-02  25  164.08
39  15  5.864648e-02  25  162.03
3  12  1.582847e-01  25  97.19
36  18  5.017173e-02  25  194.59
3  15  1.250188e-01  25  98.72
231  6  2.103271e-02  25  452.38
225  9  1.746343e-02  25  476.79
3  9  1.911728e-01  25  93.62
225  3  2.681517e-02  25  490.84
228  6  2.210831e-02  25  475.30
228  12  1.846306e-02  25  488.36
228  15  1.881359e-02  25  483.88
3  6  4.711246e-01  25  114.38
228  9  2.101389e-02  25  481.66
225  18  2.001679e-02  25  512.97
234  15  1.593288e-02  25  474.85
231  15  1.683494e-02  25  484.40
39  6  5.878854e-02  25  183.08
3  3  4.992565e-01  25  130.45
3  18  7.996368e-02  25  137.78
237  6  1.683596e-02  25  473.75
228  18  1.935240e-02  25  508.86
231  9  2.411950e-02  25  495.17
234  12  1.776959e-02  25  495.67
231  12  1.866656e-02  25  505.97
39  9  8.488586e-02  25  158.44
39  3  8.944948e-02  25  203.87
39  18  5.204546e-02  25  212.94
234  6  1.709193e-02  25  498.38
234  3  2.761871e-02  25  508.97
237  15  1.766777e-02  25  509.65
42  15  4.901882e-02  25  151.53
231  3  2.731833e-02  25  526.76
237  9  1.831175e-02  25  505.65
234  9  2.450105e-02  25  516.25
240  12  2.107290e-02  25  504.25
42  12  5.131641e-02  25  155.54
231  18  1.772777e-02  25  534.47
237  12  1.882478e-02  25  518.32
237  3  2.515115e-02  25  515.00
45  15  5.498981e-02  25  145.46
240  6  1.821298e-02  25  498.81
243  12  1.815438e-02  25  498.13
234  18  1.741184e-02  25  541.29
237  18  1.744586e-02  25  528.47
243  15  1.717349e-02  25  496.13
240  3  2.405784e-02  25  508.31
45  12  6.287814e-02  25  154.63
42  6  3.493067e-02  25  160.46
42  9  5.847912e-02  25  167.24
48  15  5.710776e-02  25  156.30
240  15  2.054778e-02  25  530.36
45  6  4.495898e-02  25  164.08
48  9  4.524130e-02  25  149.27
240  18  1.802349e-02  25  535.31
48  12  3.506158e-02  25  165.92
240  9  1.781775e-02  25  529.71
42  18  8.696514e-02  25  197.53
45  9  5.876087e-02  25  169.85
42  3  5.125356e-02  25  200.85
249  15  1.681873e-02  25  508.67
243  9  1.450443e-02  25  528.66
48  6  4.485203e-02  25  165.80
243  3  2.550018e-02  25  537.30
45  18  6.074750e-02  25  191.99
246  3  3.116138e-02  25  532.34
246  6  1.667920e-02  25  531.25
51  15  5.220067e-02  25  175.76
246  15  1.805147e-02  25  537.75
51  12  6.097728e-02  25  177.74
243  18  1.678536e-02  25  546.89
246  12  2.393922e-02  25  547.08
51  9  5.268641e-02  25  175.25
54  12  3.273697e-02  25  171.61
54  6  4.167725e-02  25  158.30
48  3  6.572211e-02  25  195.38
249  18  1.718900e-02  25  541.16
45  3  5.970838e-02  25  211.94
54  15  5.184927e-02  25  173.29
54  9  4.233005e-02  25  165.23
243  6  1.834616e-02  25  567.50
48  18  2.807509e-02  25  207.35
246  9  1.961234e-02  25  555.99
57  15  3.071542e-02  25  165.33
246  18  1.787701e-02  25  562.82
51  6  8.998334e-02  25  191.98
51  3  6.933813e-02  25  196.22
252  12  1.857882e-02  25  537.55
51  18  5.151316e-02  25  201.12
60  12  3.785097e-02  25  160.71
249  12  2.002051e-02  25  565.21
252  15  1.757969e-02  25  542.23
60  15  7.209826e-02  25  160.60
57  12  4.277101e-02  25  184.26
57  9  5.267150e-02  25  170.49
258  15  1.815172e-02  25  525.23
54  3  4.660250e-02  25  198.42
57  6  4.171675e-02  25  173.69
252  6  2.103720e-02  25  546.47
258  6  2.246958e-02  25  513.11
252  9  1.699020e-02  25  546.36
255  15  1.752438e-02  25  545.35
54  18  4.312222e-02  25  207.89
249  9  1.717860e-02  25  574.59
255  12  2.380413e-02  25  553.95
6  12  2.091005e-01  25  130.76
6  15  1.061456e-01  25  131.53
60  9  2.704662e-02  25  175.48
6  6  3.965408e-01  25  122.24
261  15  1.781522e-02  25  530.86
63  15  3.465140e-02  25  174.35
57  3  5.260337e-02  25  200.62
63  9  3.619289e-02  25  170.79
60  3  5.130653e-02  25  197.35
252  3  2.221901e-02  25  577.64
66  12  3.971693e-02  25  173.42
60  18  3.729655e-02  25  199.89
252  18  1.746565e-02  25  579.25
63  12  4.705069e-02  25  186.88
6  9  2.531358e-01  25  135.39
249  6  2.422620e-02  25  604.16
264  15  1.687767e-02  25  528.32
60  6  4.527951e-02  25  195.60
57  18  5.424833e-02  25  214.79
255  9  2.312630e-02  25  564.31
6  3  4.264163e-01  25  141.27
66  15  4.847214e-02  25  179.39
63  6  4.117877e-02  25  187.74
66  6  3.264785e-02  25  175.13
255  18  1.638159e-02  25  583.62
261  6  1.592277e-02  25  552.58
264  6  2.455706e-02  25  543.58
69  12  4.328839e-02  25  174.82
258  3  2.515196e-02  25  581.59
6  18  1.070136e-01  25  166.04
63  18  3.111074e-02  25  207.54
69  15  4.961270e-02  25  179.45
249  3  2.285241e-02  25  630.35
63  3  5.251317e-02  25  209.02
258  12  1.700699e-02  25  590.77
66  3  3.573323e-02  25  203.49
69  9  4.364117e-02  25  184.81
255  3  2.077160e-02  25  602.13
66  9  4.250408e-02  25  193.30
261  3  2.261010e-02  25  575.62
258  9  2.101296e-02  25  587.72
255  6  2.403135e-02  25  607.69
264  9  1.384368e-02  25  567.48
72  15  2.697698e-02  25  178.63
69  6  4.166495e-02  25  200.96
261  12  1.594157e-02  25  594.17
66  18  4.304601e-02  25  224.31
261  9  1.709614e-02  25  585.31
72  9  3.958241e-02  25  176.72
69  3  5.056352e-02  25  206.57
72  6  3.371003e-02  25  185.15
69  18  5.038452e-02  25  210.56
72  12  4.812068e-02  25  191.48
267  15  1.844986e-02  25  578.06
258  18  1.604060e-02  25  623.28
267  18  1.721628e-02  25  586.23
75  12  2.947433e-02  25  186.12
264  12  1.764467e-02  25  600.61
267  12  2.219443e-02  25  592.77
72  3  3.390466e-02  25  203.06
78  12  3.995147e-02  25  182.78
261  18  1.696122e-02  25  616.97
264  18  1.713015e-02  25  609.08
75  15  3.059788e-02  25  200.87
81  15  2.757526e-02  25  180.24
75  6  4.118875e-02  25  198.62
75  9  3.240358e-02  25  198.14
264  3  4.158478e-02  25  617.11
75  3  5.316879e-02  25  204.62
72  18  3.234882e-02  25  225.36
78  15  3.802613e-02  25  200.46
267  3  3.874153e-02  25  614.27
78  9  3.202643e-02  25  194.74
81  12  3.134536e-02  25  193.91
267  9  2.043258e-02  25  606.36
270  12  1.635675e-02  25  602.83
78  6  4.922727e-02  25  202.68
267  6  1.530174e-02  25  619.30
81  9  4.395742e-02  25  186.72
9  9  2.706907e-01  25  120.39
9  15  1.630482e-01  25  128.13
270  15  1.729199e-02  25  607.99
78  3  4.646100e-02  25  211.64
270  9  1.587121e-02  25  601.80
84  15  3.386336e-02  25  190.17
9  3  3.947538e-01  25  127.49
9  6  4.715443e-01  25  127.39
84  12  2.434420e-02  25  193.00
81  6  3.226987e-02  25  199.69
270  3  3.021178e-02  25  610.05
75  18  5.452233e-02  25  227.89
9  12  1.644966e-01  25  139.95
81  3  3.496505e-02  25  205.92
270  6  1.692075e-02  25  611.86
78  18  3.421400e-02  25  225.08
270  18  1.723852e-02  25  627.10
87  12  4.026091e-02  25  202.83
81  18  2.916555e-02  25  225.37
87  6  3.640409e-02  25  204.72
87  9  4.103579e-02  25  204.44
84  3  3.921644e-02  25  220.37
87  15  3.024349e-02  25  209.23
90  9  4.245449e-02  25  195.33
84  9  3.311701e-02  25  213.81
84  6  2.309893e-02  25  216.45
90  12  3.321997e-02  25  205.76
93  15  2.786736e-02  25  199.56
90  6  2.456802e-02  25  205.95
93  6  2.759319e-02  25  201.12
87  3  3.610480e-02  25  223.29
9  18  8.044593e-02  25  178.66
96  15  3.721896e-02  25  203.41
96  12  2.680924e-02  25  204.45
93  12  3.288053e-02  25  215.46
93  9  3.299090e-02  25  205.81
90  15  2.647862e-02  25  220.37
87  18  3.115826e-02  25  234.27
90  3  3.083259e-02  25  223.35
93  3  3.090134e-02  25  218.62
99  15  2.600744e-02  25  208.02
84  18  2.719607e-02  25  255.94
99  12  3.161154e-02  25  212.42
96  9  2.385054e-02  25  214.13
96  6  3.135888e-02  25  219.07
90  18  4.163343e-02  25  241.25
93  18  3.170223e-02  25  236.52
99  9  3.212293e-02  25  215.38
96  3  4.458484e-02  25  236.82
99  6  3.055009e-02  25  229.66
99  3  4.665309e-02  25  235.80
96  18  2.364787e-02  25  253.02
99  18  2.507054e-02  25  264.00
# 1. n_LF  2. n_HF  3. error  4. n_optimization_restarts 5. time spent (min)
3  18  7.996651e-02  25  73.58
3  15  1.078682e-01  25  76.04
6  6  5.094709e-01  25  80.84
18  12  1.228563e-01  25  81.25
9  9  4.709557e-01  25  82.32
12  9  3.595370e-01  25  84.92
3  9  1.814719e-01  25  86.81
9  6  4.214063e-01  25  87.67
15  9  2.312305e-01  25  87.99
21  12  2.045948e-01  25  90.96
27  6  1.549245e-01  25  93.29
30  9  5.855257e-02  25  93.83
39  9  6.521485e-02  25  93.88
21  9  1.105985e-01  25  95.33
18  9  1.856748e-01  25  95.41
15  12  1.126635e-01  25  95.46
24  12  1.311404e-01  25  96.17
18  6  2.295510e-01  25  96.73
24  9  9.268666e-02  25  96.81
27  9  6.381806e-02  25  97.00
15  15  1.665686e-01  25  97.85
24  6  7.893890e-02  25  98.13
33  9  7.861019e-02  25  98.37
36  6  6.621763e-02  25  98.93
42  15  5.771871e-02  25  99.08
33  12  1.209389e-01  25  99.34
24  15  2.068438e-01  25  99.39
33  6  5.997729e-02  25  99.50
45  9  8.160380e-02  25  99.53
18  15  1.175009e-01  25  99.66
27  18  7.766381e-02  25  99.76
36  9  5.790832e-02  25  99.83
27  12  7.224556e-02  25  100.04
9  12  2.414015e-01  25  100.16
27  15  7.144014e-02  25  100.40
36  12  9.041020e-02  25  100.77
39  15  3.930945e-02  25  101.07
42  12  5.331708e-02  25  101.12
24  18  7.583289e-02  25  101.35
18  18  7.796935e-02  25  101.57
21  18  7.058283e-02  25  101.67
39  6  6.259992e-02  25  101.70
21  15  9.555435e-02  25  101.82
33  15  1.199248e-01  25  101.92
51  12  4.711512e-02  25  102.05
51  9  4.414524e-02  25  102.26
57  9  5.198690e-02  25  102.40
39  12  5.420430e-02  25  102.53
9  18  8.876752e-02  25  103.18
54  12  3.944379e-02  25  103.21
30  6  6.620238e-02  25  103.44
30  15  1.198341e-01  25  103.61
21  6  8.031348e-02  25  103.72
54  6  5.157241e-02  25  103.75
30  18  1.535717e-01  25  103.86
48  9  4.492290e-02  25  103.91
45  12  7.327223e-02  25  104.63
48  12  3.634572e-02  25  104.74
48  15  5.195597e-02  25  105.41
54  9  4.770993e-02  25  106.40
33  18  1.005231e-01  25  106.67
69  12  3.715433e-02  25  106.96
12  15  1.719949e-01  25  107.05
42  6  7.971679e-02  25  107.10
39  18  4.355496e-02  25  107.15
63  12  3.745854e-02  25  107.25
57  12  3.247195e-02  25  107.33
45  6  5.403223e-02  25  107.69
60  9  5.836932e-02  25  107.87
36  18  6.660819e-02  25  107.88
69  9  3.257901e-02  25  108.59
57  15  3.623757e-02  25  109.33
3  12  1.262388e-01  25  109.39
51  15  3.738142e-02  25  109.46
9  15  1.333778e-01  25  109.48
63  6  3.500391e-02  25  110.03
48  6  5.689836e-02  25  110.14
69  15  5.695249e-02  25  110.34
51  18  4.723758e-02  25  110.37
66  6  4.046269e-02  25  110.86
12  18  1.084511e-01  25  111.02
51  6  4.225844e-02  25  111.10
63  9  4.672377e-02  25  111.25
42  18  4.731000e-02  25  112.00
45  15  4.586658e-02  25  112.02
60  12  3.551939e-02  25  112.17
66  12  4.673710e-02  25  112.38
54  18  3.546576e-02  25  112.62
60  15  6.801267e-02  25  112.66
54  15  5.508859e-02  25  112.91
72  9  3.158786e-02  25  113.21
66  9  3.873411e-02  25  114.00
84  12  2.971374e-02  25  114.11
72  6  3.352655e-02  25  114.51
72  18  4.699087e-02  25  115.07
75  15  3.239649e-02  25  115.20
90  9  3.879160e-02  25  115.21
69  6  3.732859e-02  25  115.21
81  9  4.449916e-02  25  115.22
78  9  3.498441e-02  25  115.27
75  9  4.246768e-02  25  115.34
72  15  3.866247e-02  25  115.40
63  15  3.261733e-02  25  115.68
75  12  4.130044e-02  25  115.73
57  6  4.862796e-02  25  116.12
66  15  3.678346e-02  25  116.15
60  18  4.662902e-02  25  116.46
66  18  4.308759e-02  25  116.56
63  18  4.520515e-02  25  116.63
84  9  4.297261e-02  25  117.06
69  18  2.383737e-02  25  117.69
45  18  7.704759e-02  25  117.75
87  9  3.723276e-02  25  118.10
75  6  3.252336e-02  25  119.20
99  9  3.044620e-02  25  119.65
87  6  3.143201e-02  25  119.93
78  12  3.867861e-02  25  120.38
81  12  4.332147e-02  25  120.94
75  18  4.320974e-02  25  121.06
81  15  2.063303e-02  25  122.50
90  6  3.815643e-02  25  123.21
81  18  4.473670e-02  25  123.42
93  12  2.512972e-02  25  123.65
84  15  3.465335e-02  25  124.03
90  15  2.987611e-02  25  124.15
90  12  2.459991e-02  25  124.32
78  18  2.560881e-02  25  124.57
87  15  3.460708e-02  25  125.49
93  9  3.251391e-02  25  125.79
87  18  3.052751e-02  25  125.83
90  18  3.279580e-02  25  126.10
84  18  4.146347e-02  25  126.31
96  9  2.821235e-02  25  126.64
78  15  2.299324e-02  25  126.89
99  12  3.538799e-02  25  126.99
96  12  2.891767e-02  25  127.00
84  6  4.381391e-02  25  127.36
108  9  3.413511e-02  25  127.76
93  18  2.635902e-02  25  129.54
114  12  2.525224e-02  25  130.56
96  15  2.985640e-02  25  130.72
93  6  2.601577e-02  25  130.75
105  12  2.802378e-02  25  130.82
96  18  3.399329e-02  25  131.18
105  9  2.793375e-02  25  131.25
99  6  3.342555e-02  25  131.54
111  9  3.081519e-02  25  131.77
102  9  2.915153e-02  25  131.92
102  6  2.288936e-02  25  131.98
102  15  2.768169e-02  25  132.73
102  12  3.046915e-02  25  132.94
108  6  2.378229e-02  25  133.58
99  15  2.309409e-02  25  133.84
99  18  1.956517e-02  25  134.04
96  6  3.447596e-02  25  134.58
111  12  3.326660e-02  25  135.11
120  9  2.882569e-02  25  135.28
102  18  2.861174e-02  25  135.31
105  18  2.774395e-02  25  135.36
108  12  3.007692e-02  25  135.56
105  15  2.532435e-02  25  135.61
117  9  2.042563e-02  25  136.59
105  6  3.738429e-02  25  136.81
114  9  3.174414e-02  25  137.25
108  15  3.055101e-02  25  137.28
123  9  2.383782e-02  25  138.56
111  6  3.302682e-02  25  138.75
108  18  3.037920e-02  25  139.05
117  6  3.176999e-02  25  139.19
120  12  2.445166e-02  25  139.69
6  18  8.025595e-02  25  140.10
111  15  3.020004e-02  25  140.26
114  15  2.592740e-02  25  140.90
117  12  2.632816e-02  25  141.87
114  18  2.685647e-02  25  141.88
123  12  2.730440e-02  25  142.18
120  15  2.949275e-02  25  142.40
111  18  2.455687e-02  25  142.98
117  15  3.191274e-02  25  143.56
129  12  1.940781e-02  25  143.57
120  6  2.606715e-02  25  143.69
120  18  2.850365e-02  25  144.18
114  6  2.942463e-02  25  144.25
129  9  2.531788e-02  25  144.26
126  12  2.184168e-02  25  144.37
117  18  2.987389e-02  25  145.10
126  9  1.814665e-02  25  145.57
132  9  2.309681e-02  25  146.31
123  15  2.316957e-02  25  147.10
132  12  2.510090e-02  25  147.78
129  6  3.322722e-02  25  148.25
135  9  2.275820e-02  25  148.76
123  6  3.160662e-02  25  149.82
126  18  1.861321e-02  25  150.16
126  6  2.741006e-02  25  150.80
81  6  3.888023e-02  25  152.43
126  15  2.463397e-02  25  152.46
132  15  2.425600e-02  25  152.66
141  9  2.477804e-02  25  153.19
123  18  1.928727e-02  25  153.22
144  9  2.968536e-02  25  153.40
138  9  2.509431e-02  25  153.65
129  18  2.982340e-02  25  154.33
129  15  2.157305e-02  25  154.69
135  12  2.407615e-02  25  154.72
138  6  2.939330e-02  25  155.02
132  18  2.309484e-02  25  155.38
132  6  2.617675e-02  25  155.49
138  12  2.320469e-02  25  155.84
141  12  2.754585e-02  25  156.48
135  15  2.255555e-02  25  156.50
135  6  2.089135e-02  25  157.53
138  15  2.375516e-02  25  157.65
135  18  2.184223e-02  25  158.02
144  12  2.839563e-02  25  158.30
141  6  2.558170e-02  25  158.78
138  18  2.050654e-02  25  159.10
150  12  2.684439e-02  25  160.23
150  9  2.749546e-02  25  161.83
144  15  2.531578e-02  25  162.00
141  18  2.409216e-02  25  163.11
147  6  2.417953e-02  25  163.63
147  12  1.777152e-02  25  163.74
147  18  2.066711e-02  25  164.98
144  18  2.212581e-02  25  166.26
150  15  2.035864e-02  25  167.04
6  12  1.552157e-01  25  167.61
150  6  2.751283e-02  25  167.66
147  15  1.895635e-02  25  167.92
150  18  2.531598e-02  25  168.05
99  3  3.536718e-02  25  173.62
6  15  1.796619e-01  25  224.40
87  12  2.977495e-02  25  230.99
144  6  2.927462e-02  25  232.46
78  6  4.844336e-02  25  232.55
15  6  2.549585e-01  25  236.77
12  6  2.052906e-01  25  276.17
252  12  1.807600e-02  25  296.92
252  9  1.731354e-02  25  297.97
252  15  1.780538e-02  25  299.51
252  18  1.833503e-02  25  299.59
258  9  2.307837e-02  25  301.02
255  9  1.658007e-02  25  304.11
264  12  1.713146e-02  25  304.16
153  12  2.597328e-02  25  167.97
264  9  1.704213e-02  25  307.55
255  12  1.909250e-02  25  307.98
255  15  1.733535e-02  25  309.12
156  9  2.316247e-02  25  171.77
258  6  1.705569e-02  25  309.37
261  9  2.136603e-02  25  309.61
153  9  1.974608e-02  25  172.58
156  12  2.442690e-02  25  172.81
258  12  1.822543e-02  25  310.47
258  18  1.815646e-02  25  310.86
153  15  2.521838e-02  25  173.63
264  6  1.837302e-02  25  311.70
258  15  1.778368e-02  25  311.97
159  9  2.197503e-02  25  174.56
261  15  1.866930e-02  25  312.15
159  12  2.547504e-02  25  175.12
255  18  1.676880e-02  25  313.16
162  9  1.684652e-02  25  176.22
159  6  3.079433e-02  25  177.07
153  18  2.151052e-02  25  177.19
162  15  2.132189e-02  25  177.40
168  9  2.423421e-02  25  177.43
156  15  2.160328e-02  25  177.56
261  6  1.607004e-02  25  315.06
156  18  1.993141e-02  25  178.18
261  18  1.768821e-02  25  315.63
264  15  1.782670e-02  25  315.67
156  6  2.634510e-02  25  178.50
255  6  1.688319e-02  25  316.35
159  18  2.402090e-02  25  179.52
264  18  1.698569e-02  25  316.98
267  9  2.190383e-02  25  317.40
162  18  2.555804e-02  25  180.17
168  12  2.089824e-02  25  181.10
162  6  2.099758e-02  25  181.96
165  9  1.946087e-02  25  182.34
165  12  1.986228e-02  25  182.41
270  12  1.666564e-02  25  320.53
267  6  2.157167e-02  25  320.68
159  15  2.368680e-02  25  183.34
168  15  1.986862e-02  25  183.73
174  9  2.274558e-02  25  183.92
171  9  2.464612e-02  25  184.40
165  18  1.819915e-02  25  184.41
165  6  2.377086e-02  25  184.49
168  6  2.274075e-02  25  185.18
267  15  1.732470e-02  25  322.65
270  9  1.619990e-02  25  323.10
174  12  1.840914e-02  25  185.79
171  6  2.592049e-02  25  185.83
267  12  1.421848e-02  25  323.27
168  18  2.399916e-02  25  186.82
270  15  1.698459e-02  25  324.29
270  18  1.641015e-02  25  325.02
270  6  1.619710e-02  25  325.26
171  12  1.868038e-02  25  187.83
174  15  2.338221e-02  25  188.24
171  15  1.929415e-02  25  189.50
267  18  1.782231e-02  25  327.51
171  18  1.838638e-02  25  190.96
174  18  2.399796e-02  25  191.64
174  6  2.360158e-02  25  193.77
177  6  1.762290e-02  25  193.88
177  12  2.145902e-02  25  191.28
180  12  2.501884e-02  25  193.21
177  15  1.905354e-02  25  195.56
183  12  2.184125e-02  25  196.91
180  9  2.309421e-02  25  200.64
162  12  1.844993e-02  25  204.04
177  18  1.756443e-02  25  200.80
180  15  2.135338e-02  25  201.24
180  18  2.188146e-02  25  202.36
183  15  1.880924e-02  25  203.24
189  9  2.042459e-02  25  203.45
186  9  1.823801e-02  25  204.14
153  6  2.652321e-02  25  207.56
180  6  2.055331e-02  25  204.43
186  12  1.996097e-02  25  206.45
189  12  1.606274e-02  25  207.39
186  15  2.083471e-02  25  207.85
186  18  2.113293e-02  25  208.04
186  6  1.898762e-02  25  208.28
183  18  2.071872e-02  25  208.45
189  15  1.968377e-02  25  211.60
189  6  2.174505e-02  25  212.39
189  18  1.900999e-02  25  213.08
195  9  1.731145e-02  25  214.73
198  9  1.955510e-02  25  216.30
195  12  2.131065e-02  25  216.54
195  18  2.257015e-02  25  216.57
192  9  2.471870e-02  25  216.62
198  18  2.103408e-02  25  218.97
192  18  2.038310e-02  25  219.05
183  6  2.839573e-02  25  219.58
201  12  2.497735e-02  25  220.00
198  6  2.146288e-02  25  220.11
192  15  2.100740e-02  25  220.35
198  12  2.038609e-02  25  220.93
198  15  1.883231e-02  25  221.77
192  12  2.138243e-02  25  221.86
201  6  2.635814e-02  25  221.97
195  6  2.128844e-02  25  222.34
192  6  1.797166e-02  25  222.65
30  12  7.253771e-02  25  366.57
204  9  2.281773e-02  25  226.24
201  15  2.164399e-02  25  229.10
201  18  1.958124e-02  25  230.22
204  12  2.128674e-02  25  231.61
207  9  2.430553e-02  25  232.57
204  15  1.845178e-02  25  233.43
207  15  2.087443e-02  25  234.83
201  9  2.048798e-02  25  235.97
210  12  1.993502e-02  25  236.26
210  9  2.148832e-02  25  236.59
204  6  2.599390e-02  25  236.83
216  9  1.873641e-02  25  237.47
210  6  2.733441e-02  25  238.28
207  6  1.927537e-02  25  239.33
204  18  1.750153e-02  25  239.38
207  18  1.773050e-02  25  239.72
210  15  1.655481e-02  25  240.47
210  18  2.240959e-02  25  241.86
216  12  1.772671e-02  25  242.45
213  9  1.963623e-02  25  242.81
219  9  1.771701e-02  25  243.01
213  18  1.980490e-02  25  243.27
213  12  1.836190e-02  25  245.05
213  15  1.667123e-02  25  245.33
213  6  2.410074e-02  25  245.85
216  15  1.871034e-02  25  246.35
63  3  4.322012e-02  25  387.70
222  12  2.041358e-02  25  246.84
216  18  1.950234e-02  25  247.66
222  15  1.960654e-02  25  248.98
219  18  1.934997e-02  25  249.55
216  6  2.237519e-02  25  249.56
219  15  1.812571e-02  25  251.05
225  12  2.145766e-02  25  251.16
222  9  1.627836e-02  25  251.28
219  12  1.870113e-02  25  252.07
219  6  2.022383e-02  25  252.13
222  6  2.347213e-02  25  252.90
222  18  1.834359e-02  25  255.07
225  15  1.934059e-02  25  255.58
225  9  1.844926e-02  25  256.12
225  18  2.143764e-02  25  257.23
225  6  1.632197e-02  25  258.06
228  9  2.241684e-02  25  257.32
228  12  1.645941e-02  25  264.44
228  6  2.091159e-02  25  265.54
228  18  1.766584e-02  25  267.07
228  15  1.906935e-02  25  269.68
234  9  1.939814e-02  25  269.75
195  15  1.831560e-02  25  275.87
234  15  1.907411e-02  25  273.90
231  12  2.164387e-02  25  273.99
231  18  1.836991e-02  25  274.07
237  9  2.110962e-02  25  275.69
234  12  1.701974e-02  25  276.11
234  18  1.961312e-02  25  276.61
231  15  1.781211e-02  25  277.40
240  15  2.023973e-02  25  278.65
237  12  2.255330e-02  25  279.33
231  6  1.876704e-02  25  280.48
240  12  1.872397e-02  25  280.80
237  18  1.919369e-02  25  282.82
237  6  2.438935e-02  25  283.41
234  6  2.402564e-02  25  283.62
237  15  1.856752e-02  25  284.80
240  9  1.612846e-02  25  285.17
240  6  1.761342e-02  25  285.25
240  18  1.845340e-02  25  286.02
177  9  1.883201e-02  25  289.15
243  9  1.944510e-02  25  287.04
246  9  1.627712e-02  25  288.57
243  12  1.827081e-02  25  292.19
243  18  1.939643e-02  25  292.31
243  15  1.930129e-02  25  293.60
246  6  2.171276e-02  25  293.61
246  15  1.928704e-02  25  294.14
246  12  1.807360e-02  25  296.05
249  6  1.788667e-02  25  296.29
246  18  1.723884e-02  25  296.93
249  12  1.691474e-02  25  296.96
243  6  2.205602e-02  25  296.99
249  9  1.604754e-02  25  299.46
249  18  1.683126e-02  25  300.61
249  15  1.788567e-02  25  301.68
252  6  2.264671e-02  25  301.75
57  18  4.522858e-02  25  556.32
207  12  2.306046e-02  25  574.64
174  3  2.332934e-02  25  831.17
12  12  4.261478e-01  25  116.77
15  3  1.953286e-01  25  129.31
6  3  3.270147e-01  25  128.36
6  9  3.361955e-01  25  128.95
9  3  3.293142e-01  25  129.81
12  3  3.749529e-01  25  138.67
3  6  4.587922e-01  25  144.39
3  3  5.661934e-01  25  147.71
42  9  6.602757e-02  25  166.67
21  3  8.541392e-02  25  166.97
24  3  6.850564e-02  25  173.93
72  12  3.922558e-02  25  176.13
18  3  1.220686e-01  25  180.50
15  18  1.040979e-01  25  181.08
36  15  8.512258e-02  25  181.61
30  3  7.702288e-02  25  182.09
27  3  7.312708e-02  25  182.63
72  3  7.187610e-02  25  179.65
60  6  5.859149e-02  25  180.00
75  3  5.071591e-02  25  188.12
93  15  2.761095e-02  25  188.53
60  3  4.723700e-02  25  191.91
42  3  1.133510e-01  25  193.43
78  3  4.473813e-02  25  192.73
66  3  5.381868e-02  25  193.59
69  3  4.615391e-02  25  197.89
57  3  7.313564e-02  25  203.60
48  3  5.912358e-02  25  203.89
81  3  3.774899e-02  25  200.72
45  3  6.551781e-02  25  204.93
84  3  4.297349e-02  25  203.16
33  3  7.199208e-02  25  209.30
39  3  7.613762e-02  25  209.78
87  3  3.894560e-02  25  208.06
51  3  4.157034e-02  25  211.93
48  18  5.531840e-02  25  214.08
90  3  3.143452e-02  25  212.49
96  3  4.247281e-02  25  213.64
36  3  8.125886e-02  25  217.81
54  3  5.074273e-02  25  224.43
102  3  5.165960e-02  25  224.62
93  3  3.459210e-02  25  222.03
105  3  3.902075e-02  25  229.59
111  3  3.236441e-02  25  239.21
108  3  4.312555e-02  25  242.25
120  3  3.311711e-02  25  247.57
114  3  2.990932e-02  25  254.53
117  3  3.854968e-02  25  255.71
132  3  4.011644e-02  25  258.93
123  3  2.956709e-02  25  262.88
147  9  2.244762e-02  25  264.77
141  15  2.961441e-02  25  266.16
135  3  3.105467e-02  25  269.68
138  3  2.685345e-02  25  271.37
126  3  3.595338e-02  25  272.28
129  3  3.168645e-02  25  276.23
147  3  4.007397e-02  25  281.07
150  3  2.904294e-02  25  281.96
141  3  3.343574e-02  25  286.80
144  3  3.011942e-02  25  287.80
156  3  3.674272e-02  25  290.33
153  3  2.534153e-02  25  295.39
159  3  2.928614e-02  25  317.59
165  15  2.013668e-02  25  338.16
162  3  3.170911e-02  25  352.39
168  3  3.071404e-02  25  366.66
165  3  2.848637e-02  25  367.30
183  9  2.105596e-02  25  372.65
171  3  3.859594e-02  25  387.18
177  3  2.724959e-02  25  404.30
186  3  2.783945e-02  25  406.86
189  3  2.310144e-02  25  413.38
180  3  2.416698e-02  25  419.54
183  3  2.877067e-02  25  424.67
192  3  3.475236e-02  25  430.18
201  3  3.339931e-02  25  430.59
195  3  2.541291e-02  25  437.62
204  3  2.380920e-02  25  438.83
198  3  2.443917e-02  25  442.98
210  3  3.287442e-02  25  448.54
207  3  2.597575e-02  25  455.96
216  3  3.460983e-02  25  461.63
213  3  2.294306e-02  25  465.00
225  3  3.299685e-02  25  485.84
222  3  2.310932e-02  25  486.04
219  3  2.289781e-02  25  487.32
228  3  3.351033e-02  25  497.62
231  9  1.716024e-02  25  497.65
231  3  3.230884e-02  25  503.63
240  3  3.213377e-02  25  527.14
234  3  3.664516e-02  25  527.86
237  3  2.657549e-02  25  531.87
246  3  2.135913e-02  25  565.47
243  3  2.180417e-02  25  572.65
252  3  2.169306e-02  25  576.59
249  3  2.574953e-02  25  576.66
261  12  1.557645e-02  25  578.59
261  3  2.570542e-02  25  594.06
258  3  2.134326e-02  25  594.38
255  3  2.192085e-02  25  595.84
264  3  2.372355e-02  25  600.24
270  3  2.976670e-02  25  617.69
267  3  2.092425e-02  25  623.88

