# 1. n_LF  2. n_HF  3. error  4. n_optimization_restarts 5. time spent (min)
3  12  3.488995e-01  20  64.26
3  15  5.132335e-01  20  67.84
3  9  5.861377e-01  20  72.67
3  3  6.497035e-01  20  73.47
3  6  7.844241e-01  20  74.42
9  12  5.711191e-01  20  77.15
3  24  4.225553e-01  20  78.01
15  3  5.798098e-01  20  79.16
6  6  4.536581e+00  20  79.30
12  12  5.878615e-01  20  79.32
3  21  4.845086e-01  20  79.86
6  9  4.775733e-01  20  80.84
9  9  7.618881e-01  20  81.32
24  18  4.381259e-01  20  81.45
27  12  3.306356e-01  20  81.48
3  27  3.232418e-01  20  81.92
12  9  6.568940e-01  20  82.20
15  9  3.661825e-01  20  82.96
9  6  6.817549e-01  20  83.53
33  9  2.523762e-01  20  83.72
24  6  3.261785e-01  20  83.87
18  9  6.420361e-01  20  84.08
15  15  4.605721e-01  20  84.27
9  18  4.082779e-01  20  84.27
48  9  2.557873e-01  20  84.51
21  12  4.247606e-01  20  84.65
18  12  4.604435e-01  20  84.92
15  12  5.425215e-01  20  84.95
30  15  1.694207e-01  20  86.02
42  9  2.683257e-01  20  86.62
6  21  3.711977e-01  20  86.75
39  15  2.855849e-01  20  86.78
18  6  7.213933e-01  20  87.07
18  15  9.716898e-01  20  87.27
18  18  4.984551e-01  20  87.38
12  6  6.028729e-01  20  87.45
3  18  4.051820e-01  20  87.53
6  18  3.749325e-01  20  87.93
6  3  7.435319e-01  20  88.02
30  21  2.069903e-01  20  88.07
9  3  1.106599e+00  20  88.21
45  15  2.854195e-01  20  88.32
30  9  3.184513e-01  20  88.45
51  6  1.453192e-01  20  88.69
27  6  5.290127e-01  20  88.75
15  6  4.953207e-01  20  88.77
33  15  2.445291e-01  20  89.06
21  15  7.585701e-01  20  89.41
60  15  1.794127e-01  20  89.43
24  9  4.483206e-01  20  89.73
30  12  4.217697e-01  20  89.75
48  12  1.754047e-01  20  89.89
33  12  2.069253e-01  20  89.90
21  9  3.527459e-01  20  90.01
60  12  2.610260e-01  20  90.22
33  6  2.426027e-01  20  90.36
36  12  2.146415e-01  20  90.37
24  15  3.603248e-01  20  90.37
24  12  2.334962e-01  20  90.48
60  9  1.115150e-01  20  90.81
12  3  3.727933e-01  20  91.11
27  18  2.331529e-01  20  91.35
21  6  5.500101e-01  20  91.42
27  9  3.159887e-01  20  91.44
27  15  3.106076e-01  20  91.67
30  6  3.940580e-01  20  91.72
36  27  1.992331e-01  20  91.88
36  15  2.677869e-01  20  91.90
42  15  2.385688e-01  20  91.93
21  18  5.398807e-01  20  91.98
21  21  3.095325e-01  20  92.06
42  18  2.127270e-01  20  92.13
39  6  1.729997e-01  20  92.16
63  9  2.677053e-01  20  92.19
45  12  2.334688e-01  20  92.22
36  18  2.322136e-01  20  92.31
57  6  2.276357e-01  20  92.38
27  3  2.385020e-01  20  92.56
39  27  1.929752e-01  20  92.58
36  9  2.521808e-01  20  92.60
45  9  2.243917e-01  20  92.69
39  12  2.339573e-01  20  92.72
48  18  1.817204e-01  20  93.30
24  3  5.262233e-01  20  93.66
42  6  2.188255e-01  20  93.70
21  3  4.508911e-01  20  93.73
63  12  1.331396e-01  20  93.73
30  18  4.595325e-01  20  93.75
57  9  1.672254e-01  20  93.83
30  24  2.077210e-01  20  93.90
54  15  1.740770e-01  20  93.95
33  18  2.218628e-01  20  93.95
54  6  2.241357e-01  20  94.09
54  9  2.456508e-01  20  94.19
48  6  2.262788e-01  20  94.40
18  3  5.279156e-01  20  94.60
27  21  3.728570e-01  20  94.69
48  15  1.993199e-01  20  94.73
27  24  2.031732e-01  20  94.89
33  3  2.933821e-01  20  94.98
54  24  1.732990e-01  20  95.10
36  21  2.093528e-01  20  95.22
54  12  1.878293e-01  20  95.25
36  6  2.627197e-01  20  95.31
42  24  2.841936e-01  20  95.33
51  18  1.547594e-01  20  95.42
36  3  2.062577e-01  20  95.77
51  9  2.673489e-01  20  95.84
39  9  2.608301e-01  20  96.12
45  18  2.122788e-01  20  96.14
42  3  3.605465e-01  20  96.44
33  21  3.801406e-01  20  96.57
66  12  1.185212e-01  20  96.68
30  3  4.164898e-01  20  96.71
45  6  3.602500e-01  20  96.76
33  27  2.627366e-01  20  96.82
57  18  2.293798e-01  20  96.85
48  27  1.793814e-01  20  96.97
51  12  2.510460e-01  20  97.13
72  12  2.309438e-01  20  97.17
9  15  4.727713e-01  20  97.22
45  3  2.084945e-01  20  97.46
75  3  1.635489e-01  20  97.47
69  12  1.753584e-01  20  97.47
54  18  1.615119e-01  20  97.69
39  24  2.783776e-01  20  97.91
39  3  2.165200e-01  20  97.95
57  12  1.705052e-01  20  97.98
51  15  1.995645e-01  20  97.99
24  21  6.743969e-01  20  98.03
57  3  2.539363e-01  20  98.07
69  9  1.469542e-01  20  98.13
51  21  1.561044e-01  20  98.24
42  27  2.221559e-01  20  98.36
27  27  2.314815e-01  20  98.48
45  24  2.048120e-01  20  98.50
30  27  2.591062e-01  20  98.59
48  3  1.616001e-01  20  98.64
75  12  1.472340e-01  20  98.64
60  3  2.163827e-01  20  98.77
81  9  1.178748e-01  20  99.03
45  21  3.305034e-01  20  99.08
60  18  1.267909e-01  20  99.14
78  9  1.170971e-01  20  99.28
6  12  4.200161e-01  20  99.39
57  15  1.740382e-01  20  99.42
6  27  3.242605e-01  20  99.52
69  18  1.722597e-01  20  99.80
54  21  2.867152e-01  20  99.96
84  9  1.016767e-01  20  100.22
63  15  1.595382e-01  20  100.37
69  15  1.393123e-01  20  100.46
57  27  1.468310e-01  20  100.51
9  21  3.195246e-01  20  100.56
84  12  1.105772e-01  20  100.69
72  6  1.616497e-01  20  100.72
48  21  1.609294e-01  20  100.75
63  18  2.095795e-01  20  100.80
81  12  2.155916e-01  20  100.97
66  6  1.802432e-01  20  100.98
12  21  5.013089e-01  20  101.03
63  6  2.058661e-01  20  101.04
39  21  2.090188e-01  20  101.05
60  6  1.665328e-01  20  101.09
51  27  2.124614e-01  20  101.13
66  15  1.236787e-01  20  101.15
51  3  2.033507e-01  20  101.18
78  12  1.478535e-01  20  101.24
54  27  2.472160e-01  20  101.58
36  24  2.740029e-01  20  101.75
42  12  2.146376e-01  20  101.90
72  9  1.800672e-01  20  101.90
75  6  1.794271e-01  20  102.11
66  18  1.774983e-01  20  102.19
39  18  1.411289e-01  20  102.30
6  15  3.269768e-01  20  102.48
69  6  1.354443e-01  20  102.59
66  3  2.728632e-01  20  102.62
66  9  1.947222e-01  20  102.70
72  15  1.782796e-01  20  102.78
33  24  2.394285e-01  20  103.00
12  18  4.395362e-01  20  103.06
72  18  1.166983e-01  20  103.17
87  12  9.713520e-02  20  103.20
48  24  1.522473e-01  20  103.20
57  24  1.428574e-01  20  103.30
84  18  1.285221e-01  20  103.34
6  24  3.331998e-01  20  103.44
60  21  1.792699e-01  20  103.80
75  21  1.571645e-01  20  103.81
9  24  3.890953e-01  20  103.97
42  21  4.108151e-01  20  103.97
69  27  2.568689e-01  20  104.07
63  24  2.279774e-01  20  104.56
75  9  1.642109e-01  20  104.66
72  3  1.174801e-01  20  104.67
81  18  1.602503e-01  20  104.68
21  24  4.320047e-01  20  104.75
66  24  2.126921e-01  20  104.97
60  24  1.467529e-01  20  104.98
21  27  3.482446e-01  20  104.99
69  24  2.033542e-01  20  105.14
24  27  2.950341e-01  20  105.51
78  15  1.599807e-01  20  105.52
69  3  2.052789e-01  20  105.82
24  24  3.169025e-01  20  105.86
78  18  1.970965e-01  20  105.92
60  27  1.358573e-01  20  105.93
90  12  1.420492e-01  20  106.38
12  27  3.564017e-01  20  106.41
15  18  3.501533e-01  20  106.42
81  15  1.857991e-01  20  106.45
15  24  3.736773e-01  20  106.58
66  27  1.582389e-01  20  106.68
93  12  1.218381e-01  20  106.99
78  6  1.590663e-01  20  107.08
84  15  1.220573e-01  20  107.23
57  21  2.222406e-01  20  107.31
78  27  1.551979e-01  20  107.37
12  24  3.708414e-01  20  107.52
93  18  1.770555e-01  20  107.58
84  21  9.418289e-02  20  107.67
78  21  1.092478e-01  20  107.78
102  9  1.465875e-01  20  107.84
9  27  3.920653e-01  20  107.89
99  9  1.483196e-01  20  107.92
72  27  1.126236e-01  20  108.01
93  9  1.415337e-01  20  108.05
81  24  1.603284e-01  20  108.08
84  6  1.499627e-01  20  108.15
12  15  6.365524e-01  20  108.35
81  21  1.730781e-01  20  108.37
45  27  1.909708e-01  20  108.43
63  21  1.597497e-01  20  108.50
90  18  2.044573e-01  20  108.54
54  3  2.167649e-01  20  108.59
81  27  1.166805e-01  20  108.69
66  21  1.556575e-01  20  108.85
72  24  1.329391e-01  20  108.87
87  9  1.543157e-01  20  108.98
75  27  2.075413e-01  20  109.07
90  9  1.076453e-01  20  109.19
51  24  1.796484e-01  20  109.20
84  24  1.254976e-01  20  109.23
75  24  1.192486e-01  20  109.27
63  3  2.164646e-01  20  109.90
96  9  1.215775e-01  20  110.22
72  21  1.382487e-01  20  110.28
69  21  1.899104e-01  20  110.42
87  21  1.365414e-01  20  110.55
90  15  1.360437e-01  20  110.71
18  24  4.063361e-01  20  110.76
96  18  1.928907e-01  20  111.08
81  3  1.805705e-01  20  111.31
78  3  1.294898e-01  20  111.38
87  15  1.421399e-01  20  111.60
93  15  1.229081e-01  20  111.93
15  21  4.526315e-01  20  111.94
18  21  4.412693e-01  20  112.00
15  27  3.050518e-01  20  112.34
105  12  1.111068e-01  20  112.38
18  27  4.347835e-01  20  112.60
87  24  1.144251e-01  20  112.67
96  12  1.442405e-01  20  112.73
78  24  2.095724e-01  20  112.82
87  6  1.409711e-01  20  112.98
84  3  1.141139e-01  20  113.10
90  24  1.743836e-01  20  113.32
99  12  1.384026e-01  20  113.34
93  6  9.536700e-02  20  113.46
90  21  1.712004e-01  20  113.55
99  18  1.661534e-01  20  114.19
96  21  1.673878e-01  20  114.36
90  6  1.514904e-01  20  114.47
102  18  1.586485e-01  20  114.60
93  27  1.620985e-01  20  115.23
105  18  1.418912e-01  20  115.46
96  27  1.602104e-01  20  115.73
75  18  1.214241e-01  20  116.24
102  12  1.314010e-01  20  116.36
96  24  1.510670e-01  20  116.36
81  6  1.949271e-01  20  116.43
114  9  1.059273e-01  20  116.57
93  24  2.088726e-01  20  116.72
96  15  1.440495e-01  20  116.76
105  9  1.452522e-01  20  116.91
108  21  7.989136e-02  20  117.04
99  21  1.266755e-01  20  117.22
99  15  1.394531e-01  20  117.30
108  18  1.031003e-01  20  117.59
96  6  1.215360e-01  20  118.08
87  18  8.131192e-02  20  118.12
87  27  1.482375e-01  20  118.15
99  27  1.383043e-01  20  118.19
111  12  9.727580e-02  20  118.36
108  9  1.553390e-01  20  118.84
105  6  1.316235e-01  20  118.88
87  3  1.712525e-01  20  118.95
108  15  1.059065e-01  20  119.25
99  6  9.178721e-02  20  119.28
63  27  1.171973e-01  20  119.63
102  6  1.228878e-01  20  119.69
105  21  1.130033e-01  20  119.74
105  15  1.498128e-01  20  120.43
99  3  1.572099e-01  20  120.70
111  15  1.100334e-01  20  120.88
108  27  1.077662e-01  20  121.05
93  3  2.274771e-01  20  121.31
93  21  7.098800e-02  20  121.55
90  27  1.210059e-01  20  121.59
108  12  1.213377e-01  20  122.01
111  9  1.519809e-01  20  122.14
102  24  1.321455e-01  20  122.19
114  12  1.407932e-01  20  122.38
102  15  9.603670e-02  20  122.40
114  6  1.432470e-01  20  122.50
75  15  1.578071e-01  20  122.64
117  9  1.479355e-01  20  122.65
96  3  2.163759e-01  20  122.65
105  27  1.276649e-01  20  123.24
111  18  1.338871e-01  20  123.24
117  12  8.393519e-02  20  123.48
114  18  1.053982e-01  20  124.03
90  3  1.171622e-01  20  124.11
99  24  1.341190e-01  20  124.11
102  3  1.540179e-01  20  124.35
102  21  1.111384e-01  20  124.37
108  24  1.309987e-01  20  124.59
117  15  9.757775e-02  20  124.62
105  24  8.223335e-02  20  124.68
105  3  1.642297e-01  20  125.02
108  6  1.510771e-01  20  125.27
111  21  1.204520e-01  20  125.68
102  27  1.810422e-01  20  126.00
114  3  1.548645e-01  20  126.31
84  27  1.233410e-01  20  126.39
114  15  1.538012e-01  20  126.40
117  6  9.590826e-02  20  126.53
111  6  1.215211e-01  20  126.60
108  3  1.009174e-01  20  126.68
117  3  1.398358e-01  20  127.46
114  24  1.262211e-01  20  128.57
111  24  1.135564e-01  20  128.73
117  24  1.612271e-01  20  129.16
111  27  9.643542e-02  20  130.00
117  18  8.461844e-02  20  130.65
111  3  1.255321e-01  20  130.86
114  27  1.699805e-01  20  131.43
117  21  1.129771e-01  20  132.19
114  21  9.256800e-02  20  141.42
168  24  1.122780e-01  20  171.93
174  9  9.101080e-02  20  174.02
171  12  1.167500e-01  20  178.77
171  24  9.050622e-02  20  179.37
168  21  1.238765e-01  20  179.52
171  18  1.237137e-01  20  179.88
171  27  9.719609e-02  20  180.00
174  18  8.187402e-02  20  180.04
174  15  9.575800e-02  20  180.95
177  12  1.160569e-01  20  181.62
180  12  6.528016e-02  20  181.92
168  27  9.794788e-02  20  181.93
174  6  1.002047e-01  20  181.94
168  18  1.001476e-01  20  182.10
174  12  1.367260e-01  20  182.25
177  9  1.004881e-01  20  182.48
171  15  6.985653e-02  20  182.80
180  18  7.720107e-02  20  183.02
174  21  9.275300e-02  20  183.52
174  27  1.098449e-01  20  184.38
171  21  1.051369e-01  20  185.55
180  15  1.146725e-01  20  185.78
180  27  6.643955e-02  20  185.89
174  3  1.135284e-01  20  185.93
177  15  1.011365e-01  20  186.09
177  18  1.103608e-01  20  186.16
180  9  9.140382e-02  20  186.59
183  9  1.239885e-01  20  187.04
171  9  7.767558e-02  20  187.05
174  24  8.600376e-02  20  187.13
183  12  1.125569e-01  20  187.21
171  6  6.343492e-02  20  187.28
171  3  7.535874e-02  20  187.39
177  6  9.679608e-02  20  187.89
177  24  9.067121e-02  20  188.08
177  3  9.596077e-02  20  189.50
177  27  1.323801e-01  20  190.20
180  21  9.423393e-02  20  190.21
180  6  1.043118e-01  20  191.17
3  15  3.730585e-01  20  71.27
183  21  1.068185e-01  20  193.07
186  24  8.284375e-02  20  193.25
177  21  1.025276e-01  20  193.77
183  27  7.701775e-02  20  194.04
3  9  4.930616e-01  20  74.28
183  15  1.310347e-01  20  194.33
3  12  5.927256e-01  20  74.40
186  9  9.711696e-02  20  194.53
180  24  1.590757e-01  20  194.67
183  18  1.029039e-01  20  195.19
189  21  7.980742e-02  20  195.20
183  24  9.732883e-02  20  196.03
186  12  8.862722e-02  20  196.61
183  6  9.164781e-02  20  196.73
3  18  3.302163e-01  20  76.79
189  12  9.990343e-02  20  197.42
3  3  6.196421e-01  20  77.52
186  15  6.857921e-02  20  197.59
186  18  9.902267e-02  20  198.35
3  6  5.425266e-01  20  78.47
180  3  1.456363e-01  20  198.54
183  3  8.358591e-02  20  198.62
189  9  1.097610e-01  20  198.63
6  6  1.435264e+00  20  79.11
9  9  6.760084e-01  20  79.55
186  6  1.137350e-01  20  200.40
195  24  8.075721e-02  20  200.57
12  9  5.982283e-01  20  80.55
189  24  1.233738e-01  20  201.10
189  6  1.101993e-01  20  201.37
186  3  7.392247e-02  20  201.59
12  12  5.833724e-01  20  82.26
3  21  2.919403e-01  20  82.41
195  12  9.088152e-02  20  202.75
18  9  5.530329e-01  20  82.94
15  12  5.026750e-01  20  83.16
189  15  9.588116e-02  20  203.67
3  24  3.795518e-01  20  84.07
6  15  3.685965e-01  20  84.09
186  21  9.579631e-02  20  204.41
3  27  3.446069e-01  20  84.67
15  9  6.071082e-01  20  84.76
6  3  6.809939e-01  20  84.82
189  18  1.152114e-01  20  205.21
9  6  6.252125e-01  20  85.67
6  24  3.464664e-01  20  85.70
12  6  4.785428e-01  20  85.99
192  9  8.919894e-02  20  206.71
195  9  8.896499e-02  20  207.27
186  27  1.009362e-01  20  207.35
18  12  7.510165e-01  20  87.49
18  15  4.196306e-01  20  88.14
195  18  1.183628e-01  20  208.55
12  3  8.699697e-01  20  88.51
15  15  8.078213e-01  20  88.64
189  3  7.867985e-02  20  208.74
9  3  9.675242e-01  20  88.81
201  15  7.534525e-02  20  209.55
201  12  1.444299e-01  20  210.10
18  3  6.429090e-01  20  90.35
6  18  3.871853e-01  20  90.41
9  21  3.323656e-01  20  90.51
189  27  1.176115e-01  20  210.82
198  15  1.227265e-01  20  210.88
6  21  3.649596e-01  20  90.96
15  6  3.672481e-01  20  91.04
192  24  9.190068e-02  20  211.12
192  12  1.079921e-01  20  211.66
18  6  2.924910e-01  20  91.61
6  9  4.017822e-01  20  92.06
192  21  1.157787e-01  20  212.13
195  21  1.075932e-01  20  212.15
6  12  2.975796e-01  20  92.27
198  12  1.124687e-01  20  212.75
192  15  1.248798e-01  20  213.53
192  6  9.552305e-02  20  213.56
198  9  9.722679e-02  20  213.85
195  27  1.074519e-01  20  214.16
195  3  1.150486e-01  20  214.33
198  21  9.644332e-02  20  214.49
195  15  1.069748e-01  20  214.55
192  27  1.123769e-01  20  214.63
12  27  3.275097e-01  20  94.76
15  3  6.347262e-01  20  94.86
192  18  1.046939e-01  20  215.48
198  18  7.539018e-02  20  215.60
198  24  7.982687e-02  20  216.09
195  6  8.187338e-02  20  216.32
198  6  8.124049e-02  20  216.32
6  27  2.952500e-01  20  96.35
201  9  8.832180e-02  20  216.57
192  3  8.394734e-02  20  216.73
198  27  1.039245e-01  20  217.05
9  27  2.910405e-01  20  97.27
9  12  6.107770e-01  20  97.94
12  24  3.719792e-01  20  98.92
201  6  1.176941e-01  20  219.57
201  21  8.386717e-02  20  219.63
9  24  3.732188e-01  20  100.50
198  3  1.115682e-01  20  220.55
204  12  1.106596e-01  20  220.69
9  18  4.305992e-01  20  101.23
204  9  1.099097e-01  20  221.60
15  24  4.110967e-01  20  101.66
201  3  1.534653e-01  20  222.15
204  18  9.783692e-02  20  222.18
204  21  1.017335e-01  20  222.43
201  18  1.177434e-01  20  222.84
207  9  9.304933e-02  20  223.58
204  27  9.202845e-02  20  224.46
15  21  4.170370e-01  20  104.45
12  21  4.266203e-01  20  104.49
12  18  2.438799e-01  20  104.67
204  15  9.683867e-02  20  224.83
204  3  6.935168e-02  20  224.91
12  15  6.029041e-01  20  105.56
9  15  6.162903e-01  20  105.66
204  6  7.856870e-02  20  225.86
207  12  1.074172e-01  20  226.19
201  24  6.775017e-02  20  226.23
207  15  1.117362e-01  20  227.19
201  27  1.241082e-01  20  227.54
207  21  8.947167e-02  20  227.64
15  18  5.559988e-01  20  108.17
204  24  9.629342e-02  20  228.79
207  18  1.405961e-01  20  229.02
210  12  1.048064e-01  20  230.20
210  9  1.151541e-01  20  230.43
213  18  1.094521e-01  20  230.64
15  27  3.445503e-01  20  111.08
213  9  6.245037e-02  20  231.16
120  12  1.134370e-01  20  121.92
207  6  8.454342e-02  20  231.92
210  18  1.046804e-01  20  232.31
210  6  9.823912e-02  20  233.43
207  24  1.126060e-01  20  233.69
210  15  1.217944e-01  20  233.94
120  9  9.931348e-02  20  124.52
207  27  7.822167e-02  20  235.58
216  15  8.538994e-02  20  236.35
216  12  9.871276e-02  20  236.38
207  3  1.066474e-01  20  236.45
213  12  8.137656e-02  20  236.46
210  21  9.417657e-02  20  236.64
216  9  8.877887e-02  20  236.82
210  27  1.210393e-01  20  236.84
129  9  1.138343e-01  20  127.26
210  24  1.413875e-01  20  237.23
210  3  8.436121e-02  20  237.45
213  21  1.094499e-01  20  237.70
213  15  9.109150e-02  20  237.91
123  12  9.066805e-02  20  128.01
213  6  1.154405e-01  20  239.20
126  12  1.418097e-01  20  129.35
216  24  8.025861e-02  20  239.52
120  15  8.455076e-02  20  129.98
126  9  1.548397e-01  20  130.12
117  27  9.242548e-02  20  130.26
120  21  1.014192e-01  20  130.30
120  18  1.491528e-01  20  130.49
135  9  8.166227e-02  20  130.53
216  21  1.147515e-01  20  240.59
213  27  1.069463e-01  20  240.64
123  9  1.078981e-01  20  130.73
126  27  1.124406e-01  20  131.14
123  6  1.121799e-01  20  131.20
120  6  1.340497e-01  20  132.07
123  15  1.418561e-01  20  132.13
132  18  1.084697e-01  20  132.24
213  24  7.485567e-02  20  242.21
216  18  1.493377e-01  20  242.42
129  15  1.184563e-01  20  132.69
126  15  1.088077e-01  20  132.91
216  3  9.342434e-02  20  243.12
123  18  1.295218e-01  20  133.51
219  9  1.292230e-01  20  243.58
123  27  1.007426e-01  20  134.10
216  27  1.090334e-01  20  244.03
120  24  1.142565e-01  20  134.30
222  15  1.370912e-01  20  244.29
216  6  8.660696e-02  20  244.64
129  6  1.323799e-01  20  134.81
126  24  8.512728e-02  20  134.98
126  21  1.036984e-01  20  135.16
222  24  1.063722e-01  20  245.25
123  21  1.568525e-01  20  135.37
132  21  9.139776e-02  20  135.79
126  6  1.005661e-01  20  135.87
219  12  9.681340e-02  20  245.82
219  15  9.309506e-02  20  245.88
129  24  1.255119e-01  20  136.14
129  12  1.136448e-01  20  136.41
222  12  1.290065e-01  20  246.38
120  27  1.164956e-01  20  136.49
135  12  1.286464e-01  20  136.66
132  15  1.078565e-01  20  136.70
129  21  1.301079e-01  20  137.19
132  6  1.039889e-01  20  137.22
132  9  9.231610e-02  20  137.36
120  3  1.007438e-01  20  137.50
222  21  1.123458e-01  20  247.60
126  18  1.123749e-01  20  138.06
123  24  2.038963e-01  20  138.64
219  6  1.181778e-01  20  248.85
129  18  1.113803e-01  20  139.18
222  9  7.904761e-02  20  249.22
219  18  1.057611e-01  20  249.25
132  12  1.197856e-01  20  139.37
129  27  1.515337e-01  20  139.45
126  3  9.753810e-02  20  140.09
213  3  1.322854e-01  20  250.44
219  21  1.123725e-01  20  250.58
219  27  1.014562e-01  20  250.93
138  15  1.531478e-01  20  137.40
132  24  1.061924e-01  20  142.07
219  3  8.071855e-02  20  252.62
225  21  1.078261e-01  20  252.62
132  27  9.341186e-02  20  142.72
135  3  1.278119e-01  20  143.05
138  21  9.101383e-02  20  139.53
219  24  1.013286e-01  20  253.55
123  3  1.950244e-01  20  144.06
135  6  1.395608e-01  20  144.15
138  9  1.505456e-01  20  140.21
135  27  1.438346e-01  20  141.27
222  18  1.103504e-01  20  255.34
129  3  1.879916e-01  20  145.43
228  12  8.346110e-02  20  255.39
225  12  9.359333e-02  20  255.93
225  15  1.126248e-01  20  256.03
225  18  1.136023e-01  20  256.03
138  12  8.710956e-02  20  142.50
144  15  1.626580e-01  20  142.54
141  12  1.132915e-01  20  143.08
135  15  9.224962e-02  20  143.31
222  3  9.151072e-02  20  257.72
222  6  1.055136e-01  20  257.89
147  21  1.187065e-01  20  144.07
222  27  1.043341e-01  20  258.17
132  3  1.614491e-01  20  148.39
138  6  1.107961e-01  20  144.47
144  9  1.182539e-01  20  144.81
138  27  8.115584e-02  20  145.25
225  9  1.014124e-01  20  259.72
138  18  1.194394e-01  20  145.98
231  9  1.275307e-01  20  259.98
225  24  8.311780e-02  20  260.05
225  27  1.082923e-01  20  260.35
135  18  1.297494e-01  20  146.51
228  15  8.719471e-02  20  260.96
141  18  8.831129e-02  20  147.19
150  9  1.174162e-01  20  147.27
135  24  1.272314e-01  20  147.50
138  3  1.285894e-01  20  147.55
228  6  9.778355e-02  20  261.64
141  9  7.806944e-02  20  147.84
228  21  1.149896e-01  20  261.79
228  18  9.808995e-02  20  262.09
144  21  9.929816e-02  20  148.48
135  21  1.473555e-01  20  148.65
150  18  9.114263e-02  20  148.73
141  6  1.200247e-01  20  148.84
141  15  1.013219e-01  20  148.90
138  24  1.073760e-01  20  149.17
144  12  1.699431e-01  20  149.18
150  12  1.008236e-01  20  149.48
231  18  7.302256e-02  20  263.67
147  9  1.278656e-01  20  150.05
141  27  1.012695e-01  20  150.06
225  3  7.605415e-02  20  264.00
228  24  9.041065e-02  20  264.10
147  3  1.041070e-01  20  150.20
141  21  1.364912e-01  20  150.51
147  12  1.181863e-01  20  150.57
228  9  9.411894e-02  20  264.52
225  6  9.746036e-02  20  264.60
144  6  8.024526e-02  20  150.84
228  27  1.058976e-01  20  264.81
234  12  9.842067e-02  20  265.07
144  27  1.525880e-01  20  151.14
150  15  1.286277e-01  20  151.39
234  9  9.444879e-02  20  265.34
144  3  1.264341e-01  20  151.49
150  6  1.082694e-01  20  151.92
141  24  1.199344e-01  20  151.96
231  21  9.948035e-02  20  265.97
147  27  1.220862e-01  20  152.53
144  24  1.093162e-01  20  153.21
228  3  1.028402e-01  20  267.58
147  18  1.408177e-01  20  153.79
147  24  1.310998e-01  20  154.07
231  12  8.240781e-02  20  268.04
147  6  1.360030e-01  20  154.34
150  21  1.222240e-01  20  154.87
150  24  1.136760e-01  20  155.09
147  15  1.582257e-01  20  155.45
234  18  1.160292e-01  20  270.04
231  15  1.019149e-01  20  270.34
234  6  6.842505e-02  20  271.11
141  3  1.252579e-01  20  157.33
231  6  7.690645e-02  20  271.69
156  9  8.220008e-02  20  158.03
231  3  1.309768e-01  20  272.76
234  27  9.247782e-02  20  272.81
153  15  9.743780e-02  20  159.42
231  24  1.127530e-01  20  273.40
156  15  1.018563e-01  20  159.55
150  3  1.087949e-01  20  159.66
156  12  1.736335e-01  20  159.98
144  18  8.249494e-02  20  160.05
159  12  8.067725e-02  20  160.21
156  3  1.244129e-01  20  160.57
237  9  7.684195e-02  20  274.59
234  21  8.847524e-02  20  274.68
237  15  1.021137e-01  20  274.84
231  27  7.297621e-02  20  275.12
150  27  1.267009e-01  20  161.32
159  9  9.514628e-02  20  161.43
234  15  9.125973e-02  20  275.51
156  24  1.244746e-01  20  161.75
153  9  1.070248e-01  20  161.80
153  12  8.774290e-02  20  161.88
153  18  1.078090e-01  20  162.54
153  21  1.055959e-01  20  163.19
153  27  8.333756e-02  20  163.41
159  24  7.842242e-02  20  163.70
153  6  1.711244e-01  20  163.80
237  21  9.222966e-02  20  277.80
162  9  1.356541e-01  20  164.08
159  21  9.256164e-02  20  164.53
159  18  9.628251e-02  20  164.78
156  21  1.167624e-01  20  164.91
237  12  9.988963e-02  20  279.11
153  24  9.915384e-02  20  165.34
234  24  1.021778e-01  20  279.31
162  12  1.274240e-01  20  165.59
237  24  8.847614e-02  20  279.55
159  15  1.366833e-01  20  165.64
156  18  1.037495e-01  20  165.67
165  9  1.166192e-01  20  165.70
162  27  1.063522e-01  20  166.30
156  6  8.216508e-02  20  166.38
162  6  9.567415e-02  20  166.70
168  9  9.065521e-02  20  166.91
234  3  1.158742e-01  20  280.91
153  3  1.298443e-01  20  167.14
240  24  1.036192e-01  20  281.76
240  12  9.922397e-02  20  281.87
240  9  8.847416e-02  20  282.23
168  12  1.485589e-01  20  168.60
162  18  1.224764e-01  20  168.93
237  6  7.612156e-02  20  282.96
162  21  9.599288e-02  20  169.21
240  18  1.087755e-01  20  283.41
156  27  1.148546e-01  20  169.63
162  15  1.355801e-01  20  169.63
240  15  8.974215e-02  20  283.75
165  12  1.287336e-01  20  170.11
237  18  1.068592e-01  20  284.15
159  27  1.337642e-01  20  170.95
240  21  1.038067e-01  20  284.95
168  15  9.772964e-02  20  171.51
159  6  9.714260e-02  20  171.59
165  15  7.911309e-02  20  171.74
246  12  1.091920e-01  20  285.88
165  18  1.113147e-01  20  172.03
240  6  9.599465e-02  20  286.09
237  27  8.588715e-02  20  286.10
162  24  9.460836e-02  20  172.43
168  6  9.296513e-02  20  172.59
240  27  8.307008e-02  20  287.12
240  3  6.676881e-02  20  287.51
243  24  1.126360e-01  20  287.63
165  21  9.065225e-02  20  173.86
165  6  1.192349e-01  20  173.90
159  3  1.641066e-01  20  173.92
243  9  8.131571e-02  20  287.94
243  12  1.092601e-01  20  289.16
165  3  1.526533e-01  20  175.44
246  9  9.851068e-02  20  289.50
162  3  1.106826e-01  20  175.69
243  6  1.275949e-01  20  290.23
243  21  1.063732e-01  20  290.24
165  24  9.877649e-02  20  176.39
165  27  1.087332e-01  20  176.46
243  27  8.335465e-02  20  290.72
243  18  6.995150e-02  20  290.87
243  3  1.316576e-01  20  291.57
246  21  8.795995e-02  20  292.11
168  3  8.058035e-02  20  179.39
246  6  1.070301e-01  20  293.44
243  15  1.134074e-01  20  293.89
237  3  8.422870e-02  20  294.48
249  9  1.011375e-01  20  294.61
246  15  1.020473e-01  20  294.73
249  12  1.019010e-01  20  295.52
246  18  1.195510e-01  20  296.26
171  9  1.135385e-01  20  172.21
246  24  1.040254e-01  20  298.40
249  18  9.039314e-02  20  299.10
246  27  7.453522e-02  20  299.11
249  6  9.840384e-02  20  299.97
252  9  1.184009e-01  20  300.86
249  15  1.014335e-01  20  301.25
246  3  1.057550e-01  20  301.36
168  21  9.789983e-02  20  176.77
174  18  1.028595e-01  20  176.82
168  24  6.938645e-02  20  176.83
174  9  1.013912e-01  20  176.86
177  9  9.514130e-02  20  177.56
171  21  1.049337e-01  20  178.55
168  27  1.099870e-01  20  178.76
168  18  1.243088e-01  20  179.06
249  21  1.459898e-01  20  304.37
177  15  8.504952e-02  20  179.45
249  27  1.393238e-01  20  305.05
249  3  8.909179e-02  20  305.49
174  15  1.056186e-01  20  180.96
174  12  1.156313e-01  20  180.99
252  21  1.049497e-01  20  306.08
171  12  1.023378e-01  20  181.02
249  24  1.079778e-01  20  306.21
171  27  8.688426e-02  20  181.27
252  6  9.256448e-02  20  306.87
252  12  1.032815e-01  20  307.55
252  3  1.099553e-01  20  307.70
174  24  1.256771e-01  20  182.90
171  15  1.205080e-01  20  182.95
174  21  8.306989e-02  20  183.50
255  12  1.017565e-01  20  308.63
174  27  1.223181e-01  20  183.94
171  6  8.531392e-02  20  184.22
177  12  9.563088e-02  20  184.23
177  24  9.112194e-02  20  184.89
171  18  1.017468e-01  20  185.06
252  18  1.177903e-01  20  310.27
171  24  8.737717e-02  20  185.45
180  12  1.455578e-01  20  186.16
177  27  1.521459e-01  20  186.26
180  27  8.285491e-02  20  186.70
252  15  1.265556e-01  20  312.62
177  18  1.078887e-01  20  188.11
183  9  6.525882e-02  20  188.37
252  27  1.414504e-01  20  313.73
180  9  1.044997e-01  20  188.68
183  15  9.459081e-02  20  188.93
180  15  1.293168e-01  20  189.07
180  18  1.093548e-01  20  189.08
171  3  7.093392e-02  20  189.28
174  3  1.196295e-01  20  189.31
258  9  7.541339e-02  20  314.38
255  9  1.001767e-01  20  314.43
174  6  9.269041e-02  20  189.52
252  24  9.482792e-02  20  314.99
183  12  1.364008e-01  20  190.26
258  12  9.349812e-02  20  315.99
180  3  1.009166e-01  20  191.09
255  6  1.042743e-01  20  316.37
177  21  1.015345e-01  20  191.32
255  18  8.986930e-02  20  317.10
258  21  9.821637e-02  20  317.20
255  24  9.556153e-02  20  318.09
255  21  1.144070e-01  20  318.11
180  21  6.756360e-02  20  193.06
183  18  9.950897e-02  20  193.15
180  6  6.734301e-02  20  193.23
183  21  1.069119e-01  20  193.28
177  6  1.169924e-01  20  193.35
261  9  9.592441e-02  20  318.56
183  24  8.580240e-02  20  194.57
258  6  8.360025e-02  20  319.93
258  27  1.216418e-01  20  320.24
258  18  1.128203e-01  20  320.52
183  3  1.036645e-01  20  195.56
183  6  7.244403e-02  20  195.81
261  24  9.950793e-02  20  321.38
258  15  1.016535e-01  20  321.54
186  15  1.262365e-01  20  194.57
177  3  1.352725e-01  20  196.59
258  3  6.576311e-02  20  321.89
192  9  1.174892e-01  20  195.32
186  12  1.403702e-01  20  195.53
261  12  9.220766e-02  20  322.71
180  24  8.581877e-02  20  198.66
258  24  1.070552e-01  20  323.92
186  9  1.033355e-01  20  197.17
186  18  9.792950e-02  20  197.44
186  21  9.882533e-02  20  197.79
183  27  1.308427e-01  20  200.01
255  15  1.271373e-01  20  325.52
255  27  1.037759e-01  20  325.69
261  15  1.158067e-01  20  325.74
264  12  8.062845e-02  20  326.11
261  21  8.315203e-02  20  326.24
186  24  9.229212e-02  20  199.99
255  3  1.219157e-01  20  327.02
186  3  7.620926e-02  20  202.23
267  12  8.921259e-02  20  327.59
264  15  1.112555e-01  20  327.78
261  18  1.040187e-01  20  327.81
189  12  1.035591e-01  20  200.91
264  18  8.707989e-02  20  327.97
189  15  1.115897e-01  20  201.48
189  18  1.195674e-01  20  202.25
264  21  9.394134e-02  20  329.27
261  6  8.630593e-02  20  330.16
189  6  1.061661e-01  20  203.42
261  27  9.995590e-02  20  331.09
264  9  1.116629e-01  20  331.31
189  9  8.063745e-02  20  204.39
264  3  6.760128e-02  20  331.53
261  3  1.058624e-01  20  331.92
192  18  1.018300e-01  20  205.11
195  9  9.629273e-02  20  205.71
195  24  1.050563e-01  20  205.79
189  21  1.207392e-01  20  205.94
192  12  9.988333e-02  20  206.12
264  27  1.040055e-01  20  333.29
186  27  1.219766e-01  20  206.32
195  12  1.332967e-01  20  206.78
267  21  1.122175e-01  20  333.83
186  6  8.570712e-02  20  206.82
189  27  9.425137e-02  20  207.53
198  21  1.021372e-01  20  207.56
195  21  1.020775e-01  20  207.95
264  24  9.707788e-02  20  335.01
264  6  7.549840e-02  20  335.89
198  9  1.069625e-01  20  208.94
195  18  1.284086e-01  20  209.12
267  6  6.110508e-02  20  336.14
198  12  6.934551e-02  20  209.19
267  9  8.992419e-02  20  336.56
195  15  9.212941e-02  20  209.61
189  24  1.112187e-01  20  209.82
267  18  8.085681e-02  20  336.99
267  15  1.098003e-01  20  337.40
198  24  7.761411e-02  20  210.44
267  27  1.085305e-01  20  338.11
267  24  1.046262e-01  20  338.16
192  21  8.185202e-02  20  211.16
189  3  1.089093e-01  20  212.02
195  27  8.631727e-02  20  212.70
195  6  1.092772e-01  20  212.93
198  15  1.117260e-01  20  212.95
201  9  9.070044e-02  20  213.35
270  15  9.856217e-02  20  341.49
192  3  8.930637e-02  20  214.87
270  12  9.778311e-02  20  342.25
192  27  1.232297e-01  20  215.65
192  15  1.066963e-01  20  215.74
270  21  9.027103e-02  20  342.79
270  9  8.465101e-02  20  343.00
201  18  8.991007e-02  20  216.53
195  3  1.101012e-01  20  216.78
201  15  7.586195e-02  20  216.95
270  3  8.287048e-02  20  344.24
198  18  1.020416e-01  20  217.36
192  6  9.112643e-02  20  217.51
201  12  7.045301e-02  20  218.45
267  3  1.371185e-01  20  345.72
198  27  1.026153e-01  20  219.03
273  15  1.170051e-01  20  346.40
270  18  9.905237e-02  20  346.79
273  27  1.021273e-01  20  346.94
192  24  1.199512e-01  20  220.33
273  9  6.558376e-02  20  348.30
270  24  1.077717e-01  20  349.12
276  9  6.811200e-02  20  349.34
198  3  9.569396e-02  20  222.37
198  6  9.287247e-02  20  222.62
270  6  9.845938e-02  20  349.75
270  27  9.411026e-02  20  350.64
201  3  9.639601e-02  20  224.48
276  27  1.024824e-01  20  352.73
276  12  1.015264e-01  20  353.14
201  6  1.102214e-01  20  226.16
273  18  9.974540e-02  20  353.34
204  9  8.358871e-02  20  212.47
276  15  1.165380e-01  20  354.88
276  21  1.158894e-01  20  355.14
273  21  9.536836e-02  20  355.87
276  24  1.007741e-01  20  356.04
276  18  8.761842e-02  20  356.07
279  9  9.891052e-02  20  358.87
276  6  7.274797e-02  20  359.65
273  12  9.719086e-02  20  360.23
279  24  1.017507e-01  20  360.40
273  6  9.892556e-02  20  361.01
201  21  9.835571e-02  20  219.80
204  12  1.307487e-01  20  219.87
279  15  9.614705e-02  20  362.19
207  24  1.094665e-01  20  220.91
273  3  6.329339e-02  20  362.80
279  18  8.842196e-02  20  363.11
279  12  1.052863e-01  20  363.42
201  24  8.066931e-02  20  221.75
273  24  1.062531e-01  20  363.68
282  9  9.331290e-02  20  364.30
276  3  1.096591e-01  20  364.53
282  12  1.092261e-01  20  364.93
207  9  1.140970e-01  20  223.24
204  6  9.715745e-02  20  223.25
201  27  1.094485e-01  20  224.34
207  15  7.787021e-02  20  224.51
210  9  8.419909e-02  20  225.29
207  18  6.453445e-02  20  225.63
279  21  9.746868e-02  20  368.11
204  15  1.309269e-01  20  226.64
282  27  9.881824e-02  20  368.56
282  21  1.125723e-01  20  368.87
279  27  9.967473e-02  20  369.09
279  6  8.455790e-02  20  369.55
204  21  8.776729e-02  20  227.75
282  24  9.649168e-02  20  369.96
282  18  7.769066e-02  20  369.96
204  18  9.694190e-02  20  228.25
282  6  7.158376e-02  20  370.34
207  12  1.166160e-01  20  229.40
282  15  1.136600e-01  20  371.64
285  24  9.432713e-02  20  371.65
210  15  9.094931e-02  20  230.41
204  27  1.065836e-01  20  230.62
204  3  7.318151e-02  20  230.83
210  12  1.259460e-01  20  230.97
279  3  6.687820e-02  20  373.11
285  15  1.011817e-01  20  373.23
285  27  9.117421e-02  20  373.28
210  21  1.398387e-01  20  232.11
285  18  8.603966e-02  20  374.10
282  3  9.503544e-02  20  374.32
210  24  8.065163e-02  20  232.74
285  21  9.368656e-02  20  374.79
285  9  1.077182e-01  20  374.94
285  12  9.192888e-02  20  375.14
213  9  1.060149e-01  20  233.87
204  24  9.888419e-02  20  234.14
216  9  8.690329e-02  20  234.42
288  15  8.157413e-02  20  376.82
210  27  8.180026e-02  20  235.03
213  6  7.697778e-02  20  235.28
213  18  7.183891e-02  20  235.34
213  12  1.222779e-01  20  235.40
207  3  7.114064e-02  20  235.66
210  6  7.118778e-02  20  235.82
207  21  9.495859e-02  20  236.16
285  6  7.788935e-02  20  378.04
207  6  1.003853e-01  20  236.22
210  18  1.154241e-01  20  236.65
288  9  9.443258e-02  20  379.32
291  24  9.932583e-02  20  379.47
291  12  9.861169e-02  20  379.75
207  27  9.045301e-02  20  238.05
285  3  8.491053e-02  20  379.98
210  3  5.561844e-02  20  238.59
213  24  9.677667e-02  20  238.73
213  15  1.108221e-01  20  239.01
216  12  1.089330e-01  20  239.02
288  12  8.705013e-02  20  381.02
294  27  1.076910e-01  20  381.73
291  6  7.589631e-02  20  382.43
291  15  9.698681e-02  20  382.78
288  27  1.045374e-01  20  382.88
216  21  8.942869e-02  20  241.40
216  15  1.095941e-01  20  241.49
216  3  7.534499e-02  20  242.32
288  24  8.948534e-02  20  384.20
291  9  9.957584e-02  20  384.47
294  6  6.428028e-02  20  384.62
291  27  1.077172e-01  20  384.81
213  21  1.020704e-01  20  243.15
36  9  2.603988e-01  20  80.67
291  18  9.155191e-02  20  385.10
216  6  1.036097e-01  20  243.25
288  6  8.185400e-02  20  385.15
294  15  9.150784e-02  20  385.38
288  21  9.964438e-02  20  385.57
216  24  7.591348e-02  20  243.81
216  18  1.285277e-01  20  243.92
294  9  9.452056e-02  20  385.85
213  27  1.048866e-01  20  244.00
294  12  1.076051e-01  20  385.86
288  18  9.085062e-02  20  386.17
30  12  4.296470e-01  20  81.98
294  24  7.717918e-02  20  387.03
213  3  1.065932e-01  20  245.75
216  27  1.038235e-01  20  245.76
294  18  7.112017e-02  20  387.82
42  9  3.143168e-01  20  84.29
294  21  1.030295e-01  20  388.73
291  3  6.753291e-02  20  389.25
51  9  8.653057e-02  20  84.93
288  3  5.957289e-02  20  389.30
291  21  8.839695e-02  20  389.40
21  9  3.179350e-01  20  85.21
219  6  9.907022e-02  20  247.70
39  6  2.656980e-01  20  85.24
48  6  1.683880e-01  20  85.43
30  24  3.772137e-01  20  86.14
21  18  5.684128e-01  20  86.18
39  18  1.246900e-01  20  86.32
45  12  1.670969e-01  20  86.75
24  9  3.747568e-01  20  86.84
297  15  9.936458e-02  20  391.58
21  12  4.639335e-01  20  87.39
39  12  2.208561e-01  20  87.83
24  12  3.414949e-01  20  87.88
24  21  3.304598e-01  20  87.90
33  9  2.698849e-01  20  87.99
30  9  4.417491e-01  20  88.01
42  18  2.355925e-01  20  88.02
33  12  3.249885e-01  20  88.20
294  3  1.083975e-01  20  392.69
27  9  3.782137e-01  20  88.54
30  18  3.179122e-01  20  88.62
18  18  3.962851e-01  20  88.65
45  9  3.020967e-01  20  88.68
33  6  2.813798e-01  20  89.15
24  15  4.458625e-01  20  89.24
297  9  1.007823e-01  20  393.70
48  12  2.142440e-01  20  89.82
21  15  5.380815e-01  20  90.06
24  6  7.592344e-01  20  90.11
219  3  1.043354e-01  20  252.77
33  15  1.748995e-01  20  90.40
21  6  5.496277e-01  20  90.48
27  15  3.178377e-01  20  91.00
42  15  2.337530e-01  20  91.03
30  15  3.575202e-01  20  91.38
27  6  2.444212e-01  20  91.41
66  12  1.427917e-01  20  91.59
48  18  2.135413e-01  20  91.83
30  6  2.799198e-01  20  91.86
42  21  1.935393e-01  20  91.87
36  21  2.229338e-01  20  91.94
42  6  1.572672e-01  20  92.03
39  15  1.496399e-01  20  92.05
36  12  3.795666e-01  20  92.05
54  9  2.511849e-01  20  92.12
39  27  2.061692e-01  20  92.30
297  12  8.834601e-02  20  396.69
51  12  1.440124e-01  20  92.37
297  6  8.845367e-02  20  396.71
57  9  2.700278e-01  20  92.43
24  18  3.491143e-01  20  92.72
48  9  2.444058e-01  20  92.75
39  9  4.573147e-01  20  93.12
33  21  2.874838e-01  20  93.27
36  6  2.950538e-01  20  93.27
45  15  1.442787e-01  20  93.30
27  21  2.174182e-01  20  93.35
60  9  2.035547e-01  20  93.62
45  18  2.213673e-01  20  93.66
297  27  8.784562e-02  20  398.04
21  21  4.022013e-01  20  93.79
24  24  2.737130e-01  20  93.79
57  12  2.221712e-01  20  93.87
69  12  2.042912e-01  20  90.27
27  24  2.424884e-01  20  94.09
27  12  2.815285e-01  20  94.15
51  21  1.649271e-01  20  94.31
33  24  1.918761e-01  20  94.36
45  21  2.423471e-01  20  94.43
297  21  1.029651e-01  20  398.83
297  24  1.055630e-01  20  399.14
27  18  4.649629e-01  20  94.83
39  24  2.586093e-01  20  95.11
54  6  1.916861e-01  20  95.16
60  6  1.546579e-01  20  95.24
21  3  3.639725e-01  20  95.55
63  3  1.989943e-01  20  95.62
30  27  2.127090e-01  20  95.72
33  18  2.288825e-01  20  95.77
63  6  1.882157e-01  20  95.93
48  24  1.663958e-01  20  96.03
45  6  2.182611e-01  20  96.05
57  6  1.666045e-01  20  96.13
51  15  2.192921e-01  20  96.28
66  9  2.114095e-01  20  96.42
54  15  1.931367e-01  20  96.66
42  3  2.349551e-01  20  96.67
51  24  2.659553e-01  20  96.70
60  15  1.813907e-01  20  96.82
297  18  9.862267e-02  20  401.15
48  15  1.226901e-01  20  96.88
33  3  1.829601e-01  20  96.99
60  12  1.517934e-01  20  97.02
45  24  3.135247e-01  20  97.03
63  15  1.567005e-01  20  97.03
24  3  2.974298e-01  20  97.17
42  12  1.914176e-01  20  97.30
63  9  1.573871e-01  20  97.36
54  3  1.532273e-01  20  97.38
54  12  2.184747e-01  20  97.44
27  27  2.312835e-01  20  97.58
27  3  2.233695e-01  20  97.64
51  3  1.225303e-01  20  97.89
39  21  2.158584e-01  20  97.96
36  27  2.370611e-01  20  98.10
63  12  3.714299e-01  20  98.10
36  18  2.160071e-01  20  98.14
45  27  2.512997e-01  20  98.17
42  24  1.962075e-01  20  98.35
33  27  1.583515e-01  20  98.93
30  3  3.537852e-01  20  99.29
57  18  2.038445e-01  20  99.59
84  9  1.965299e-01  20  96.07
66  21  1.507761e-01  20  99.87
48  27  1.956202e-01  20  100.15
60  21  3.016497e-01  20  100.32
69  9  1.129336e-01  20  96.59
57  15  1.717605e-01  20  100.43
72  12  1.008135e-01  20  96.68
66  3  2.068210e-01  20  100.45
54  24  2.903800e-01  20  100.53
54  21  1.662052e-01  20  100.64
63  27  1.568421e-01  20  100.73
69  6  1.744800e-01  20  100.81
54  18  2.207677e-01  20  101.10
51  6  1.635978e-01  20  101.11
63  18  1.206125e-01  20  101.12
36  3  3.199254e-01  20  101.13
60  18  1.140695e-01  20  101.17
36  15  3.498500e-01  20  101.19
297  3  6.380571e-02  20  405.53
60  24  2.022217e-01  20  101.27
63  21  2.411749e-01  20  101.64
45  3  2.162487e-01  20  101.70
48  3  2.173923e-01  20  101.83
69  15  1.283744e-01  20  98.07
60  3  2.174518e-01  20  102.13
69  18  1.872354e-01  20  98.39
39  3  3.033031e-01  20  102.20
36  24  2.219936e-01  20  102.29
63  24  1.919134e-01  20  102.48
66  15  9.676271e-02  20  102.81
21  24  3.985275e-01  20  103.03
30  21  2.967679e-01  20  103.26
66  24  1.438324e-01  20  103.67
42  27  2.498778e-01  20  103.83
75  12  1.433643e-01  20  100.47
84  12  1.048604e-01  20  100.57
69  3  1.873646e-01  20  104.53
81  12  1.326746e-01  20  100.99
69  24  1.429296e-01  20  101.06
72  15  2.407439e-01  20  101.75
66  6  1.625977e-01  20  105.72
81  9  1.669667e-01  20  102.13
72  6  1.958531e-01  20  102.14
81  21  1.682830e-01  20  102.40
72  9  1.687445e-01  20  102.41
72  18  1.754245e-01  20  102.48
66  27  1.848407e-01  20  106.30
24  27  2.492667e-01  20  106.48
57  3  1.619425e-01  20  106.84
57  24  2.631770e-01  20  107.00
57  27  1.494162e-01  20  107.08
18  21  3.823956e-01  20  107.43
57  21  1.593928e-01  20  107.79
66  18  1.556597e-01  20  108.25
78  9  1.236528e-01  20  104.54
78  12  1.533136e-01  20  104.66
75  9  2.289865e-01  20  104.67
72  21  1.896202e-01  20  105.34
84  6  1.342849e-01  20  105.58
18  27  3.673986e-01  20  109.82
78  21  1.522965e-01  20  106.25
81  15  1.237385e-01  20  106.78
81  18  1.178852e-01  20  106.85
75  15  1.945409e-01  20  106.92
21  27  3.017365e-01  20  110.97
48  21  2.121152e-01  20  110.99
75  21  2.638249e-01  20  107.52
69  27  1.614800e-01  20  107.99
72  24  1.797335e-01  20  108.17
81  27  1.479923e-01  20  108.25
60  27  1.735418e-01  20  112.14
84  21  1.173947e-01  20  108.95
75  27  1.582432e-01  20  109.03
75  6  1.568648e-01  20  109.05
84  15  1.203542e-01  20  109.71
54  27  1.145054e-01  20  113.49
81  3  1.240666e-01  20  109.79
18  24  3.749304e-01  20  113.63
75  3  2.251144e-01  20  110.02
78  27  1.584636e-01  20  110.11
81  24  1.402110e-01  20  110.34
75  24  1.503472e-01  20  110.70
78  3  1.929375e-01  20  111.08
69  21  1.967152e-01  20  111.50
78  6  1.254080e-01  20  111.54
51  18  2.577741e-01  20  115.55
81  6  1.486563e-01  20  112.29
72  3  1.914382e-01  20  113.14
78  18  1.610025e-01  20  113.74
84  18  1.214675e-01  20  114.43
51  27  1.999090e-01  20  118.20
75  18  1.646974e-01  20  114.64
84  3  1.795680e-01  20  114.76
72  27  1.318682e-01  20  116.95
78  15  1.340923e-01  20  119.71
78  24  9.992110e-02  20  121.90
87  15  1.353636e-01  20  101.23
90  15  1.270480e-01  20  101.39
87  9  9.096407e-02  20  104.62
90  12  1.385638e-01  20  106.14
96  12  1.335299e-01  20  106.18
93  12  1.834344e-01  20  106.19
87  6  1.179732e-01  20  107.49
219  9  9.112009e-02  20  240.79
87  18  1.656655e-01  20  107.74
87  12  1.384343e-01  20  108.44
93  9  1.347071e-01  20  108.58
99  9  1.026986e-01  20  108.80
99  18  1.137787e-01  20  109.23
90  9  1.494959e-01  20  109.29
99  12  1.343210e-01  20  109.33
84  27  1.157760e-01  20  109.50
84  24  1.693146e-01  20  109.72
90  3  1.278360e-01  20  110.41
90  18  1.712355e-01  20  110.65
219  12  8.103904e-02  20  244.09
96  24  2.234870e-01  20  111.44
90  27  1.053107e-01  20  111.67
93  21  1.476301e-01  20  111.85
93  6  1.092105e-01  20  112.06
219  21  9.694716e-02  20  245.42
90  6  1.457238e-01  20  112.31
96  9  1.070454e-01  20  113.48
93  18  1.780079e-01  20  113.78
93  27  1.359318e-01  20  114.03
87  24  1.627737e-01  20  114.05
93  15  1.652437e-01  20  114.30
96  18  1.240194e-01  20  114.35
99  15  1.331731e-01  20  114.37
87  21  1.816624e-01  20  115.09
87  27  1.152795e-01  20  115.18
219  15  8.840540e-02  20  248.85
219  24  7.263986e-02  20  248.87
96  21  1.354953e-01  20  115.84
222  27  1.027040e-01  20  249.11
102  9  1.369648e-01  20  116.84
96  15  1.304802e-01  20  117.10
222  9  9.792014e-02  20  250.48
222  12  1.173983e-01  20  250.52
90  24  1.285095e-01  20  117.36
96  6  1.627954e-01  20  117.45
99  21  1.060586e-01  20  117.50
102  6  1.191301e-01  20  117.61
222  15  1.043650e-01  20  251.06
219  27  1.193816e-01  20  251.11
96  27  1.369776e-01  20  118.08
228  9  8.533918e-02  20  251.32
90  21  1.162663e-01  20  118.22
93  24  1.416385e-01  20  118.29
99  6  1.110259e-01  20  119.95
99  27  1.623931e-01  20  120.51
219  18  9.914943e-02  20  253.86
87  3  1.570613e-01  20  120.93
228  15  1.225029e-01  20  254.39
222  24  1.018126e-01  20  254.44
108  12  1.090353e-01  20  111.33
93  3  2.033447e-01  20  122.31
222  18  9.211742e-02  20  255.81
225  12  9.226962e-02  20  255.94
99  3  1.539862e-01  20  122.89
96  3  1.366396e-01  20  122.90
102  3  1.754364e-01  20  122.96
222  6  8.350869e-02  20  256.31
225  9  8.460088e-02  20  256.67
99  24  1.703158e-01  20  123.61
231  12  1.126635e-01  20  257.10
222  21  7.475956e-02  20  257.51
105  9  1.130354e-01  20  113.49
102  18  1.791809e-01  20  113.55
102  15  1.241262e-01  20  114.18
225  15  1.039839e-01  20  258.29
105  12  8.074901e-02  20  114.58
222  3  8.915793e-02  20  259.23
231  9  1.247109e-01  20  259.38
225  27  1.008381e-01  20  259.39
225  18  9.701013e-02  20  259.57
105  18  1.355056e-01  20  115.92
111  9  1.879262e-01  20  115.96
102  12  1.884437e-01  20  116.67
108  15  1.022959e-01  20  116.71
225  6  1.071626e-01  20  260.84
228  21  8.913040e-02  20  260.86
228  12  1.377092e-01  20  261.03
234  12  1.043512e-01  20  261.18
225  24  1.193100e-01  20  261.22
108  9  1.865734e-01  20  117.34
108  21  1.809560e-01  20  117.55
105  21  1.092651e-01  20  118.15
111  12  1.566559e-01  20  118.37
225  3  7.669420e-02  20  263.27
234  9  9.107416e-02  20  263.43
231  18  9.678146e-02  20  263.60
102  27  1.577502e-01  20  119.72
225  21  8.762530e-02  20  263.89
228  6  9.290082e-02  20  263.98
114  12  9.575055e-02  20  120.51
111  18  1.438863e-01  20  120.70
111  15  8.538531e-02  20  121.19
228  27  1.026543e-01  20  265.52
102  24  1.126250e-01  20  121.58
105  15  9.867847e-02  20  121.64
228  18  1.016850e-01  20  265.79
114  9  8.101622e-02  20  121.75
228  24  1.131001e-01  20  265.83
231  24  1.014080e-01  20  265.83
111  21  1.153256e-01  20  122.18
105  6  1.038751e-01  20  122.34
111  24  1.024164e-01  20  122.36
114  15  1.616328e-01  20  123.09
102  21  9.759077e-02  20  123.34
231  6  6.260850e-02  20  268.29
108  6  1.302821e-01  20  124.27
117  9  1.151337e-01  20  124.54
114  6  1.326201e-01  20  124.75
228  3  9.343946e-02  20  269.13
117  15  1.190794e-01  20  125.20
108  18  1.158104e-01  20  125.22
108  24  1.247337e-01  20  125.37
114  21  1.162927e-01  20  125.72
234  21  1.004770e-01  20  269.83
234  6  6.930288e-02  20  270.39
231  21  1.176282e-01  20  270.50
108  3  1.617449e-01  20  126.46
231  15  1.030367e-01  20  270.59
105  3  1.602479e-01  20  127.14
114  18  2.066891e-01  20  127.18
117  12  1.543311e-01  20  127.39
117  21  1.033833e-01  20  127.42
231  27  1.129370e-01  20  271.56
117  18  1.227747e-01  20  127.56
105  27  1.415449e-01  20  127.81
111  27  1.151392e-01  20  128.00
111  6  1.040426e-01  20  128.41
234  15  1.305925e-01  20  273.00
231  3  7.722611e-02  20  273.35
117  24  1.176379e-01  20  129.48
114  3  1.422415e-01  20  129.52
111  3  1.515178e-01  20  129.77
234  18  8.885925e-02  20  274.56
120  12  1.079406e-01  20  123.15
108  27  1.439160e-01  20  130.63
114  24  1.550041e-01  20  131.37
114  27  1.334489e-01  20  132.16
117  3  1.303136e-01  20  132.33
117  6  1.250364e-01  20  133.43
123  9  9.177446e-02  20  126.45
123  18  1.019727e-01  20  127.45
123  3  1.081801e-01  20  128.16
129  9  1.265783e-01  20  128.44
117  27  1.561187e-01  20  128.66
126  12  8.981098e-02  20  128.87
132  9  1.298129e-01  20  128.93
120  9  9.832164e-02  20  129.09
126  18  9.498244e-02  20  129.41
120  6  1.078498e-01  20  129.42
123  6  6.701975e-02  20  129.58
120  24  1.172767e-01  20  130.37
126  9  7.775255e-02  20  130.49
123  15  7.260113e-02  20  130.58
123  24  9.588116e-02  20  130.86
123  21  1.065255e-01  20  131.62
120  21  1.463953e-01  20  131.85
129  12  9.909747e-02  20  131.87
120  15  1.524824e-01  20  132.21
123  27  1.220984e-01  20  132.90
120  18  1.121330e-01  20  132.91
126  6  9.506799e-02  20  133.23
123  12  8.325552e-02  20  133.24
135  12  1.133015e-01  20  134.16
132  15  1.038863e-01  20  134.61
132  6  8.822751e-02  20  134.98
234  3  1.262073e-01  20  286.65
120  27  1.425702e-01  20  135.80
120  3  1.170098e-01  20  136.41
105  24  9.560562e-02  20  143.95
129  15  1.046158e-01  20  136.81
126  15  1.496663e-01  20  136.81
132  18  9.311591e-02  20  136.83
129  27  1.018688e-01  20  137.63
135  9  8.948163e-02  20  137.67
126  24  7.957042e-02  20  137.71
126  21  1.082061e-01  20  138.35
129  18  1.536306e-01  20  138.99
126  27  9.886773e-02  20  139.10
132  12  1.798796e-01  20  139.64
132  24  1.067380e-01  20  139.65
129  6  1.081875e-01  20  140.17
129  21  1.206862e-01  20  140.29
132  21  1.102133e-01  20  141.13
129  24  1.127574e-01  20  141.64
126  3  1.199394e-01  20  142.09
135  6  8.934184e-02  20  142.17
132  27  9.943527e-02  20  142.74
234  27  1.243859e-01  20  273.98
129  3  1.483272e-01  20  144.91
240  6  7.495757e-02  20  276.04
135  3  1.788615e-01  20  145.74
234  24  9.359665e-02  20  276.18
132  3  9.155609e-02  20  145.93
237  18  9.788518e-02  20  276.55
237  9  1.093939e-01  20  277.33
240  9  7.669081e-02  20  277.59
237  21  1.010188e-01  20  278.42
240  21  9.748786e-02  20  280.23
237  6  1.009655e-01  20  280.66
237  24  1.020581e-01  20  280.91
237  15  1.302530e-01  20  281.51
243  12  9.859947e-02  20  281.85
237  12  1.114758e-01  20  281.89
237  3  6.996391e-02  20  283.35
240  18  1.129866e-01  20  283.36
240  12  8.741734e-02  20  283.84
243  9  1.016462e-01  20  284.02
240  15  8.344672e-02  20  284.20
240  27  1.146655e-01  20  285.44
237  27  1.163072e-01  20  287.58
240  24  9.790444e-02  20  288.53
246  9  8.854965e-02  20  288.66
243  15  1.193694e-01  20  289.35
240  3  1.026225e-01  20  290.99
246  18  1.016166e-01  20  291.90
246  12  1.040896e-01  20  292.03
135  24  9.193132e-02  20  135.91
243  24  1.019686e-01  20  292.99
246  27  1.060883e-01  20  293.18
246  21  8.812904e-02  20  293.69
243  21  1.018848e-01  20  294.11
243  18  1.100323e-01  20  294.20
246  15  7.848361e-02  20  294.42
243  6  8.268847e-02  20  294.69
246  6  5.990073e-02  20  295.01
246  24  9.692398e-02  20  295.31
243  27  1.146759e-01  20  296.35
249  9  7.598102e-02  20  296.54
243  3  7.312777e-02  20  296.90
249  18  1.005484e-01  20  297.27
138  15  1.373404e-01  20  140.37
135  18  1.454475e-01  20  140.39
135  15  7.704369e-02  20  140.67
138  12  8.527081e-02  20  142.39
135  27  1.283483e-01  20  142.89
249  12  1.144765e-01  20  300.42
141  6  1.073508e-01  20  143.57
138  9  1.158165e-01  20  143.93
249  15  1.006545e-01  20  301.04
141  9  1.046086e-01  20  144.16
144  12  1.304979e-01  20  144.42
138  21  1.089819e-01  20  144.61
249  24  1.043707e-01  20  301.69
249  21  9.343112e-02  20  302.10
246  3  1.321974e-01  20  302.33
141  21  1.093282e-01  20  145.39
252  9  6.379281e-02  20  302.51
144  9  9.073971e-02  20  145.77
138  6  1.170535e-01  20  145.87
138  3  8.455069e-02  20  146.22
141  15  9.375673e-02  20  146.61
141  18  1.058354e-01  20  146.85
138  24  1.357262e-01  20  147.76
249  3  7.795563e-02  20  304.96
138  27  6.883226e-02  20  147.99
141  27  8.175267e-02  20  148.24
141  12  1.356936e-01  20  148.76
141  24  1.033115e-01  20  148.83
249  27  9.520454e-02  20  306.09
252  6  9.120006e-02  20  306.19
144  21  1.208077e-01  20  149.21
249  6  1.010787e-01  20  306.33
147  15  1.376327e-01  20  149.50
135  21  9.829779e-02  20  149.59
141  3  1.537622e-01  20  149.76
150  9  1.241899e-01  20  150.32
144  18  1.183737e-01  20  150.64
147  12  1.257538e-01  20  150.76
144  15  8.712564e-02  20  150.78
147  9  7.727447e-02  20  151.22
144  6  8.487938e-02  20  151.57
138  18  1.018789e-01  20  151.69
252  3  1.022834e-01  20  308.80
150  12  1.003344e-01  20  152.36
144  3  1.314083e-01  20  152.42
147  24  1.147748e-01  20  152.59
150  15  1.252849e-01  20  152.74
150  6  1.052381e-01  20  152.89
150  24  1.440834e-01  20  153.33
144  27  9.973564e-02  20  154.05
147  18  1.644794e-01  20  154.10
147  6  1.193568e-01  20  154.52
252  12  1.103292e-01  20  304.50
252  15  1.065245e-01  20  305.21
147  27  1.391751e-01  20  156.19
147  21  1.236800e-01  20  156.53
144  24  1.456597e-01  20  156.89
150  18  1.555234e-01  20  157.27
252  21  1.009833e-01  20  306.76
150  27  1.145858e-01  20  157.96
150  3  1.234832e-01  20  158.48
150  21  1.054985e-01  20  160.33
255  15  1.040100e-01  20  310.42
255  12  8.834887e-02  20  310.65
147  3  1.888341e-01  20  161.73
252  27  8.651302e-02  20  310.88
252  18  1.022718e-01  20  311.18
255  3  8.762221e-02  20  311.51
252  24  9.425609e-02  20  314.34
258  24  1.058281e-01  20  314.53
258  6  8.010027e-02  20  315.37
258  15  1.108424e-01  20  316.36
255  9  8.095155e-02  20  316.44
255  18  7.248170e-02  20  316.88
258  9  8.094371e-02  20  317.23
258  12  9.796485e-02  20  317.51
255  27  9.732323e-02  20  318.83
255  21  1.183958e-01  20  319.38
261  9  1.022935e-01  20  320.24
264  24  1.033440e-01  20  320.34
255  6  6.768818e-02  20  320.78
261  21  7.997710e-02  20  321.06
258  21  1.139667e-01  20  321.28
264  27  1.002451e-01  20  321.32
255  24  1.085480e-01  20  321.32
153  9  8.135886e-02  20  157.61
153  6  9.959766e-02  20  157.62
258  27  9.084724e-02  20  322.00
261  15  9.655135e-02  20  322.05
153  15  9.691061e-02  20  157.81
153  21  1.105439e-01  20  158.06
264  21  9.237502e-02  20  322.39
153  12  8.717249e-02  20  158.84
264  6  7.878646e-02  20  323.48
261  24  1.029110e-01  20  323.50
156  9  1.290589e-01  20  160.28
153  24  1.215660e-01  20  160.51
153  18  1.280914e-01  20  160.78
258  18  9.421154e-02  20  325.56
261  18  1.054183e-01  20  325.83
261  12  1.070950e-01  20  326.04
156  18  1.188882e-01  20  161.82
264  9  9.757609e-02  20  326.49
261  27  1.085862e-01  20  326.71
261  6  1.004656e-01  20  326.78
159  9  6.255292e-02  20  162.56
156  12  1.201857e-01  20  162.69
264  15  8.951400e-02  20  327.28
159  18  1.492329e-01  20  163.16
156  15  1.224664e-01  20  163.53
156  24  9.642769e-02  20  163.66
165  12  8.113617e-02  20  163.86
156  6  1.084208e-01  20  164.15
156  21  1.062245e-01  20  164.24
159  6  8.543748e-02  20  164.44
264  18  1.045096e-01  20  328.80
267  12  9.329216e-02  20  328.87
159  12  8.683025e-02  20  164.73
153  3  8.951243e-02  20  164.83
168  9  1.047115e-01  20  164.91
264  12  8.807558e-02  20  329.49
162  15  1.224143e-01  20  165.55
162  9  9.225582e-02  20  165.60
258  3  8.892783e-02  20  329.92
153  27  1.264972e-01  20  165.85
165  9  1.218773e-01  20  166.03
264  3  7.314082e-02  20  330.37
267  9  1.010049e-01  20  330.39
159  21  1.015842e-01  20  166.57
162  12  1.065770e-01  20  166.68
159  15  1.348203e-01  20  166.99
168  12  6.158540e-02  20  167.30
162  6  7.264785e-02  20  168.16
159  27  9.135942e-02  20  168.34
156  27  1.078528e-01  20  168.45
162  18  1.143639e-01  20  168.50
261  3  8.674406e-02  20  333.36
162  21  1.114004e-01  20  169.47
159  3  1.198796e-01  20  169.47
168  15  7.985016e-02  20  169.60
165  21  8.810619e-02  20  170.28
156  3  1.024643e-01  20  170.63
162  3  1.112156e-01  20  171.10
267  21  1.036512e-01  20  335.74
162  27  1.008932e-01  20  172.69
162  24  1.167312e-01  20  172.78
267  18  1.116779e-01  20  337.35
165  15  8.561226e-02  20  173.35
165  27  1.138294e-01  20  173.50
165  18  1.061050e-01  20  173.61
159  24  1.331257e-01  20  173.72
165  6  1.466605e-01  20  173.87
267  6  9.213812e-02  20  338.33
168  3  8.689271e-02  20  176.36
165  3  1.020644e-01  20  177.12
267  24  1.182303e-01  20  342.26
165  24  1.396656e-01  20  177.99
267  3  6.547220e-02  20  342.47
168  6  1.602498e-01  20  179.09
267  15  1.055301e-01  20  345.16
270  21  1.033527e-01  20  330.38
270  18  9.359771e-02  20  336.05
270  15  8.539514e-02  20  340.45
270  9  9.175008e-02  20  343.08
270  12  9.027859e-02  20  343.80
270  6  9.609540e-02  20  345.85
267  27  9.191324e-02  20  346.04
270  27  1.041854e-01  20  346.70
270  24  1.009850e-01  20  347.29
276  24  1.112363e-01  20  347.71
270  3  9.833014e-02  20  348.28
276  15  9.066947e-02  20  348.42
276  9  8.982547e-02  20  348.69
273  15  1.164405e-01  20  351.54
276  18  1.012523e-01  20  352.25
273  24  9.294301e-02  20  352.27
273  12  1.083705e-01  20  353.47
273  21  1.021874e-01  20  354.88
276  12  9.555809e-02  20  354.88
276  27  1.014975e-01  20  355.84
273  9  6.275509e-02  20  356.26
273  18  1.040360e-01  20  357.20
273  27  1.055939e-01  20  357.37
273  6  9.408819e-02  20  359.81
276  21  1.049490e-01  20  360.87
276  6  7.320009e-02  20  361.53
282  12  9.582410e-02  20  361.72
282  9  8.887945e-02  20  362.19
279  6  8.501466e-02  20  362.55
279  9  7.378796e-02  20  362.57
273  3  6.853790e-02  20  363.56
276  3  8.216965e-02  20  364.49
279  24  1.105216e-01  20  364.85
279  12  1.060661e-01  20  364.95
279  15  1.054286e-01  20  365.41
282  15  8.706229e-02  20  365.77
279  27  1.003134e-01  20  366.53
279  18  1.062091e-01  20  366.89
282  18  9.838510e-02  20  367.43
282  27  7.490516e-02  20  368.04
282  3  7.493428e-02  20  368.99
285  12  1.023641e-01  20  369.06
282  24  1.391913e-01  20  369.25
279  3  8.824875e-02  20  369.74
282  21  7.872498e-02  20  370.22
279  21  1.132630e-01  20  371.20
282  6  5.634838e-02  20  371.49
285  9  9.510694e-02  20  372.00
285  6  6.956576e-02  20  379.94
285  3  9.595594e-02  20  383.57
285  21  8.177887e-02  20  365.38
285  15  9.397172e-02  20  370.78
285  18  1.015234e-01  20  372.02
291  12  8.812140e-02  20  375.21
285  27  1.000206e-01  20  376.61
285  24  1.070151e-01  20  376.72
291  24  9.722384e-02  20  377.49
291  21  1.154347e-01  20  378.38
288  12  9.087995e-02  20  378.83
294  9  8.815467e-02  20  380.62
288  9  8.308558e-02  20  380.95
288  21  8.044817e-02  20  381.15
288  15  9.742298e-02  20  381.50
288  18  9.133074e-02  20  382.48
288  24  9.672811e-02  20  383.11
291  9  9.822393e-02  20  383.13
288  6  7.396143e-02  20  383.22
294  6  7.030931e-02  20  384.43
294  12  9.919928e-02  20  384.92
294  18  9.019160e-02  20  386.69
291  15  9.441606e-02  20  386.97
291  18  1.029200e-01  20  387.16
291  27  1.068236e-01  20  387.35
288  27  8.740960e-02  20  387.61
291  6  7.990120e-02  20  389.03
294  27  1.091530e-01  20  389.13
297  12  1.087377e-01  20  390.28
294  24  1.095633e-01  20  391.06
294  3  6.776738e-02  20  391.10
294  15  9.879058e-02  20  391.26
291  3  9.618479e-02  20  391.68
297  18  8.854907e-02  20  391.83
297  27  9.638237e-02  20  392.99
288  3  9.688356e-02  20  394.01
297  9  9.081721e-02  20  394.68
294  21  9.213854e-02  20  395.63
297  24  8.233529e-02  20  395.93
297  15  1.010014e-01  20  396.34
297  21  1.033704e-01  20  400.58
297  6  7.667636e-02  20  402.23
297  3  9.249473e-02  20  403.34
3  9  4.557710e-01  20  64.28
3  21  3.901107e-01  20  71.75
3  24  3.956581e-01  20  75.63
3  12  6.722818e-01  20  76.49
3  27  3.137007e-01  20  76.54
3  6  6.647194e-01  20  77.33
6  18  4.185604e-01  20  78.65
3  3  5.733615e-01  20  79.38
3  15  4.536725e-01  20  79.63
15  9  4.543056e-01  20  79.95
6  6  6.515071e-01  20  81.02
9  9  7.295368e-01  20  81.14
39  9  4.306430e-01  20  81.31
12  12  8.865066e-01  20  81.74
18  9  2.660349e-01  20  81.76
18  12  6.604216e-01  20  82.77
21  9  8.764850e-01  20  82.99
12  9  1.660445e+00  20  82.99
6  3  1.058324e+00  20  83.52
15  12  2.903653e-01  20  83.55
24  9  3.143152e-01  20  83.64
9  6  1.028575e+00  20  84.09
6  27  3.255379e-01  20  84.50
15  15  3.812203e-01  20  84.84
33  12  3.452924e-01  20  85.11
12  6  5.666590e-01  20  85.41
30  9  2.588244e-01  20  85.71
30  15  2.230869e-01  20  85.82
3  18  4.300841e-01  20  86.54
33  18  2.390279e-01  20  86.59
27  6  2.080721e-01  20  87.16
21  12  3.206898e-01  20  87.28
51  9  1.504630e-01  20  87.32
6  9  4.319446e-01  20  87.33
9  3  9.416068e-01  20  87.38
33  6  2.120746e-01  20  87.53
33  9  1.893172e-01  20  87.62
33  27  2.129597e-01  20  87.72
39  6  2.692542e-01  20  87.75
27  12  3.331519e-01  20  87.76
33  15  2.315714e-01  20  87.78
39  15  1.639142e-01  20  87.78
18  15  4.659912e-01  20  87.80
6  12  6.222334e-01  20  88.52
54  15  2.076562e-01  20  88.55
36  9  3.233613e-01  20  88.59
60  12  1.363862e-01  20  88.91
6  24  3.253831e-01  20  89.25
18  18  7.565047e-01  20  89.34
18  6  6.893172e-01  20  89.59
39  12  1.738548e-01  20  89.61
27  9  2.805072e-01  20  89.77
57  12  1.248468e-01  20  89.81
15  6  5.224900e-01  20  89.87
21  15  2.728184e-01  20  90.02
60  9  1.807311e-01  20  90.05
45  9  2.336676e-01  20  90.12
21  6  5.101033e-01  20  90.13
36  21  3.230731e-01  20  90.55
51  12  2.933215e-01  20  90.68
63  12  2.098075e-01  20  90.69
36  18  2.680397e-01  20  90.72
45  18  3.133338e-01  20  90.79
24  12  4.234745e-01  20  90.92
36  27  1.984657e-01  20  91.00
24  6  4.199024e-01  20  91.01
36  15  2.595304e-01  20  91.12
24  15  4.989528e-01  20  91.25
30  6  2.693103e-01  20  91.47
42  9  3.577042e-01  20  91.68
48  15  2.371061e-01  20  91.77
57  6  2.171736e-01  20  92.09
27  3  4.921027e-01  20  92.21
21  21  5.117121e-01  20  92.26
42  12  3.561029e-01  20  92.38
33  24  2.418526e-01  20  92.48
45  12  2.328070e-01  20  92.54
24  21  2.599446e-01  20  92.58
24  18  3.858573e-01  20  92.59
12  3  5.610121e-01  20  92.77
36  24  2.002793e-01  20  92.83
63  9  2.395068e-01  20  93.14
30  18  3.643196e-01  20  93.36
42  6  1.999528e-01  20  93.37
45  21  2.293362e-01  20  93.40
48  9  1.392251e-01  20  93.52
18  3  4.963472e-01  20  93.89
27  21  3.559811e-01  20  93.96
51  18  1.669618e-01  20  93.99
42  27  1.972121e-01  20  94.17
60  18  2.094960e-01  20  94.20
15  3  5.252886e-01  20  94.24
27  24  3.630898e-01  20  94.24
54  12  1.655187e-01  20  94.33
33  3  2.050397e-01  20  94.38
72  9  1.494018e-01  20  94.38
30  12  3.103710e-01  20  94.58
63  15  2.301154e-01  20  94.70
30  3  3.878264e-01  20  94.72
39  18  1.697048e-01  20  94.93
21  3  2.748761e-01  20  94.93
66  9  1.671621e-01  20  95.01
6  21  3.798350e-01  20  95.04
36  3  3.132236e-01  20  95.16
33  21  3.271966e-01  20  95.33
69  12  2.479208e-01  20  95.34
36  6  3.177502e-01  20  95.53
72  12  1.152154e-01  20  95.54
39  27  2.245113e-01  20  95.56
51  3  1.918181e-01  20  96.26
27  18  3.288580e-01  20  96.45
45  15  2.545286e-01  20  96.46
57  21  2.149086e-01  20  96.48
75  9  1.353401e-01  20  96.52
72  15  1.286052e-01  20  96.73
51  15  2.566426e-01  20  96.74
54  9  2.234097e-01  20  96.75
48  6  3.369480e-01  20  96.78
48  12  2.607266e-01  20  96.96
9  18  3.480326e-01  20  96.97
42  3  1.924363e-01  20  97.06
57  18  2.140347e-01  20  97.15
9  24  4.140387e-01  20  97.15
66  12  1.942210e-01  20  97.18
57  15  2.603185e-01  20  97.25
60  6  2.558744e-01  20  97.34
54  18  1.965810e-01  20  97.38
39  21  3.181782e-01  20  97.41
42  15  2.443368e-01  20  97.55
30  24  2.771616e-01  20  97.60
60  27  1.910758e-01  20  97.65
9  12  5.512068e-01  20  97.86
63  6  1.821469e-01  20  97.86
45  3  2.431890e-01  20  98.01
60  15  1.439297e-01  20  98.07
21  18  2.920879e-01  20  98.11
39  24  3.412475e-01  20  98.12
51  27  2.061362e-01  20  98.16
27  15  3.668586e-01  20  98.44
75  12  1.895503e-01  20  98.61
27  27  2.313465e-01  20  98.63
60  21  1.356917e-01  20  98.78
63  21  1.501353e-01  20  98.86
48  18  1.911557e-01  20  98.90
24  3  2.794529e-01  20  98.93
9  15  4.655948e-01  20  99.21
45  6  2.172689e-01  20  99.22
63  18  1.313352e-01  20  99.44
66  15  1.320193e-01  20  99.50
42  24  2.199583e-01  20  99.54
48  21  1.977490e-01  20  99.62
36  12  1.886782e-01  20  99.67
42  21  2.350753e-01  20  99.80
69  6  1.281185e-01  20  100.27
51  24  2.469485e-01  20  100.32
60  3  2.549565e-01  20  100.53
69  9  2.124013e-01  20  100.60
81  12  2.049342e-01  20  100.64
54  6  1.942753e-01  20  100.76
12  15  6.789718e-01  20  100.83
81  9  1.154011e-01  20  100.89
57  27  1.729734e-01  20  100.91
48  27  2.493183e-01  20  100.93
66  18  1.195361e-01  20  101.02
15  27  2.699404e-01  20  101.08
48  24  1.655426e-01  20  101.09
66  6  1.569208e-01  20  101.09
39  3  2.820482e-01  20  101.09
78  12  1.302990e-01  20  101.25
51  21  1.504220e-01  20  101.52
6  15  5.287261e-01  20  101.53
63  3  2.774310e-01  20  101.53
72  18  2.039516e-01  20  101.55
69  27  1.503599e-01  20  101.59
57  3  1.842631e-01  20  101.89
69  24  2.623365e-01  20  102.04
78  18  2.585890e-01  20  102.15
78  21  2.113521e-01  20  102.16
9  21  5.697669e-01  20  102.23
12  27  3.455322e-01  20  102.33
42  18  2.970727e-01  20  102.43
69  15  1.722157e-01  20  102.75
54  24  1.572558e-01  20  102.84
78  6  1.192500e-01  20  102.89
48  3  2.084162e-01  20  102.90
60  24  1.234080e-01  20  103.05
15  21  4.531042e-01  20  103.06
15  18  5.256953e-01  20  103.60
78  9  2.062536e-01  20  103.67
99  9  1.929049e-01  20  103.87
57  9  1.874197e-01  20  103.90
69  3  1.261606e-01  20  104.00
75  15  1.386501e-01  20  104.03
54  3  2.178746e-01  20  104.09
84  6  1.175964e-01  20  104.18
75  18  1.254757e-01  20  104.34
75  6  1.183298e-01  20  104.43
54  27  2.106632e-01  20  104.71
78  15  1.335868e-01  20  104.74
75  24  1.749239e-01  20  104.82
54  21  1.443505e-01  20  104.84
84  9  1.286579e-01  20  104.91
72  24  1.985895e-01  20  105.10
15  24  4.004131e-01  20  105.15
45  27  2.121081e-01  20  105.31
87  12  1.829513e-01  20  105.40
66  24  1.903135e-01  20  105.52
72  21  1.244863e-01  20  105.62
84  15  1.624071e-01  20  105.62
30  27  2.395142e-01  20  105.66
12  21  5.372134e-01  20  105.68
72  6  1.681641e-01  20  105.81
51  6  2.697238e-01  20  105.96
84  12  1.204782e-01  20  106.21
66  3  2.277085e-01  20  106.23
69  21  2.983777e-01  20  106.24
81  15  1.109962e-01  20  106.36
24  24  3.173363e-01  20  106.41
87  9  1.718407e-01  20  106.44
84  27  1.534339e-01  20  106.65
72  27  1.773465e-01  20  106.75
9  27  3.438798e-01  20  107.22
24  27  2.578887e-01  20  107.44
90  21  1.467572e-01  20  107.46
81  21  1.963860e-01  20  107.58
90  12  1.020184e-01  20  107.73
81  6  1.226832e-01  20  107.80
84  24  1.041277e-01  20  107.87
87  27  1.791799e-01  20  107.95
66  27  1.279962e-01  20  107.96
45  24  1.983700e-01  20  108.00
69  18  1.433035e-01  20  108.08
87  18  9.116135e-02  20  108.17
12  24  4.250474e-01  20  108.25
78  27  1.317806e-01  20  108.41
78  24  1.111391e-01  20  108.56
99  12  9.572263e-02  20  108.71
102  12  1.048200e-01  20  108.75
87  24  2.444528e-01  20  108.82
105  9  1.255966e-01  20  108.83
93  12  2.088572e-01  20  108.83
81  18  1.052775e-01  20  109.35
18  21  5.060462e-01  20  109.53
75  21  1.075278e-01  20  109.69
72  3  1.092852e-01  20  109.80
90  9  1.048122e-01  20  109.81
18  27  3.314008e-01  20  109.90
96  12  1.271760e-01  20  109.97
18  24  3.193500e-01  20  110.03
99  21  1.835065e-01  20  110.18
12  18  7.374909e-01  20  110.20
66  21  1.579565e-01  20  110.36
96  21  1.268049e-01  20  110.43
84  21  1.358245e-01  20  110.58
57  24  1.594515e-01  20  110.69
84  18  2.541153e-01  20  110.70
87  6  1.593009e-01  20  110.71
96  24  1.178058e-01  20  110.97
99  6  1.269978e-01  20  111.09
93  9  1.390809e-01  20  111.10
93  15  1.222071e-01  20  111.23
90  3  1.397519e-01  20  111.35
30  21  2.819350e-01  20  111.49
78  3  1.052328e-01  20  111.76
81  24  1.310035e-01  20  111.91
81  27  1.116342e-01  20  112.06
90  15  1.942482e-01  20  112.07
75  3  2.167557e-01  20  112.15
21  27  2.896157e-01  20  112.33
84  3  1.469805e-01  20  112.39
99  18  1.750814e-01  20  112.51
87  21  2.294417e-01  20  112.73
96  9  1.057873e-01  20  112.82
81  3  1.707823e-01  20  113.10
90  6  1.329384e-01  20  113.51
93  27  1.426674e-01  20  113.52
21  24  3.920157e-01  20  113.56
111  15  1.656187e-01  20  113.62
96  15  1.672039e-01  20  113.72
96  18  1.761782e-01  20  113.75
102  9  1.627235e-01  20  113.91
96  27  1.244849e-01  20  114.45
102  21  1.179343e-01  20  114.54
93  21  1.342585e-01  20  114.62
87  15  1.541506e-01  20  114.70
93  6  1.789941e-01  20  114.74
96  6  1.446101e-01  20  114.80
63  24  1.155411e-01  20  114.88
90  18  1.547399e-01  20  115.01
93  3  1.472588e-01  20  115.19
105  15  1.090151e-01  20  116.01
75  27  1.612066e-01  20  116.18
102  15  1.302270e-01  20  116.19
99  24  9.727947e-02  20  116.20
99  27  1.139009e-01  20  116.68
87  3  1.375135e-01  20  116.68
108  12  7.995395e-02  20  117.15
63  27  1.673734e-01  20  117.40
90  24  1.505294e-01  20  117.76
90  27  8.791311e-02  20  117.87
114  18  1.139270e-01  20  117.94
96  3  8.814710e-02  20  118.00
99  15  1.132404e-01  20  118.01
108  9  1.141497e-01  20  118.12
108  15  1.203686e-01  20  118.39
111  9  1.319253e-01  20  118.78
108  18  1.540570e-01  20  118.88
105  18  1.133311e-01  20  119.14
102  27  1.549820e-01  20  119.26
105  21  1.238568e-01  20  119.49
114  9  8.839050e-02  20  119.62
102  6  1.235357e-01  20  119.82
102  24  1.380655e-01  20  120.57
105  3  1.572027e-01  20  120.73
114  6  1.231425e-01  20  121.18
111  6  1.791859e-01  20  121.50
102  3  1.568975e-01  20  121.52
105  12  1.519253e-01  20  122.03
108  24  1.304734e-01  20  122.09
108  6  1.512687e-01  20  122.37
111  12  1.321794e-01  20  122.58
108  21  1.250478e-01  20  122.61
93  18  1.114366e-01  20  122.83
99  3  1.305253e-01  20  122.98
105  24  1.271559e-01  20  123.14
93  24  1.205885e-01  20  123.20
108  27  1.174433e-01  20  123.26
105  6  1.014467e-01  20  123.67
105  27  1.379656e-01  20  123.86
117  9  9.066006e-02  20  124.06
114  27  1.659946e-01  20  124.42
114  15  1.256136e-01  20  125.17
111  21  1.165334e-01  20  125.56
114  24  1.352497e-01  20  125.81
117  12  1.302265e-01  20  126.41
117  18  9.165153e-02  20  126.42
117  15  1.408939e-01  20  126.59
114  12  1.061457e-01  20  127.15
102  18  6.373181e-02  20  127.62
111  3  9.493337e-02  20  127.85
111  18  1.422271e-01  20  128.06
108  3  1.196483e-01  20  128.09
114  3  8.063325e-02  20  128.62
111  24  1.166419e-01  20  128.70
114  21  1.584821e-01  20  129.64
111  27  1.085541e-01  20  130.10
117  21  1.506841e-01  20  131.40
117  3  1.349827e-01  20  132.65
117  24  1.240929e-01  20  133.13
117  6  1.312666e-01  20  134.14
171  12  1.020660e-01  20  170.17
171  9  7.693955e-02  20  177.25
174  9  9.390718e-02  20  177.77
168  18  1.051603e-01  20  177.96
174  15  7.663006e-02  20  178.58
171  15  9.513376e-02  20  178.58
177  12  9.520134e-02  20  179.32
177  15  1.169743e-01  20  180.45
168  21  1.002126e-01  20  180.97
171  21  8.239301e-02  20  181.13
177  9  1.033023e-01  20  181.48
174  18  1.112203e-01  20  182.20
171  18  1.157055e-01  20  182.45
174  21  1.158859e-01  20  182.61
171  6  9.075814e-02  20  182.71
174  12  1.197369e-01  20  182.80
171  27  1.154739e-01  20  182.81
168  27  1.244854e-01  20  183.29
180  12  8.953952e-02  20  183.36
168  24  1.383005e-01  20  185.31
174  6  9.678947e-02  20  186.01
174  27  1.238500e-01  20  186.39
174  24  9.259937e-02  20  186.60
177  27  1.630395e-01  20  187.00
180  18  9.021796e-02  20  187.02
183  12  1.336958e-01  20  187.07
174  3  9.288789e-02  20  187.58
177  24  1.011816e-01  20  188.05
180  6  8.661790e-02  20  188.23
177  18  1.169160e-01  20  188.29
180  15  7.728047e-02  20  188.96
171  3  7.054768e-02  20  189.29
180  9  7.297763e-02  20  190.45
177  6  7.590320e-02  20  190.45
180  27  9.523838e-02  20  190.66
183  9  6.684263e-02  20  190.99
180  21  1.032464e-01  20  191.01
171  24  8.897150e-02  20  191.30
183  3  1.036785e-01  20  192.03
183  21  1.088092e-01  20  194.03
183  6  1.016698e-01  20  194.81
183  24  1.164012e-01  20  194.86
177  21  1.188394e-01  20  194.87
186  15  9.783173e-02  20  195.05
186  6  8.040577e-02  20  195.26
183  27  8.915767e-02  20  195.85
177  3  1.033399e-01  20  196.14
183  15  8.126936e-02  20  196.35
186  9  8.397113e-02  20  196.64
180  3  1.109718e-01  20  196.77
183  18  1.244342e-01  20  197.09
180  24  1.041512e-01  20  197.78
189  12  7.971140e-02  20  198.07
186  12  9.509710e-02  20  198.08
189  9  1.159138e-01  20  198.37
186  24  1.126185e-01  20  200.04
186  21  1.400854e-01  20  201.28
189  15  1.256678e-01  20  202.14
192  12  6.811881e-02  20  202.84
186  3  1.268247e-01  20  203.57
186  27  1.318794e-01  20  203.66
189  21  1.059639e-01  20  204.31
186  18  1.082264e-01  20  204.33
189  27  6.951475e-02  20  205.17
195  9  1.058435e-01  20  205.55
198  9  9.601762e-02  20  205.68
198  15  9.644806e-02  20  207.27
189  18  8.395213e-02  20  207.52
192  15  1.296773e-01  20  207.86
189  24  1.082364e-01  20  207.91
195  12  1.347273e-01  20  209.31
195  24  7.524394e-02  20  210.16
192  27  9.215538e-02  20  210.85
195  15  1.087592e-01  20  211.15
189  6  1.023626e-01  20  211.52
192  9  9.937554e-02  20  211.69
195  21  1.229196e-01  20  211.81
192  18  1.162443e-01  20  211.98
195  6  1.220661e-01  20  211.99
192  21  9.859343e-02  20  213.04
198  12  9.136848e-02  20  213.34
201  6  6.614044e-02  20  213.65
198  6  6.277103e-02  20  214.33
201  9  1.078513e-01  20  214.35
195  18  9.246002e-02  20  214.35
198  27  1.172397e-01  20  214.61
198  18  1.082084e-01  20  215.50
192  24  1.339438e-01  20  215.52
195  27  1.162175e-01  20  215.53
198  24  9.002682e-02  20  215.84
195  3  8.424932e-02  20  215.85
201  12  9.706298e-02  20  215.94
198  21  1.247672e-01  20  216.19
189  3  1.348646e-01  20  217.73
198  3  9.292445e-02  20  218.16
192  6  7.801316e-02  20  218.32
201  18  1.236841e-01  20  218.48
201  15  1.189769e-01  20  218.85
192  3  1.055412e-01  20  219.73
204  9  9.911996e-02  20  220.83
201  27  1.235336e-01  20  221.76
204  15  1.042125e-01  20  221.93
201  3  6.790193e-02  20  224.54
201  24  1.860013e-01  20  225.26
204  27  8.474490e-02  20  225.39
201  21  1.503191e-01  20  226.07
204  6  1.039717e-01  20  226.39
204  18  1.078535e-01  20  226.52
207  9  7.521079e-02  20  226.65
204  24  1.056847e-01  20  227.16
204  12  1.050182e-01  20  227.62
207  27  9.188973e-02  20  227.74
204  21  1.102078e-01  20  227.93
207  12  7.672125e-02  20  228.12
210  15  1.108569e-01  20  228.28
210  9  1.459366e-01  20  228.29
207  24  9.205228e-02  20  229.37
207  6  1.055259e-01  20  229.57
210  12  9.616635e-02  20  230.11
207  15  1.205229e-01  20  230.29
204  3  8.348539e-02  20  231.69
207  18  1.400109e-01  20  232.04
210  21  1.104575e-01  20  232.46
207  3  9.266598e-02  20  232.53
207  21  8.005153e-02  20  232.92
210  6  1.124510e-01  20  234.09
120  9  1.164174e-01  20  125.58
213  15  1.248389e-01  20  234.61
210  18  1.019924e-01  20  234.85
210  24  1.138304e-01  20  235.22
126  12  9.056048e-02  20  126.70
120  12  1.239206e-01  20  126.97
213  9  1.030894e-01  20  235.92
216  9  1.090038e-01  20  235.93
216  6  1.048042e-01  20  236.03
213  21  8.733449e-02  20  236.14
216  12  1.062306e-01  20  236.28
126  9  1.398993e-01  20  127.92
213  12  9.086661e-02  20  236.61
117  27  1.447580e-01  20  127.95
120  18  1.109064e-01  20  128.33
213  27  1.000224e-01  20  237.48
120  6  9.426560e-02  20  128.82
216  15  8.032057e-02  20  237.83
213  24  7.657448e-02  20  237.98
216  18  8.464681e-02  20  238.08
123  9  8.769731e-02  20  129.54
120  27  1.066853e-01  20  129.55
210  27  1.053831e-01  20  238.40
213  18  9.720100e-02  20  238.40
216  24  1.048027e-01  20  238.52
120  15  1.408297e-01  20  130.10
210  3  6.182825e-02  20  239.22
120  21  1.096246e-01  20  130.99
129  12  9.951827e-02  20  131.18
123  27  9.843178e-02  20  131.43
216  21  1.075431e-01  20  240.40
126  15  1.046800e-01  20  131.93
132  12  1.048725e-01  20  132.09
123  6  1.009156e-01  20  132.48
123  18  1.421994e-01  20  132.58
129  27  1.276562e-01  20  132.64
135  9  1.783437e-01  20  132.77
120  24  9.148954e-02  20  132.86
213  6  1.015176e-01  20  241.98
123  21  1.299937e-01  20  133.34
132  9  9.430306e-02  20  133.64
126  18  8.851596e-02  20  133.97
123  12  1.066026e-01  20  134.04
129  9  1.065374e-01  20  134.79
135  12  1.100276e-01  20  134.94
129  18  7.461247e-02  20  135.02
135  15  1.255394e-01  20  132.51
213  3  1.220101e-01  20  244.05
123  24  1.439531e-01  20  135.45
123  3  1.692584e-01  20  136.22
216  27  1.231873e-01  20  245.19
132  27  1.221708e-01  20  136.53
120  3  1.567546e-01  20  136.69
126  27  2.060162e-01  20  137.27
219  6  7.704533e-02  20  246.01
129  3  1.094442e-01  20  137.35
129  6  1.291321e-01  20  137.42
138  9  7.048997e-02  20  134.94
219  15  9.279063e-02  20  246.69
129  21  1.036294e-01  20  138.10
123  15  9.772660e-02  20  138.19
132  18  1.388078e-01  20  138.29
222  9  1.104337e-01  20  247.48
126  21  1.146847e-01  20  139.06
132  15  1.080611e-01  20  139.20
129  15  1.466704e-01  20  139.21
216  3  1.117119e-01  20  247.92
132  6  8.786571e-02  20  139.34
222  15  9.773336e-02  20  248.17
138  12  9.496035e-02  20  136.81
222  12  9.931812e-02  20  248.76
126  24  8.741174e-02  20  140.32
132  24  1.133976e-01  20  140.44
129  24  9.665381e-02  20  140.57
219  12  1.152954e-01  20  249.90
138  18  1.598935e-01  20  139.25
222  21  1.069895e-01  20  251.10
126  3  1.180266e-01  20  142.49
219  18  9.697794e-02  20  251.30
126  6  9.243776e-02  20  143.24
132  21  1.493494e-01  20  143.25
225  18  8.980901e-02  20  251.96
219  9  8.707448e-02  20  252.01
219  21  1.438816e-01  20  252.06
144  12  6.275789e-02  20  140.61
225  24  9.084093e-02  20  252.21
135  21  1.016009e-01  20  140.97
135  6  1.100075e-01  20  143.82
225  12  9.629045e-02  20  252.53
141  12  9.149532e-02  20  141.60
144  6  1.389311e-01  20  142.29
228  15  1.276130e-01  20  254.19
132  3  1.834500e-01  20  145.88
147  9  1.171964e-01  20  143.19
219  3  1.078012e-01  20  254.95
228  18  1.107911e-01  20  255.50
225  9  1.289581e-01  20  255.53
141  15  1.187264e-01  20  144.08
141  24  1.250924e-01  20  144.11
219  24  1.000330e-01  20  255.63
225  6  8.827456e-02  20  255.83
135  3  1.493175e-01  20  147.18
138  27  1.184836e-01  20  144.48
228  12  9.294764e-02  20  256.06
222  6  1.217067e-01  20  256.31
231  9  1.054741e-01  20  257.10
141  9  9.628336e-02  20  145.63
222  24  1.052388e-01  20  257.28
222  27  1.191578e-01  20  257.45
225  3  1.482253e-01  20  257.52
135  18  1.304881e-01  20  146.06
219  27  1.071271e-01  20  257.76
225  15  1.031067e-01  20  257.86
141  27  9.062708e-02  20  146.37
228  9  1.111632e-01  20  258.07
225  21  1.154779e-01  20  258.23
228  21  1.141347e-01  20  258.46
222  3  7.066539e-02  20  258.50
135  27  1.442158e-01  20  147.07
138  15  1.219347e-01  20  147.15
144  9  1.076225e-01  20  147.51
144  18  8.669857e-02  20  147.56
135  24  1.144817e-01  20  147.62
222  18  1.020642e-01  20  259.85
141  18  9.674349e-02  20  149.02
150  21  9.477897e-02  20  149.16
138  3  1.509134e-01  20  149.73
141  6  8.636990e-02  20  149.75
138  21  7.450649e-02  20  149.93
144  27  1.414545e-01  20  150.23
225  27  1.094418e-01  20  261.75
141  21  9.511413e-02  20  150.27
228  24  1.153159e-01  20  261.86
144  21  1.021311e-01  20  150.67
138  6  1.113474e-01  20  150.83
144  3  9.216554e-02  20  150.85
147  18  1.613770e-01  20  150.90
150  9  8.982597e-02  20  151.20
138  24  1.068372e-01  20  151.33
144  15  9.693691e-02  20  151.47
234  12  1.058500e-01  20  263.10
141  3  1.529956e-01  20  151.66
228  6  8.955838e-02  20  263.30
147  12  9.673157e-02  20  151.80
147  21  9.523611e-02  20  152.35
228  27  1.058974e-01  20  264.13
147  3  9.961890e-02  20  152.85
147  24  9.766870e-02  20  152.92
231  12  8.784611e-02  20  264.61
147  6  1.204450e-01  20  153.12
150  6  8.795209e-02  20  153.52
150  18  1.148607e-01  20  153.59
147  15  1.022295e-01  20  153.63
150  12  9.634667e-02  20  154.03
147  27  8.418831e-02  20  154.19
231  24  9.262185e-02  20  265.78
234  9  1.024487e-01  20  266.24
150  15  1.054385e-01  20  155.37
234  15  8.846955e-02  20  266.93
231  18  1.038901e-01  20  267.06
153  12  8.771476e-02  20  153.17
153  21  1.114629e-01  20  153.48
231  27  8.960372e-02  20  268.02
153  9  6.826247e-02  20  154.28
234  18  1.154016e-01  20  268.37
231  15  1.174566e-01  20  269.11
156  12  1.080668e-01  20  155.32
234  6  9.928349e-02  20  269.34
156  9  1.059303e-01  20  155.47
153  27  1.641780e-01  20  155.91
150  24  9.642309e-02  20  158.50
228  3  1.361712e-01  20  270.96
150  27  1.321517e-01  20  159.62
153  15  8.467056e-02  20  157.34
231  21  1.262661e-01  20  271.32
231  6  9.129041e-02  20  271.54
153  18  9.666442e-02  20  157.96
162  9  6.970923e-02  20  158.35
234  21  9.981687e-02  20  272.28
231  3  1.046102e-01  20  272.39
150  3  1.234193e-01  20  161.67
156  18  1.273153e-01  20  159.34
144  24  1.647052e-01  20  161.81
237  9  7.001894e-02  20  273.90
162  12  1.008522e-01  20  161.28
159  12  7.158112e-02  20  161.38
165  12  9.319460e-02  20  161.65
234  27  1.188135e-01  20  276.29
159  18  1.300384e-01  20  162.72
159  9  1.235377e-01  20  163.13
240  9  1.018364e-01  20  277.14
237  18  9.823769e-02  20  277.31
153  24  1.276024e-01  20  163.44
162  18  9.569302e-02  20  163.46
153  6  1.080879e-01  20  163.63
240  21  7.500624e-02  20  277.76
162  21  1.263325e-01  20  163.87
153  3  1.474866e-01  20  163.88
234  3  1.114222e-01  20  277.88
240  12  8.574997e-02  20  278.18
156  21  1.171018e-01  20  164.39
156  27  1.138679e-01  20  164.43
156  15  9.786074e-02  20  164.86
237  12  1.167617e-01  20  279.51
156  6  6.594134e-02  20  165.72
159  3  1.301373e-01  20  166.07
237  15  9.988363e-02  20  280.41
162  6  1.427063e-01  20  166.67
159  21  9.996703e-02  20  166.91
240  6  1.179609e-01  20  280.91
243  21  9.420824e-02  20  281.04
159  15  1.020969e-01  20  167.28
234  24  1.238083e-01  20  281.38
162  27  9.036929e-02  20  167.69
156  24  9.250620e-02  20  168.12
165  15  8.027116e-02  20  168.83
162  15  1.104287e-01  20  169.03
237  24  9.584776e-02  20  283.45
237  27  8.487033e-02  20  283.55
240  27  1.117906e-01  20  284.01
168  15  8.575882e-02  20  170.34
165  9  1.184821e-01  20  170.49
240  18  1.002106e-01  20  284.50
237  21  8.355498e-02  20  284.70
156  3  1.561622e-01  20  171.10
159  24  1.129072e-01  20  171.15
240  15  1.119648e-01  20  285.10
165  18  1.028107e-01  20  171.23
168  9  1.048014e-01  20  171.31
240  24  1.058829e-01  20  285.24
159  27  1.262259e-01  20  171.81
237  3  1.289465e-01  20  285.80
165  6  1.051065e-01  20  172.24
159  6  7.385710e-02  20  172.43
243  15  1.032219e-01  20  286.82
243  9  1.022206e-01  20  287.42
237  6  8.649767e-02  20  287.45
165  21  1.006509e-01  20  173.54
162  24  9.260849e-02  20  173.84
162  3  8.536973e-02  20  174.41
168  12  6.200746e-02  20  174.49
243  6  9.275103e-02  20  288.81
168  6  1.032138e-01  20  175.15
243  27  1.006806e-01  20  289.41
246  12  9.583710e-02  20  289.86
165  24  1.547475e-01  20  176.07
243  12  1.212092e-01  20  290.01
243  18  9.096100e-02  20  290.28
246  15  1.101562e-01  20  290.31
246  9  1.108720e-01  20  290.73
165  3  1.074103e-01  20  176.87
240  3  9.907886e-02  20  291.19
165  27  1.543185e-01  20  177.72
243  24  1.075021e-01  20  291.71
246  24  8.386631e-02  20  293.19
246  6  9.745201e-02  20  293.30
168  3  1.138916e-01  20  179.92
246  18  1.098675e-01  20  295.47
246  27  8.523837e-02  20  297.17
252  9  9.652369e-02  20  299.42
249  12  9.192468e-02  20  299.75
249  9  9.669332e-02  20  300.00
243  3  1.022017e-01  20  300.73
249  15  9.574075e-02  20  300.77
249  6  8.934819e-02  20  301.78
252  6  1.020344e-01  20  301.96
246  21  9.345743e-02  20  302.42
252  18  1.085528e-01  20  304.41
246  3  9.677676e-02  20  304.84
249  18  1.030864e-01  20  305.28
249  27  1.036720e-01  20  305.46
252  12  9.172134e-02  20  305.88
252  24  1.122302e-01  20  306.55
252  15  9.083956e-02  20  306.91
249  3  5.753914e-02  20  307.73
249  24  1.049985e-01  20  308.35
249  21  6.758014e-02  20  308.43
255  18  1.135058e-01  20  309.95
258  18  9.161885e-02  20  311.89
252  3  7.796462e-02  20  311.96
252  27  1.060427e-01  20  312.68
252  21  1.042005e-01  20  314.17
255  15  1.184359e-01  20  314.20
255  27  9.226859e-02  20  315.81
255  6  9.096355e-02  20  316.08
255  12  1.078708e-01  20  316.23
255  24  1.113675e-01  20  316.52
258  6  9.558364e-02  20  317.10
258  9  7.963352e-02  20  317.10
258  27  9.869058e-02  20  317.48
255  9  1.025343e-01  20  319.15
258  21  8.907188e-02  20  319.53
258  24  1.043371e-01  20  319.57
258  12  1.079170e-01  20  319.64
258  15  9.866004e-02  20  320.28
258  3  7.432140e-02  20  321.20
261  15  9.755102e-02  20  321.94
255  21  1.011948e-01  20  322.20
261  9  6.620938e-02  20  323.09
264  27  9.999067e-02  20  323.86
261  12  9.172772e-02  20  324.09
264  9  6.693247e-02  20  324.12
261  27  1.079074e-01  20  324.81
261  21  1.016717e-01  20  325.64
261  18  8.853985e-02  20  326.30
264  15  1.028737e-01  20  326.44
255  3  1.191086e-01  20  326.62
264  12  9.486751e-02  20  327.08
261  24  8.754334e-02  20  327.55
264  21  9.841919e-02  20  327.76
261  6  9.700074e-02  20  327.99
264  3  7.846543e-02  20  328.02
264  18  8.198041e-02  20  328.62
267  15  8.713714e-02  20  330.21
267  12  8.707493e-02  20  330.99
264  24  1.121542e-01  20  331.02
267  3  8.081845e-02  20  331.32
264  6  1.042182e-01  20  331.95
267  9  1.013678e-01  20  333.22
261  3  6.387125e-02  20  335.90
267  6  1.011699e-01  20  337.70
267  24  1.012404e-01  20  338.47
267  21  8.098349e-02  20  339.80
267  27  9.991196e-02  20  339.80
267  18  1.012755e-01  20  339.87
270  12  9.569508e-02  20  342.54
270  18  1.019205e-01  20  342.55
270  24  1.008640e-01  20  342.80
273  12  9.567446e-02  20  344.68
270  27  1.050443e-01  20  344.71
270  21  9.163480e-02  20  345.87
270  9  9.226165e-02  20  346.73
270  6  7.896329e-02  20  347.34
270  15  1.031575e-01  20  347.76
273  9  6.767365e-02  20  350.84
276  9  1.129949e-01  20  350.88
276  12  1.072109e-01  20  352.23
273  18  1.007933e-01  20  352.80
273  27  1.045946e-01  20  353.52
276  27  7.947034e-02  20  353.70
276  15  1.046837e-01  20  354.80
270  3  1.118135e-01  20  355.07
276  21  8.321988e-02  20  355.53
273  15  8.951454e-02  20  356.23
276  18  9.683010e-02  20  356.45
273  21  1.204116e-01  20  356.86
273  24  7.649720e-02  20  356.89
276  24  9.610689e-02  20  358.36
279  9  9.552628e-02  20  359.07
276  6  7.878049e-02  20  360.31
279  18  8.565817e-02  20  360.76
273  6  8.284539e-02  20  361.54
279  3  6.853112e-02  20  363.02
279  12  7.662780e-02  20  363.90
285  15  8.987053e-02  20  364.10
276  3  6.716529e-02  20  364.14
273  3  7.660061e-02  20  364.29
282  27  1.110471e-01  20  364.62
282  12  9.040511e-02  20  364.64
279  24  9.200377e-02  20  365.30
282  18  1.115717e-01  20  366.10
282  9  1.038999e-01  20  366.81
282  24  1.039175e-01  20  367.12
279  6  7.780993e-02  20  367.41
279  27  9.118096e-02  20  367.95
282  15  9.358507e-02  20  367.96
285  18  1.018471e-01  20  368.08
279  15  9.290848e-02  20  368.19
285  24  8.629412e-02  20  370.56
282  6  9.438448e-02  20  370.66
285  6  6.295486e-02  20  370.76
282  21  1.058111e-01  20  371.27
285  12  9.769731e-02  20  371.65
279  21  1.105729e-01  20  372.15
285  3  6.924604e-02  20  374.77
282  3  6.155162e-02  20  375.55
285  9  7.794422e-02  20  376.70
285  21  9.220354e-02  20  377.33
288  12  7.853611e-02  20  377.58
291  12  7.454362e-02  20  378.59
285  27  1.005671e-01  20  380.54
291  15  1.018220e-01  20  380.68
294  12  9.787798e-02  20  381.22
291  18  9.622912e-02  20  382.00
288  9  9.900222e-02  20  382.32
291  24  8.811962e-02  20  383.71
288  3  7.964660e-02  20  384.93
291  9  9.622696e-02  20  385.42
294  9  9.245445e-02  20  385.59
291  21  9.879480e-02  20  385.82
291  27  9.715425e-02  20  386.03
288  6  8.014590e-02  20  386.09
288  24  9.975823e-02  20  386.17
294  24  7.723202e-02  20  386.53
294  15  9.975591e-02  20  386.62
294  18  9.670484e-02  20  386.76
288  15  1.092157e-01  20  386.81
288  18  1.179182e-01  20  386.99
291  6  7.845726e-02  20  388.56
294  21  1.091979e-01  20  388.60
294  27  9.462074e-02  20  389.49
288  27  1.033582e-01  20  390.54
288  21  9.245484e-02  20  390.79
291  3  7.992484e-02  20  391.88
294  6  7.126083e-02  20  392.84
297  9  9.412376e-02  20  392.92
294  3  6.441944e-02  20  393.38
297  12  8.917027e-02  20  395.95
297  15  9.335787e-02  20  396.65
297  18  9.660976e-02  20  398.72
297  27  9.498716e-02  20  399.16
297  24  1.050810e-01  20  399.71
297  6  8.035145e-02  20  400.92
297  21  9.302505e-02  20  404.22
297  3  6.452833e-02  20  406.70
