# var(lg_P)
0.000000 0.000000 0.000000 0.000000 0.000000 0.000000 0.000000 0.000000 0.000000 0.000000 0.000000 0.000000 0.000000 0.000000 0.000000 0.000000 0.000000 0.000000 0.000000 0.000000 0.000000 0.000000 0.000000 0.000000 0.000000 0.000000 0.000000 0.000000 0.000000 0.000000 0.000000 0.000000 0.000000 0.000000 0.000000 0.000000 0.000000 0.000000 0.000000 0.000000 0.000000 0.000000 0.000001 0.000000 0.000001 0.000001 0.000004 0.000002 0.000013 0.000003 0.000006 0.000044 0.000004 0.000001 0.000002 0.000001 0.000003 0.000003 0.000003 0.000002 0.000002 0.000002 0.000003 0.000003
0.000000 0.000000 0.000000 0.000000 0.000000 0.000000 0.000000 0.000000 0.000000 0.000000 0.000000 0.000000 0.000000 0.000000 0.000000 0.000000 0.000000 0.000000 0.000000 0.000000 0.000000 0.000000 0.000000 0.000000 0.000000 0.000000 0.000000 0.000000 0.000000 0.000000 0.000000 0.000000 0.000000 0.000000 0.000000 0.000001 0.000000 0.000000 0.000000 0.000000 0.000000 0.000000 0.000001 0.000001 0.000001 0.000001 0.000005 0.000003 0.000014 0.000003 0.000007 0.000041 0.000005 0.000001 0.000002 0.000002 0.000003 0.000003 0.000003 0.000003 0.000002 0.000002 0.000003 0.000003
0.000000 0.000000 0.000000 0.000000 0.000000 0.000000 0.000000 0.000000 0.000000 0.000000 0.000000 0.000000 0.000000 0.000000 0.000000 0.000000 0.000000 0.000000 0.000000 0.000000 0.000000 0.000000 0.000000 0.000000 0.000000 0.000000 0.000000 0.000000 0.000000 0.000000 0.000000 0.000000 0.000000 0.000000 0.000000 0.000000 0.000000 0.000000 0.000000 0.000000 0.000000 0.000000 0.000001 0.000000 0.000001 0.000001 0.000004 0.000002 0.000015 0.000003 0.000006 0.000044 0.000005 0.000001 0.000002 0.000001 0.000003 0.000004 0.000003 0.000003 0.000002 0.000002 0.000002 0.000003
0.000000 0.000000 0.000000 0.000000 0.000000 0.000000 0.000000 0.000000 0.000000 0.000000 0.000000 0.000000 0.000000 0.000000 0.000000 0.000000 0.000000 0.000000 0.000000 0.000000 0.000000 0.000000 0.000000 0.000000 0.000000 0.000000 0.000000 0.000000 0.000000 0.000000 0.000000 0.000000 0.000000 0.000000 0.000000 0.000001 0.000000 0.000000 0.000000 0.000000 0.000000 0.000000 0.000001 0.000000 0.000001 0.000001 0.000005 0.000002 0.000012 0.000003 0.000006 0.000050 0.000004 0.000001 0.000002 0.000001 0.000003 0.000003 0.000003 0.000002 0.000002 0.000002 0.000002 0.000003
0.000000 0.000000 0.000000 0.000000 0.000000 0.000000 0.000000 0.000000 0.000000 0.000000 0.000000 0.000000 0.000000 0.000000 0.000000 0.000000 0.000000 0.000000 0.000000 0.000000 0.000000 0.000000 0.000000 0.000000 0.000000 0.000000 0.000000 0.000000 0.000000 0.000000 0.000000 0.000000 0.000000 0.000000 0.000000 0.000000 0.000000 0.000000 0.000000 0.000000 0.000000 0.000000 0.000001 0.000001 0.000001 0.000001 0.000003 0.000002 0.000014 0.000003 0.000006 0.000039 0.000005 0.000001 0.000002 0.000001 0.000002 0.000003 0.000003 0.000003 0.000002 0.000002 0.000002 0.000003
0.000000 0.000000 0.000000 0.000000 0.000000 0.000000 0.000000 0.000000 0.000000 0.000000 0.000000 0.000000 0.000000 0.000000 0.000000 0.000000 0.000000 0.000000 0.000000 0.000000 0.000000 0.000000 0.000000 0.000000 0.000000 0.000000 0.000000 0.000000 0.000000 0.000000 0.000000 0.000000 0.000000 0.000000 0.000000 0.000000 0.000000 0.000000 0.000000 0.000001 0.000000 0.000000 0.000001 0.000001 0.000001 0.000001 0.000006 0.000002 0.000015 0.000004 0.000008 0.000049 0.000006 0.000001 0.000002 0.000002 0.000003 0.000003 0.000003 0.000003 0.000002 0.000002 0.000002 0.000004
0.000000 0.000000 0.000000 0.000000 0.000000 0.000000 0.000000 0.000000 0.000000 0.000000 0.000000 0.000000 0.000000 0.000000 0.000000 0.000000 0.000000 0.000000 0.000000 0.000000 0.000000 0.000000 0.000000 0.000000 0.000000 0.000000 0.000000 0.000000 0.000000 0.000000 0.000000 0.000000 0.000000 0.000000 0.000000 0.000000 0.000000 0.000000 0.000000 0.000000 0.000000 0.000000 0.000001 0.000001 0.000001 0.000001 0.000004 0.000002 0.000011 0.000003 0.000006 0.000044 0.000005 0.000001 0.000002 0.000001 0.000003 0.000003 0.000002 0.000002 0.000002 0.000002 0.000002 0.000003
0.000000 0.000000 0.000000 0.000000 0.000000 0.000000 0.000000 0.000000 0.000000 0.000000 0.000000 0.000000 0.000000 0.000000 0.000000 0.000000 0.000000 0.000000 0.000000 0.000000 0.000000 0.000000 0.000000 0.000000 0.000000 0.000000 0.000000 0.000000 0.000000 0.000000 0.000000 0.000000 0.000000 0.000000 0.000000 0.000000 0.000000 0.000000 0.000000 0.000000 0.000000 0.000000 0.000001 0.000001 0.000001 0.000002 0.000005 0.000003 0.000019 0.000003 0.000009 0.000051 0.000006 0.000001 0.000002 0.000002 0.000005 0.000005 0.000004 0.000004 0.000002 0.000002 0.000002 0.000004
0.000000 0.000000 0.000000 0.000000 0.000000 0.000000 0.000000 0.000000 0.000000 0.000000 0.000000 0.000000 0.000000 0.000000 0.000000 0.000000 0.000000 0.000000 0.000000 0.000000 0.000000 0.000000 0.000000 0.000000 0.000000 0.000000 0.000000 0.000000 0.000000 0.000000 0.000000 0.000000 0.000000 0.000000 0.000000 0.000000 0.000000 0.000000 0.000000 0.000000 0.000000 0.000000 0.000001 0.000000 0.000001 0.000001 0.000004 0.000002 0.000013 0.000003 0.000006 0.000041 0.000005 0.000001 0.000001 0.000001 0.000002 0.000003 0.000002 0.000002 0.000001 0.000001 0.000002 0.000003
0.000000 0.000000 0.000000 0.000000 0.000000 0.000000 0.000000 0.000000 0.000000 0.000000 0.000000 0.000000 0.000000 0.000000 0.000000 0.000000 0.000000 0.000000 0.000000 0.000000 0.000000 0.000000 0.000000 0.000000 0.000000 0.000000 0.000000 0.000000 0.000000 0.000000 0.000000 0.000000 0.000000 0.000000 0.000000 0.000001 0.000000 0.000000 0.000000 0.000001 0.000000 0.000000 0.000001 0.000001 0.000001 0.000001 0.000005 0.000003 0.000017 0.000004 0.000009 0.000044 0.000006 0.000001 0.000002 0.000002 0.000004 0.000004 0.000003 0.000003 0.000002 0.000002 0.000002 0.000003
