# mean(lg_P) also median/mode
3.341241 3.312518 3.275468 3.234620 3.192385 3.141181 3.103129 3.067627 3.035223 3.011381 2.983659 2.943998 2.884980 2.816799 2.735215 2.668691 2.617721 2.584023 2.532115 2.443990 2.359736 2.308876 2.253859 2.166786 2.092732 2.034403 1.950669 1.877040 1.806831 1.729266 1.654355 1.578393 1.503574 1.424445 1.348897 1.273565 1.197369 1.121934 1.047006 0.971674 0.897806 0.824636 0.752085 0.680106 0.609992 0.540564 0.471735 0.404956 0.338737 0.273901 0.210821 0.149069 0.088382 0.028901 -0.029303 -0.086734 -0.143475 -0.199381 -0.253529 -0.309647 -0.365100 -0.420376 -0.476380 -0.535184
3.324984 3.295376 3.257639 3.215715 3.171752 3.118355 3.077137 3.038392 3.002649 2.976553 2.948714 2.910954 2.855218 2.789470 2.706744 2.633455 2.574003 2.538288 2.492710 2.410559 2.320782 2.258820 2.207463 2.127645 2.044501 1.983698 1.904759 1.824610 1.756211 1.675613 1.600204 1.522369 1.446327 1.365331 1.288290 1.211306 1.133324 1.055433 0.978930 0.901532 0.825215 0.749711 0.674747 0.599747 0.527523 0.454935 0.383302 0.313566 0.244080 0.176042 0.109685 0.044758 -0.019488 -0.081978 -0.143562 -0.203709 -0.263026 -0.321708 -0.379208 -0.436644 -0.493366 -0.549982 -0.606238 -0.662809
3.452574 3.428687 3.397079 3.360724 3.322985 3.274359 3.238856 3.204965 3.173329 3.150999 3.125871 3.091037 3.038026 2.977483 2.900526 2.834214 2.779522 2.747032 2.702981 2.623333 2.540538 2.485315 2.436393 2.358882 2.282805 2.226687 2.150459 2.076922 2.013605 1.938572 1.868803 1.797635 1.727900 1.653804 1.584265 1.514588 1.445043 1.376234 1.308840 1.240834 1.174976 1.110395 1.046330 0.983547 0.922885 0.863420 0.804637 0.748105 0.692118 0.637603 0.584506 0.532343 0.480696 0.429479 0.378930 0.327729 0.276537 0.223791 0.171600 0.116061 0.059640 0.001003 -0.059137 -0.121225
3.400586 3.376771 3.345292 3.309575 3.271850 3.223647 3.187180 3.151585 3.117663 3.092481 3.064640 3.028501 2.976467 2.917782 2.842543 2.774819 2.716008 2.678583 2.633982 2.558325 2.475392 2.414157 2.362033 2.287703 2.209302 2.148849 2.073879 1.997069 1.931920 1.854952 1.783129 1.709333 1.637370 1.560874 1.488447 1.416051 1.343253 1.271621 1.200825 1.129186 1.059489 0.991258 0.923233 0.856585 0.791323 0.727789 0.664852 0.603623 0.543896 0.485194 0.427835 0.371785 0.316511 0.262147 0.209376 0.156174 0.103687 0.050274 -0.002129 -0.057266 -0.112808 -0.169485 -0.227444 -0.285647
3.274041 3.250699 3.219781 3.184395 3.146449 3.098949 3.061196 3.024442 2.990027 2.964440 2.938427 2.905365 2.857860 2.801491 2.726957 2.655464 2.592378 2.553947 2.515074 2.445590 2.360584 2.292056 2.241732 2.174508 2.091280 2.028259 1.957981 1.877028 1.812195 1.733855 1.661244 1.585853 1.512458 1.434015 1.359714 1.285216 1.210230 1.135254 1.061147 0.987139 0.914180 0.841674 0.770009 0.698972 0.629901 0.560878 0.493098 0.427291 0.361735 0.298138 0.235711 0.175170 0.115002 0.056453 -0.000695 -0.057052 -0.113219 -0.168054 -0.220442 -0.276571 -0.331567 -0.386053 -0.441272 -0.499679
3.314269 3.293254 3.264881 3.232717 3.197763 3.152988 3.118148 3.083519 3.050524 3.025561 2.999084 2.965327 2.917461 2.862433 2.790872 2.723878 2.663978 2.625299 2.584415 2.514135 2.432258 2.368048 2.317235 2.247491 2.167952 2.106781 2.035468 1.957218 1.893501 1.816334 1.745063 1.670998 1.598998 1.522333 1.449413 1.376640 1.303814 1.230896 1.159043 1.087470 1.016648 0.947274 0.878432 0.809655 0.744397 0.679278 0.614663 0.552927 0.491436 0.431087 0.373214 0.316052 0.260100 0.205222 0.151422 0.098000 0.045466 -0.007488 -0.060009 -0.113545 -0.167385 -0.222543 -0.278706 -0.335073
3.250774 3.230257 3.202540 3.170512 3.135662 3.091197 3.055418 3.019976 2.986176 2.960600 2.935008 2.903147 2.858634 2.806434 2.736420 2.667310 2.603177 2.562547 2.525197 2.460975 2.379782 2.308935 2.257565 2.195312 2.113600 2.048740 1.982091 1.901065 1.837268 1.760303 1.688445 1.614078 1.541680 1.464269 1.390802 1.317434 1.243759 1.169678 1.096457 1.023991 0.952204 0.881105 0.810808 0.740684 0.673525 0.606035 0.539441 0.475637 0.411535 0.349332 0.288885 0.230028 0.171631 0.114868 0.059034 0.004017 -0.050198 -0.103679 -0.156496 -0.210493 -0.264533 -0.318861 -0.374367 -0.430941
3.348190 3.329057 3.302953 3.272773 3.239375 3.195341 3.160626 3.125309 3.091130 3.065367 3.038820 3.007157 2.963647 2.914562 2.847320 2.779838 2.714114 2.671087 2.633227 2.572647 2.495719 2.423778 2.369433 2.310234 2.233046 2.165294 2.100550 2.023043 1.958933 1.885772 1.814520 1.743285 1.673108 1.598347 1.527815 1.457391 1.387151 1.316890 1.247820 1.179254 1.111542 1.045462 0.979814 0.915092 0.852884 0.791225 0.730606 0.672366 0.614702 0.558312 0.503775 0.449613 0.396617 0.344765 0.293279 0.241561 0.191536 0.139162 0.087520 0.033388 -0.020960 -0.077715 -0.135697 -0.193679
3.330445 3.315616 3.293841 3.268794 3.240831 3.202797 3.173461 3.142963 3.112825 3.089361 3.063476 3.031347 2.987578 2.939806 2.877128 2.817193 2.759152 2.718657 2.678080 2.613958 2.541425 2.478399 2.425862 2.362021 2.288245 2.226662 2.159684 2.084829 2.023036 1.950442 1.881609 1.812098 1.743638 1.670718 1.602133 1.533686 1.465799 1.397389 1.330819 1.264683 1.199423 1.135745 1.072909 1.010708 0.951719 0.892717 0.835003 0.779612 0.724655 0.670978 0.619553 0.567873 0.516802 0.466965 0.416750 0.366237 0.315489 0.263922 0.213990 0.156809 0.100799 0.042422 -0.017629 -0.079871
3.326431 3.312301 3.291334 3.266831 3.239092 3.201153 3.171508 3.140705 3.110423 3.087264 3.062561 3.032740 2.991964 2.946864 2.885495 2.824394 2.763738 2.722306 2.685027 2.626242 2.555135 2.488292 2.435376 2.377570 2.304547 2.240337 2.177528 2.103019 2.041653 1.971427 1.902863 1.835251 1.767870 1.696100 1.629187 1.562143 1.495764 1.428631 1.363958 1.299458 1.235682 1.173580 1.112532 1.052335 0.994969 0.937684 0.882123 0.828331 0.775211 0.723071 0.673462 0.622989 0.573826 0.525245 0.475666 0.425775 0.375520 0.325404 0.277017 0.218304 0.162834 0.104350 0.043736 -0.019423
