# mean(lg_P) also median/mode
4.342390 4.317617 4.281390 4.239673 4.200268 4.134249 4.103603 4.068692 4.034622 4.013403 3.986463 3.948569 3.880652 3.823832 3.744817 3.688960 3.633674 3.601790 3.554335 3.474295 3.410035 3.365420 3.313738 3.248917 3.194986 3.146622 3.085703 3.040875 2.984777 2.938434 2.892118 2.846129 2.801515 2.759090 2.716431 2.676790 2.636584 2.598344 2.558938 2.520971 2.480859 2.441612 2.400941 2.359479 2.314285 2.268221 2.219427 2.167726 2.112783 2.058209 1.996650 1.938063 1.874628 1.809259 1.740259 1.671731 1.601072 1.529026 1.456424 1.381372 1.306868 1.229334 1.150017 1.068185
4.217566 4.191245 4.153082 4.111270 4.069848 4.004492 3.967938 3.931307 3.893056 3.870603 3.844624 3.806730 3.744222 3.687264 3.606058 3.542838 3.480918 3.446859 3.404440 3.325773 3.253516 3.201696 3.150275 3.082546 3.023152 2.969497 2.905425 2.853454 2.794282 2.742268 2.690025 2.639646 2.588746 2.541379 2.491964 2.446687 2.402595 2.360744 2.318664 2.277934 2.237725 2.198683 2.160759 2.119642 2.078660 2.039453 1.997454 1.953191 1.912306 1.861340 1.820541 1.766238 1.708159 1.650867 1.585966 1.524367 1.460960 1.389811 1.321385 1.251849 1.183462 1.108326 1.033628 0.961854
4.424602 4.404608 4.373346 4.336843 4.301642 4.237487 4.208880 4.175197 4.142520 4.122402 4.097557 4.064173 4.001401 3.951820 3.876993 3.822629 3.764991 3.734225 3.693595 3.620546 3.560762 3.515878 3.468731 3.411033 3.360604 3.316581 3.261627 3.222695 3.170810 3.130071 3.088380 3.047058 3.008254 2.970984 2.932961 2.898155 2.862096 2.826760 2.788897 2.752340 2.713303 2.673145 2.631447 2.587851 2.540810 2.491993 2.441530 2.387812 2.332530 2.274177 2.209521 2.150994 2.086813 2.022703 1.957598 1.890967 1.821740 1.756501 1.686884 1.616860 1.548522 1.474765 1.404113 1.328446
4.421867 4.402198 4.371198 4.334825 4.299987 4.235710 4.206159 4.171449 4.135738 4.113718 4.086617 4.052398 3.989847 3.942256 3.868891 3.813659 3.752731 3.718704 3.677251 3.605963 3.546142 3.498542 3.449746 3.392770 3.340454 3.295469 3.239447 3.199536 3.146674 3.104853 3.062091 3.019778 2.979719 2.941346 2.902268 2.866323 2.829094 2.792414 2.753797 2.716090 2.675460 2.634264 2.591051 2.546434 2.498264 2.448107 2.396446 2.339989 2.282652 2.223101 2.159585 2.096709 2.026318 1.957921 1.891616 1.819153 1.747054 1.679135 1.603354 1.530235 1.456913 1.378680 1.298073 1.220233
4.280742 4.260639 4.230183 4.194871 4.159355 4.098246 4.066570 4.030539 3.994914 3.972245 3.946894 3.914136 3.857629 3.810171 3.736515 3.675999 3.611255 3.576114 3.538636 3.469556 3.403877 3.351377 3.301566 3.242464 3.187505 3.137445 3.078821 3.032861 2.977858 2.931487 2.885108 2.839561 2.795052 2.752454 2.710038 2.670174 2.630537 2.592553 2.554051 2.516082 2.476757 2.438336 2.398083 2.357216 2.313083 2.267765 2.220135 2.169544 2.114721 2.059985 1.996113 1.935151 1.873458 1.810797 1.743849 1.676835 1.605800 1.537440 1.465365 1.393318 1.320831 1.240867 1.160866 1.079496
4.233880 4.215788 4.186992 4.155150 4.122248 4.065065 4.034953 4.001276 3.966394 3.944813 3.919348 3.885398 3.829526 3.782614 3.711593 3.653910 3.591731 3.556229 3.517806 3.448102 3.383600 3.332917 3.283148 3.222472 3.168455 3.118768 3.060104 3.013752 2.959362 2.912347 2.865985 2.820612 2.776458 2.733824 2.691763 2.651805 2.612355 2.575197 2.536532 2.499598 2.461379 2.424122 2.385241 2.345663 2.303161 2.259053 2.214198 2.166671 2.116804 2.062740 2.008422 1.948688 1.891495 1.830245 1.768108 1.702926 1.635479 1.570228 1.500443 1.431258 1.357213 1.285820 1.211611 1.135224
4.262327 4.244697 4.217096 4.185403 4.152654 4.094723 4.064385 4.029486 3.994259 3.971881 3.946682 3.914793 3.860954 3.817101 3.747218 3.688269 3.622839 3.586133 3.550182 3.484569 3.421309 3.367893 3.318100 3.261010 3.207805 3.157652 3.100439 3.055399 3.001496 2.955857 2.910516 2.865902 2.822699 2.780903 2.739768 2.700667 2.661845 2.624526 2.586393 2.549139 2.510204 2.471719 2.431189 2.390795 2.346303 2.299772 2.251496 2.200626 2.147131 2.091356 2.031337 1.971513 1.910949 1.848341 1.781148 1.714352 1.646010 1.573327 1.503248 1.429838 1.356444 1.282197 1.205347 1.127477
4.322094 4.306009 4.280313 4.249939 4.218433 4.160293 4.131247 4.096348 4.060897 4.038208 4.011991 3.980762 3.927197 3.886678 3.819375 3.762176 3.696085 3.657979 3.621938 3.558921 3.499776 3.447137 3.397253 3.343008 3.292017 3.244301 3.189090 3.147820 3.095417 3.052929 3.010055 2.967589 2.927514 2.888625 2.850012 2.813818 2.777210 2.741715 2.705073 2.669274 2.631159 2.592620 2.551591 2.511494 2.466031 2.418153 2.368485 2.316053 2.259461 2.206324 2.142064 2.082244 2.024832 1.962759 1.898057 1.831811 1.765907 1.695827 1.627761 1.558210 1.489190 1.415383 1.344311 1.267891
4.337511 4.325647 4.304042 4.278768 4.252831 4.199999 4.175729 4.145233 4.113097 4.093019 4.067224 4.035462 3.980928 3.941877 3.878505 3.827940 3.767661 3.731642 3.694007 3.629655 3.574511 3.527372 3.479475 3.425236 3.377422 3.332716 3.279903 3.241642 3.190952 3.151273 3.110753 3.070221 3.032303 2.995770 2.958407 2.923562 2.888429 2.853084 2.816640 2.779919 2.741291 2.701482 2.660090 2.615652 2.569093 2.520612 2.470711 2.419115 2.367479 2.304193 2.253279 2.189498 2.128533 2.061414 1.993907 1.927940 1.859607 1.788064 1.717424 1.645427 1.567682 1.501526 1.431227 1.357459
4.353711 4.342508 4.321594 4.296711 4.270889 4.217669 4.192991 4.161974 4.129984 4.109725 4.084822 4.054961 4.002885 3.966173 3.903655 3.852199 3.789861 3.753421 3.718270 3.656870 3.603088 3.554701 3.507348 3.455488 3.408572 3.364414 3.313093 3.276173 3.226156 3.187740 3.147930 3.108192 3.071251 3.035576 2.998912 2.964404 2.930224 2.894696 2.858745 2.821906 2.782572 2.742050 2.700514 2.655219 2.608162 2.558405 2.507237 2.453388 2.394786 2.336835 2.273183 2.207952 2.142165 2.081601 2.016689 1.954041 1.889049 1.824601 1.756419 1.688081 1.626585 1.549354 1.480235 1.407507
