# mean(lg_P) also median/mode
4.258019 4.232724 4.196210 4.154627 4.114890 4.050872 4.017994 3.984327 3.949816 3.928973 3.902048 3.863561 3.796690 3.738266 3.658762 3.601383 3.546268 3.514274 3.466158 3.384417 3.317319 3.272199 3.219652 3.151329 3.095150 3.044661 2.980792 2.931968 2.874026 2.824239 2.774723 2.725943 2.676406 2.629514 2.584845 2.540986 2.498233 2.456834 2.415128 2.373981 2.332940 2.292403 2.251126 2.208612 2.163834 2.118322 2.070858 2.020527 1.967779 1.912077 1.853607 1.792401 1.728727 1.662996 1.594610 1.524636 1.454855 1.382269 1.305182 1.230226 1.152251 1.074014 0.994428 0.914413
4.135376 4.108958 4.070972 4.029108 3.987315 3.923369 3.887738 3.849585 3.812763 3.789141 3.762603 3.724595 3.662870 3.604792 3.523056 3.458389 3.396442 3.362190 3.319410 3.239958 3.164799 3.111585 3.059364 2.990188 2.927460 2.872477 2.806007 2.749807 2.689708 2.633336 2.577417 2.524802 2.470619 2.418591 2.365868 2.316981 2.269709 2.224375 2.178260 2.134476 2.092670 2.052123 2.011064 1.968884 1.928191 1.886680 1.843937 1.799869 1.753275 1.705572 1.655325 1.603627 1.548807 1.491755 1.430768 1.369324 1.307787 1.237811 1.171194 1.100846 1.030767 0.958279 0.885459 0.809597
4.339160 4.318450 4.287381 4.250956 4.215497 4.153406 4.123202 4.090347 4.057009 4.037416 4.012701 3.978868 3.917083 3.866089 3.790765 3.734684 3.676882 3.645981 3.604952 3.530448 3.467218 3.421360 3.373154 3.312582 3.259137 3.213179 3.155036 3.112463 3.058584 3.014697 2.970432 2.926586 2.883553 2.842541 2.803232 2.765139 2.726953 2.689510 2.651157 2.612209 2.572700 2.532522 2.491157 2.448116 2.401357 2.352441 2.301899 2.247968 2.191567 2.132559 2.071821 2.008631 1.943734 1.877492 1.808005 1.738058 1.670072 1.597422 1.521152 1.447683 1.370249 1.292947 1.215250 1.136533
4.331926 4.311436 4.280638 4.244383 4.209230 4.147113 4.115868 4.081963 4.046209 4.024160 3.997079 3.962205 3.900886 3.851847 3.778028 3.720924 3.659780 3.625343 3.583448 3.510934 3.447717 3.398640 3.348587 3.288668 3.233669 3.186132 3.127057 3.083150 3.028098 2.983115 2.937587 2.892364 2.847871 2.805510 2.764930 2.725380 2.685797 2.647153 2.607470 2.567727 2.526739 2.485346 2.442760 2.398942 2.350973 2.300797 2.248872 2.193913 2.136571 2.076188 2.013571 1.948710 1.881906 1.812317 1.743015 1.671288 1.595124 1.520330 1.448078 1.370348 1.293741 1.214758 1.134723 1.052748
4.190369 4.170078 4.139322 4.104110 4.068288 4.009073 3.976531 3.940534 3.904741 3.882188 3.856782 3.823697 3.768418 3.719657 3.645749 3.583597 3.518527 3.482940 3.445433 3.375860 3.307184 3.252554 3.202112 3.141337 3.082874 3.030421 2.969651 2.918931 2.862684 2.812452 2.762585 2.713998 2.665565 2.619637 2.572644 2.528690 2.485760 2.444294 2.402605 2.362926 2.321876 2.282298 2.241524 2.198937 2.156122 2.112125 2.065624 2.016883 1.965441 1.911058 1.853809 1.794016 1.731559 1.666778 1.599457 1.530663 1.460187 1.388034 1.314581 1.240043 1.163541 1.085996 1.007049 0.927555
4.145755 4.127880 4.098907 4.067044 4.033876 3.978420 3.948877 3.914066 3.879793 3.857534 3.831907 3.797804 3.742957 3.694937 3.623704 3.564666 3.502436 3.466291 3.427746 3.357618 3.290335 3.237690 3.187260 3.125204 3.067312 3.015725 2.954912 2.903931 2.848479 2.796999 2.747853 2.699746 2.651353 2.605108 2.558925 2.515255 2.473046 2.432455 2.391256 2.351615 2.312513 2.274263 2.235357 2.194094 2.153205 2.110819 2.066800 2.020329 1.971635 1.919938 1.865996 1.809232 1.749878 1.688124 1.626719 1.561901 1.490849 1.421795 1.357137 1.283808 1.213485 1.139629 1.064469 0.988637
4.170126 4.152536 4.124671 4.093019 4.060016 4.003983 3.973631 3.938053 3.902885 3.880363 3.855156 3.822951 3.770434 3.725376 3.655396 3.594948 3.529156 3.491817 3.455847 3.390050 3.323906 3.268146 3.217545 3.159350 3.102424 3.049659 2.990522 2.940637 2.885528 2.835758 2.787250 2.739753 2.692459 2.647792 2.601587 2.558508 2.516781 2.476277 2.435366 2.395656 2.355631 2.316254 2.275996 2.233983 2.190694 2.146085 2.099421 2.050116 1.998197 1.943303 1.885733 1.825361 1.762376 1.697510 1.630732 1.561942 1.490100 1.418779 1.345910 1.271061 1.194796 1.117294 1.038693 0.958633
4.232166 4.215706 4.189782 4.159511 4.127804 4.071680 4.042337 4.007062 3.971284 3.948473 3.922561 3.890963 3.838810 3.797049 3.729674 3.670969 3.604343 3.565395 3.529236 3.466214 3.404228 3.349090 3.297880 3.242334 3.188126 3.137527 3.080205 3.034417 2.980488 2.934381 2.888495 2.843356 2.799093 2.756599 2.714835 2.674904 2.635663 2.597658 2.558880 2.520406 2.481578 2.442459 2.402577 2.360821 2.316454 2.270460 2.222736 2.171788 2.118649 2.062529 2.004228 1.942851 1.879934 1.814627 1.748443 1.680225 1.606988 1.538162 1.466950 1.393027 1.318559 1.242705 1.165339 1.086536
4.244419 4.232226 4.210448 4.185231 4.159092 4.108445 4.084209 4.053163 4.021314 4.000850 3.975177 3.942959 3.890034 3.849721 3.786355 3.734461 3.673911 3.637148 3.599269 3.534407 3.476496 3.427365 3.377926 3.321963 3.270813 3.223788 3.168143 3.125702 3.073802 3.030316 2.986959 2.944015 2.903194 2.863766 2.823068 2.785165 2.747574 2.710457 2.672538 2.635440 2.595663 2.556345 2.514934 2.470686 2.424839 2.376545 2.325954 2.271908 2.215303 2.156500 2.095586 2.032507 1.967372 1.901949 1.830718 1.760619 1.698399 1.625175 1.543448 1.472655 1.392776 1.315775 1.238474 1.159500
4.257088 4.245404 4.224502 4.199722 4.173689 4.122697 4.097940 4.066551 4.034595 4.014249 3.989480 3.959380 3.908910 3.870995 3.808533 3.755643 3.692858 3.655569 3.620262 3.558815 3.502135 3.451367 3.402101 3.349048 3.298800 3.252039 3.197875 3.156805 3.105665 3.063592 3.020881 2.978788 2.939473 2.901097 2.860659 2.823679 2.786331 2.749662 2.711551 2.675161 2.634745 2.595086 2.552659 2.507222 2.460842 2.411601 2.359925 2.304674 2.247083 2.187407 2.125498 2.061632 1.995810 1.928990 1.859272 1.788359 1.720275 1.647908 1.570639 1.498080 1.419469 1.342029 1.264282 1.185934
