# mean(lg_P) also median/mode
3.918880 3.892143 3.854490 3.814063 3.773083 3.715159 3.680437 3.645553 3.611711 3.590047 3.562766 3.523222 3.460091 3.396718 3.315783 3.253800 3.199904 3.167230 3.117395 3.031331 2.955334 2.907896 2.852969 2.774489 2.710268 2.654315 2.581440 2.517733 2.455628 2.392436 2.329703 2.269615 2.208385 2.146320 2.088900 2.031650 1.976131 1.921577 1.868486 1.816864 1.766273 1.717688 1.669497 1.622001 1.576110 1.529342 1.483421 1.436709 1.389103 1.342022 1.292503 1.239766 1.187622 1.132034 1.073596 1.012403 0.948790 0.881776 0.812746 0.740861 0.666358 0.590175 0.511981 0.433788
3.839123 3.811012 3.773543 3.731114 3.688542 3.629486 3.590841 3.552831 3.516435 3.492013 3.464990 3.426519 3.367998 3.305652 3.223448 3.154610 3.093265 3.058394 3.014456 2.933262 2.850378 2.792986 2.740818 2.665645 2.593347 2.534601 2.461787 2.392482 2.329629 2.261882 2.195908 2.131713 2.066666 2.000398 1.937870 1.875572 1.817058 1.758450 1.699814 1.644128 1.589436 1.536560 1.484087 1.433815 1.384733 1.336074 1.288926 1.241669 1.194744 1.148192 1.098643 1.052337 1.003691 0.952661 0.899920 0.845143 0.785957 0.726689 0.663787 0.599171 0.534500 0.465406 0.393841 0.319736
4.012995 3.990374 3.959885 3.923335 3.886974 3.831325 3.798912 3.765556 3.732579 3.712483 3.687681 3.652784 3.595211 3.539469 3.463056 3.401796 3.344719 3.313186 3.270909 3.192851 3.119579 3.069597 3.019610 2.950330 2.887146 2.834790 2.768436 2.709886 2.652398 2.595051 2.538888 2.485077 2.429569 2.375106 2.323722 2.273251 2.224752 2.177253 2.130320 2.085497 2.041392 1.998381 1.954762 1.911282 1.867991 1.823656 1.779143 1.731530 1.683563 1.632760 1.580756 1.527294 1.466054 1.404777 1.341352 1.274638 1.205910 1.134587 1.061796 0.987340 0.911698 0.834768 0.756813 0.676283
3.979720 3.957340 3.926656 3.890731 3.854356 3.799123 3.765774 3.730857 3.695580 3.672705 3.645327 3.609446 3.552514 3.498708 3.423854 3.361155 3.300259 3.264384 3.221261 3.146182 3.072580 3.017869 2.965373 2.897547 2.832082 2.776403 2.710014 2.648362 2.589327 2.529820 2.471151 2.415110 2.357687 2.300256 2.247103 2.194462 2.143163 2.093152 2.044637 1.997040 1.950723 1.905585 1.861115 1.815894 1.772152 1.726801 1.682730 1.634854 1.587628 1.537393 1.485464 1.433343 1.373059 1.312308 1.249337 1.183627 1.115249 1.044824 0.971802 0.897172 0.820980 0.743065 0.664493 0.584610
3.845707 3.823545 3.793418 3.757937 3.721086 3.667704 3.632582 3.596365 3.561154 3.537527 3.511912 3.478246 3.427096 3.374336 3.299970 3.233048 3.168254 3.131130 3.093275 3.023283 2.945705 2.883929 2.833002 2.768062 2.697816 2.638773 2.572886 2.505525 2.446381 2.382358 2.320495 2.260411 2.199620 2.137819 2.079958 2.022206 1.967875 1.913415 1.859944 1.808706 1.758499 1.709983 1.661920 1.615375 1.569158 1.523359 1.478341 1.432583 1.385773 1.339693 1.291126 1.238878 1.188337 1.134738 1.077663 1.017570 0.955422 0.890043 0.822706 0.752267 0.678894 0.604149 0.527440 0.449785
3.834388 3.814823 3.786378 3.754033 3.720295 3.670125 3.637418 3.603339 3.569636 3.546341 3.520477 3.486125 3.434847 3.383183 3.311633 3.248670 3.186925 3.149587 3.110150 3.039303 2.964573 2.906187 2.854943 2.788430 2.720371 2.663349 2.596960 2.531170 2.472982 2.409678 2.349008 2.289831 2.230163 2.169544 2.112560 2.056107 2.003143 1.949815 1.897414 1.847907 1.799138 1.752147 1.704466 1.659981 1.614875 1.570254 1.525098 1.481157 1.433163 1.389865 1.342082 1.288034 1.241000 1.189621 1.133496 1.074888 1.012846 0.948604 0.882763 0.813494 0.744061 0.671745 0.598138 0.519973
3.824107 3.804769 3.777763 3.745536 3.711803 3.661622 3.628157 3.593180 3.558731 3.534987 3.509712 3.477227 3.428876 3.380099 3.309947 3.245092 3.179482 3.140379 3.103975 3.038577 2.964226 2.900684 2.849134 2.788080 2.719320 2.659274 2.595750 2.529020 2.471176 2.408126 2.347421 2.288399 2.228795 2.168276 2.111354 2.054819 2.001874 1.948391 1.895954 1.846069 1.797180 1.750071 1.703110 1.657357 1.612271 1.567435 1.522760 1.477115 1.431099 1.383951 1.335682 1.284462 1.231839 1.177216 1.119286 1.058524 0.995487 0.929390 0.861174 0.789784 0.715920 0.640357 0.562998 0.486946
3.905999 3.888086 3.862611 3.832071 3.799545 3.749483 3.717173 3.682485 3.647236 3.623343 3.597234 3.565490 3.517219 3.472229 3.404441 3.341459 3.274523 3.233500 3.196531 3.134353 3.064453 3.001177 2.947369 2.889549 2.824916 2.764971 2.703490 2.641245 2.584029 2.524946 2.467066 2.411641 2.355231 2.298558 2.245681 2.193324 2.143622 2.093809 2.045765 1.999114 1.953782 1.910006 1.865860 1.822177 1.779659 1.736274 1.693070 1.646961 1.602498 1.551911 1.502241 1.452833 1.393100 1.334321 1.273632 1.209707 1.143538 1.074877 1.003599 0.930402 0.856341 0.780420 0.703432 0.625627
3.901503 3.888328 3.865993 3.841175 3.814153 3.769923 3.742801 3.712657 3.681609 3.659950 3.634303 3.601997 3.553353 3.509393 3.446216 3.390386 3.330284 3.291580 3.252591 3.187533 3.121701 3.065821 3.013882 2.953043 2.891636 2.836487 2.775003 2.715676 2.660892 2.603460 2.548497 2.495376 2.441142 2.387566 2.336729 2.286474 2.239812 2.192559 2.146453 2.102299 2.058960 2.016792 1.972932 1.931194 1.888631 1.845113 1.800058 1.754678 1.708006 1.656251 1.604044 1.548920 1.489882 1.428474 1.364900 1.298574 1.230007 1.158983 1.086566 1.012364 0.936256 0.859176 0.780636 0.700772
3.900205 3.887423 3.866233 3.841757 3.814836 3.770616 3.743160 3.712585 3.681329 3.659951 3.635370 3.605130 3.559457 3.518034 3.455903 3.398926 3.336448 3.296862 3.260773 3.200439 3.135643 3.076734 3.024734 2.968324 2.907478 2.851066 2.792028 2.733478 2.679363 2.623211 2.569147 2.517076 2.463841 2.411521 2.361691 2.312166 2.266943 2.220729 2.175415 2.132347 2.089926 2.048271 2.004293 1.964071 1.921805 1.878361 1.833245 1.788299 1.741718 1.689918 1.637685 1.582889 1.523809 1.461101 1.397479 1.330919 1.263920 1.192635 1.120887 1.045951 0.968145 0.890609 0.811349 0.732740
