# mean(lg_P) also median/mode
3.586372 3.558279 3.521265 3.480422 3.438662 3.385102 3.348180 3.312932 3.280047 3.257044 3.229537 3.189723 3.129288 3.062679 2.981221 2.916228 2.864162 2.830797 2.779658 2.691844 2.610285 2.560675 2.505609 2.420928 2.350278 2.292330 2.212121 2.141167 2.074440 2.001248 1.930184 1.859718 1.789938 1.716022 1.646857 1.577949 1.509486 1.442026 1.375558 1.309308 1.244791 1.181788 1.119512 1.058766 0.999364 0.942197 0.885502 0.830710 0.776641 0.723981 0.671759 0.620213 0.569381 0.518495 0.467463 0.416080 0.363436 0.309650 0.254413 0.196952 0.137250 0.075509 0.011531 -0.054370
3.549144 3.520105 3.482514 3.440275 3.396804 3.341199 3.301066 3.262607 3.226493 3.201220 3.173519 3.135614 3.078708 3.014214 2.931595 2.859908 2.799675 2.764195 2.719159 2.637476 2.549781 2.489460 2.437602 2.359431 2.279869 2.219685 2.143340 2.065916 1.999899 1.923476 1.851115 1.778178 1.706293 1.629909 1.558410 1.486876 1.415919 1.345240 1.275497 1.206443 1.138176 1.071964 1.005679 0.941566 0.878649 0.817812 0.757693 0.699128 0.641777 0.585823 0.530790 0.476207 0.423811 0.371776 0.319790 0.267853 0.215380 0.162103 0.107651 0.052073 -0.004242 -0.062755 -0.123163 -0.185621
3.693321 3.670047 3.638419 3.602161 3.564909 3.513802 3.479405 3.445763 3.413673 3.392236 3.367210 3.332269 3.277637 3.218782 3.141861 3.077399 3.021716 2.989534 2.946172 2.867087 2.787110 2.733776 2.684310 2.609487 2.537939 2.482750 2.409768 2.340855 2.280395 2.211318 2.146144 2.081606 2.017439 1.949892 1.887903 1.825567 1.764813 1.704836 1.646261 1.588573 1.532416 1.478705 1.424981 1.372866 1.322393 1.273184 1.224351 1.176655 1.129314 1.082264 1.034423 0.986433 0.937047 0.886672 0.834583 0.780565 0.724225 0.665263 0.603878 0.539951 0.472900 0.403419 0.332218 0.257873
3.645776 3.622611 3.591102 3.555518 3.518276 3.467652 3.432243 3.396972 3.362483 3.338171 3.310691 3.274353 3.220709 3.163663 3.088492 3.022486 2.962752 2.925861 2.881802 2.806170 2.726161 2.667110 2.614685 2.542281 2.468394 2.408981 2.336711 2.264511 2.202330 2.130927 2.063319 1.995999 1.929560 1.859170 1.794175 1.729018 1.664764 1.601599 1.539924 1.478398 1.419044 1.361572 1.304296 1.248970 1.195138 1.142604 1.090673 1.040764 0.990152 0.941190 0.892098 0.843376 0.794061 0.744206 0.692767 0.640390 0.585520 0.528450 0.469164 0.407901 0.343601 0.276515 0.207373 0.136376
3.517416 3.494609 3.463773 3.428298 3.390822 3.341153 3.304413 3.267879 3.233135 3.208396 3.182600 3.149199 3.100405 3.045279 2.970779 2.900813 2.836901 2.798954 2.760495 2.690770 2.608119 2.541737 2.491065 2.424447 2.345543 2.283619 2.214803 2.137701 2.075381 2.001560 1.932293 1.862254 1.793607 1.720251 1.651762 1.583429 1.516008 1.448836 1.382667 1.317541 1.253269 1.190794 1.128869 1.068756 1.010007 0.953144 0.897293 0.842692 0.790032 0.737682 0.686145 0.635086 0.584709 0.534675 0.484036 0.434174 0.381963 0.328493 0.273944 0.217661 0.158751 0.097702 0.034657 -0.030848
3.539062 3.518527 3.490269 3.457934 3.423337 3.376618 3.342604 3.308182 3.274856 3.250676 3.224322 3.190343 3.141263 3.087427 3.015861 2.950234 2.889509 2.851258 2.811116 2.740380 2.661036 2.598714 2.547572 2.479043 2.403287 2.343467 2.273699 2.199474 2.138022 2.065646 1.997745 1.929133 1.861862 1.790547 1.723711 1.657057 1.591825 1.526886 1.462912 1.400249 1.338226 1.278568 1.219613 1.161930 1.105424 1.051801 0.998314 0.946513 0.895896 0.845702 0.796470 0.747672 0.698791 0.649768 0.600221 0.550319 0.498340 0.444493 0.389062 0.332049 0.271561 0.208650 0.144016 0.076040
3.494733 3.474658 3.447045 3.414846 3.380463 3.333934 3.299067 3.263782 3.229776 3.205035 3.179483 3.147305 3.101517 3.050484 2.980376 2.912679 2.847856 2.807758 2.770850 2.706027 2.627178 2.558628 2.507017 2.445101 2.367637 2.303985 2.238815 2.161630 2.100383 2.027984 1.959568 1.890657 1.822940 1.750892 1.683374 1.616101 1.550147 1.484091 1.419120 1.355675 1.292459 1.231400 1.171144 1.112102 1.054556 0.999643 0.945288 0.891771 0.840798 0.789870 0.739688 0.689352 0.639987 0.590085 0.540084 0.489685 0.437564 0.384602 0.329456 0.271732 0.212248 0.150522 0.085987 0.018849
3.588219 3.569579 3.543383 3.513471 3.480396 3.434255 3.400318 3.365281 3.330705 3.305630 3.279361 3.247455 3.202419 3.154694 3.087213 3.021375 2.955040 2.912681 2.875261 2.813899 2.739353 2.670292 2.615819 2.557164 2.484311 2.418887 2.355396 2.282428 2.221380 2.153057 2.086119 2.020769 1.955865 1.887336 1.823531 1.759814 1.697945 1.636210 1.575797 1.516768 1.458645 1.402688 1.347730 1.293510 1.241051 1.190680 1.140814 1.091846 1.043408 0.995944 0.948376 0.900991 0.853287 0.803851 0.753294 0.700997 0.646655 0.590127 0.530735 0.468906 0.404867 0.337543 0.268634 0.197440
3.573863 3.559488 3.537735 3.512856 3.485222 3.445007 3.416449 3.386119 3.355622 3.332874 3.307292 3.274796 3.229508 3.183013 3.120133 3.061686 3.002717 2.962784 2.922894 2.858475 2.787906 2.727310 2.674769 2.611930 2.542392 2.482707 2.417548 2.347319 2.288713 2.221304 2.157144 2.093772 2.030681 1.964576 1.903115 1.841459 1.782334 1.723251 1.665104 1.608820 1.553304 1.500114 1.447488 1.396078 1.346013 1.297963 1.249791 1.202860 1.156360 1.109466 1.062262 1.015076 0.966850 0.916521 0.864437 0.811109 0.755042 0.695785 0.634485 0.570498 0.503329 0.434151 0.362967 0.288974
3.569514 3.555822 3.534777 3.510433 3.483052 3.442940 3.414025 3.383335 3.352669 3.330224 3.305730 3.275529 3.233203 3.189370 3.127708 3.068062 3.006511 2.965725 2.928935 2.869915 2.800499 2.736243 2.683356 2.626069 2.557184 2.495423 2.433689 2.363990 2.306007 2.240469 2.176803 2.114929 2.052979 1.988096 1.928000 1.867583 1.809826 1.752030 1.695216 1.640356 1.586329 1.534466 1.483242 1.433301 1.384729 1.337632 1.290981 1.244951 1.199443 1.153471 1.107088 1.060450 1.013683 0.962966 0.911083 0.856976 0.801203 0.742234 0.680997 0.616236 0.548889 0.479923 0.408633 0.335225
