# var(lg_P)
0.000000 0.000000 0.000000 0.000000 0.000000 0.000000 0.000000 0.000000 0.000000 0.000000 0.000000 0.000000 0.000000 0.000000 0.000000 0.000000 0.000000 0.000000 0.000000 0.000000 0.000000 0.000000 0.000000 0.000000 0.000000 0.000000 0.000000 0.000000 0.000000 0.000000 0.000000 0.000000 0.000000 0.000000 0.000000 0.000000 0.000000 0.000000 0.000000 0.000000 0.000000 0.000000 0.000000 0.000001 0.000001 0.000002 0.000001 0.000001 0.000001 0.000003 0.000001 0.000001 0.000001 0.000001 0.000001 0.000003 0.000002 0.000002 0.000002 0.000002 0.000002 0.000003 0.000003 0.000003
0.000000 0.000000 0.000000 0.000000 0.000000 0.000000 0.000000 0.000000 0.000000 0.000000 0.000000 0.000000 0.000000 0.000000 0.000000 0.000000 0.000000 0.000000 0.000000 0.000000 0.000000 0.000000 0.000000 0.000000 0.000000 0.000000 0.000000 0.000000 0.000000 0.000000 0.000000 0.000000 0.000000 0.000000 0.000000 0.000000 0.000000 0.000000 0.000001 0.000000 0.000000 0.000001 0.000000 0.000001 0.000001 0.000002 0.000001 0.000001 0.000001 0.000003 0.000001 0.000001 0.000001 0.000001 0.000002 0.000004 0.000003 0.000002 0.000003 0.000003 0.000003 0.000004 0.000004 0.000004
0.000000 0.000000 0.000000 0.000000 0.000000 0.000000 0.000000 0.000000 0.000000 0.000000 0.000000 0.000000 0.000000 0.000000 0.000000 0.000000 0.000000 0.000000 0.000000 0.000000 0.000000 0.000000 0.000000 0.000000 0.000000 0.000000 0.000000 0.000000 0.000000 0.000000 0.000000 0.000000 0.000000 0.000000 0.000000 0.000000 0.000000 0.000000 0.000001 0.000000 0.000000 0.000000 0.000000 0.000001 0.000001 0.000002 0.000001 0.000001 0.000001 0.000003 0.000001 0.000001 0.000001 0.000001 0.000001 0.000003 0.000003 0.000002 0.000002 0.000002 0.000003 0.000003 0.000003 0.000003
0.000000 0.000000 0.000000 0.000000 0.000000 0.000000 0.000000 0.000000 0.000000 0.000000 0.000000 0.000000 0.000000 0.000000 0.000000 0.000000 0.000000 0.000000 0.000000 0.000000 0.000000 0.000000 0.000000 0.000000 0.000000 0.000000 0.000000 0.000000 0.000000 0.000000 0.000000 0.000000 0.000000 0.000000 0.000000 0.000000 0.000000 0.000000 0.000001 0.000000 0.000000 0.000001 0.000000 0.000001 0.000001 0.000002 0.000001 0.000001 0.000001 0.000003 0.000001 0.000001 0.000001 0.000001 0.000002 0.000003 0.000003 0.000002 0.000003 0.000003 0.000003 0.000004 0.000003 0.000004
0.000000 0.000000 0.000000 0.000000 0.000000 0.000000 0.000000 0.000000 0.000000 0.000000 0.000000 0.000000 0.000000 0.000000 0.000000 0.000000 0.000000 0.000000 0.000000 0.000000 0.000000 0.000000 0.000000 0.000000 0.000000 0.000000 0.000000 0.000000 0.000000 0.000000 0.000000 0.000000 0.000000 0.000000 0.000000 0.000000 0.000000 0.000000 0.000001 0.000000 0.000000 0.000001 0.000000 0.000001 0.000001 0.000002 0.000001 0.000001 0.000001 0.000003 0.000001 0.000001 0.000001 0.000001 0.000002 0.000003 0.000003 0.000002 0.000003 0.000003 0.000003 0.000004 0.000003 0.000004
0.000000 0.000000 0.000000 0.000000 0.000000 0.000000 0.000000 0.000000 0.000000 0.000000 0.000000 0.000000 0.000000 0.000000 0.000000 0.000000 0.000000 0.000000 0.000000 0.000000 0.000000 0.000000 0.000000 0.000000 0.000000 0.000000 0.000000 0.000000 0.000000 0.000000 0.000000 0.000000 0.000000 0.000000 0.000000 0.000000 0.000000 0.000000 0.000001 0.000000 0.000000 0.000001 0.000000 0.000001 0.000001 0.000002 0.000001 0.000001 0.000001 0.000003 0.000001 0.000001 0.000001 0.000001 0.000002 0.000004 0.000003 0.000002 0.000003 0.000003 0.000003 0.000004 0.000003 0.000004
0.000000 0.000000 0.000000 0.000000 0.000000 0.000000 0.000000 0.000000 0.000000 0.000000 0.000000 0.000000 0.000000 0.000000 0.000000 0.000000 0.000000 0.000000 0.000000 0.000000 0.000000 0.000000 0.000000 0.000000 0.000000 0.000000 0.000000 0.000000 0.000000 0.000000 0.000000 0.000000 0.000000 0.000001 0.000000 0.000001 0.000001 0.000000 0.000001 0.000001 0.000000 0.000001 0.000001 0.000001 0.000001 0.000002 0.000001 0.000001 0.000001 0.000004 0.000002 0.000002 0.000001 0.000001 0.000002 0.000004 0.000003 0.000003 0.000003 0.000003 0.000004 0.000004 0.000003 0.000004
0.000000 0.000000 0.000000 0.000000 0.000000 0.000000 0.000000 0.000000 0.000000 0.000000 0.000000 0.000000 0.000000 0.000000 0.000000 0.000000 0.000000 0.000000 0.000000 0.000000 0.000000 0.000000 0.000000 0.000000 0.000000 0.000000 0.000000 0.000000 0.000000 0.000000 0.000000 0.000000 0.000000 0.000000 0.000000 0.000000 0.000000 0.000000 0.000000 0.000000 0.000000 0.000001 0.000000 0.000001 0.000001 0.000002 0.000001 0.000001 0.000001 0.000003 0.000001 0.000001 0.000001 0.000001 0.000002 0.000003 0.000003 0.000002 0.000002 0.000002 0.000003 0.000003 0.000003 0.000003
0.000000 0.000000 0.000000 0.000000 0.000000 0.000000 0.000000 0.000000 0.000000 0.000000 0.000000 0.000000 0.000000 0.000000 0.000000 0.000000 0.000000 0.000000 0.000000 0.000000 0.000000 0.000000 0.000000 0.000000 0.000000 0.000000 0.000000 0.000000 0.000000 0.000000 0.000000 0.000000 0.000000 0.000000 0.000000 0.000000 0.000000 0.000000 0.000001 0.000000 0.000000 0.000001 0.000000 0.000001 0.000001 0.000002 0.000001 0.000001 0.000001 0.000003 0.000001 0.000001 0.000001 0.000001 0.000002 0.000004 0.000003 0.000003 0.000003 0.000003 0.000003 0.000004 0.000003 0.000003
0.000000 0.000000 0.000000 0.000000 0.000000 0.000000 0.000000 0.000000 0.000000 0.000000 0.000000 0.000000 0.000000 0.000000 0.000000 0.000000 0.000000 0.000000 0.000000 0.000000 0.000000 0.000000 0.000000 0.000000 0.000000 0.000000 0.000000 0.000000 0.000000 0.000000 0.000000 0.000000 0.000000 0.000000 0.000000 0.000000 0.000000 0.000000 0.000001 0.000000 0.000000 0.000001 0.000000 0.000001 0.000001 0.000002 0.000001 0.000001 0.000001 0.000003 0.000001 0.000001 0.000001 0.000001 0.000001 0.000003 0.000002 0.000001 0.000002 0.000002 0.000002 0.000003 0.000003 0.000003
0.000000 0.000000 0.000000 0.000000 0.000000 0.000000 0.000000 0.000000 0.000000 0.000000 0.000000 0.000000 0.000000 0.000000 0.000000 0.000000 0.000000 0.000000 0.000000 0.000000 0.000000 0.000000 0.000000 0.000000 0.000000 0.000000 0.000000 0.000000 0.000000 0.000000 0.000000 0.000000 0.000000 0.000001 0.000000 0.000000 0.000000 0.000000 0.000001 0.000000 0.000001 0.000001 0.000001 0.000001 0.000001 0.000002 0.000001 0.000001 0.000001 0.000003 0.000002 0.000001 0.000001 0.000001 0.000002 0.000004 0.000004 0.000002 0.000004 0.000004 0.000004 0.000005 0.000004 0.000005
0.000000 0.000000 0.000000 0.000000 0.000000 0.000000 0.000000 0.000000 0.000000 0.000000 0.000000 0.000000 0.000000 0.000000 0.000000 0.000000 0.000000 0.000000 0.000000 0.000000 0.000000 0.000000 0.000000 0.000000 0.000000 0.000000 0.000000 0.000000 0.000000 0.000000 0.000000 0.000000 0.000000 0.000000 0.000000 0.000000 0.000000 0.000000 0.000001 0.000000 0.000000 0.000001 0.000000 0.000001 0.000001 0.000002 0.000001 0.000001 0.000001 0.000003 0.000001 0.000001 0.000001 0.000001 0.000002 0.000003 0.000003 0.000002 0.000002 0.000002 0.000003 0.000003 0.000003 0.000003
0.000000 0.000000 0.000000 0.000000 0.000000 0.000000 0.000000 0.000000 0.000000 0.000000 0.000000 0.000000 0.000001 0.000000 0.000000 0.000000 0.000000 0.000000 0.000000 0.000000 0.000000 0.000000 0.000000 0.000000 0.000000 0.000000 0.000000 0.000001 0.000000 0.000000 0.000001 0.000001 0.000001 0.000001 0.000001 0.000001 0.000001 0.000001 0.000001 0.000001 0.000001 0.000001 0.000001 0.000001 0.000002 0.000003 0.000002 0.000001 0.000002 0.000005 0.000002 0.000002 0.000002 0.000002 0.000003 0.000006 0.000006 0.000004 0.000005 0.000005 0.000006 0.000006 0.000006 0.000007
0.000000 0.000000 0.000000 0.000000 0.000000 0.000000 0.000000 0.000000 0.000000 0.000000 0.000000 0.000000 0.000000 0.000000 0.000000 0.000000 0.000000 0.000000 0.000000 0.000000 0.000000 0.000000 0.000000 0.000000 0.000000 0.000000 0.000000 0.000000 0.000000 0.000000 0.000000 0.000000 0.000000 0.000000 0.000000 0.000000 0.000000 0.000000 0.000000 0.000000 0.000000 0.000001 0.000000 0.000001 0.000001 0.000002 0.000001 0.000001 0.000001 0.000003 0.000001 0.000001 0.000001 0.000001 0.000002 0.000003 0.000003 0.000002 0.000003 0.000002 0.000003 0.000003 0.000003 0.000004
0.000000 0.000000 0.000000 0.000000 0.000000 0.000000 0.000000 0.000000 0.000000 0.000000 0.000000 0.000000 0.000000 0.000000 0.000000 0.000000 0.000000 0.000000 0.000000 0.000000 0.000000 0.000000 0.000000 0.000000 0.000000 0.000000 0.000000 0.000000 0.000000 0.000000 0.000000 0.000000 0.000000 0.000000 0.000000 0.000000 0.000000 0.000000 0.000001 0.000000 0.000000 0.000001 0.000000 0.000001 0.000001 0.000002 0.000001 0.000001 0.000001 0.000003 0.000001 0.000001 0.000001 0.000001 0.000002 0.000003 0.000003 0.000002 0.000003 0.000002 0.000003 0.000004 0.000003 0.000004
0.000000 0.000000 0.000000 0.000000 0.000000 0.000000 0.000000 0.000000 0.000000 0.000000 0.000000 0.000000 0.000000 0.000000 0.000000 0.000000 0.000000 0.000000 0.000000 0.000000 0.000000 0.000000 0.000000 0.000000 0.000000 0.000000 0.000000 0.000000 0.000000 0.000000 0.000000 0.000000 0.000000 0.000000 0.000000 0.000000 0.000000 0.000000 0.000001 0.000000 0.000000 0.000000 0.000000 0.000001 0.000001 0.000002 0.000001 0.000001 0.000001 0.000003 0.000001 0.000001 0.000001 0.000001 0.000002 0.000003 0.000003 0.000002 0.000003 0.000003 0.000003 0.000004 0.000003 0.000004
0.000000 0.000000 0.000000 0.000000 0.000000 0.000000 0.000000 0.000000 0.000000 0.000000 0.000000 0.000000 0.000000 0.000000 0.000000 0.000000 0.000000 0.000000 0.000000 0.000000 0.000000 0.000000 0.000000 0.000000 0.000000 0.000000 0.000000 0.000000 0.000000 0.000000 0.000000 0.000000 0.000000 0.000000 0.000000 0.000000 0.000000 0.000000 0.000001 0.000000 0.000000 0.000001 0.000000 0.000001 0.000001 0.000002 0.000001 0.000001 0.000001 0.000003 0.000001 0.000001 0.000001 0.000001 0.000002 0.000003 0.000003 0.000002 0.000002 0.000002 0.000003 0.000004 0.000004 0.000003
0.000000 0.000000 0.000000 0.000000 0.000000 0.000000 0.000000 0.000000 0.000000 0.000000 0.000000 0.000000 0.000000 0.000000 0.000000 0.000000 0.000000 0.000000 0.000000 0.000000 0.000000 0.000000 0.000000 0.000000 0.000000 0.000000 0.000000 0.000000 0.000000 0.000000 0.000000 0.000000 0.000000 0.000000 0.000000 0.000000 0.000000 0.000000 0.000001 0.000000 0.000000 0.000001 0.000000 0.000001 0.000001 0.000002 0.000001 0.000001 0.000001 0.000003 0.000001 0.000001 0.000001 0.000001 0.000002 0.000003 0.000003 0.000002 0.000003 0.000003 0.000003 0.000004 0.000004 0.000004
0.000000 0.000000 0.000000 0.000000 0.000000 0.000000 0.000000 0.000000 0.000000 0.000000 0.000000 0.000000 0.000001 0.000000 0.000000 0.000000 0.000000 0.000000 0.000000 0.000000 0.000000 0.000000 0.000000 0.000000 0.000000 0.000000 0.000000 0.000000 0.000000 0.000000 0.000000 0.000001 0.000001 0.000001 0.000001 0.000001 0.000001 0.000001 0.000001 0.000001 0.000001 0.000001 0.000001 0.000001 0.000001 0.000002 0.000001 0.000002 0.000001 0.000004 0.000002 0.000002 0.000002 0.000002 0.000003 0.000006 0.000005 0.000004 0.000005 0.000005 0.000005 0.000005 0.000006 0.000006
0.000000 0.000000 0.000000 0.000000 0.000000 0.000000 0.000000 0.000000 0.000000 0.000000 0.000000 0.000000 0.000000 0.000000 0.000000 0.000000 0.000000 0.000000 0.000000 0.000000 0.000000 0.000000 0.000000 0.000000 0.000000 0.000000 0.000000 0.000000 0.000000 0.000000 0.000000 0.000000 0.000000 0.000000 0.000000 0.000000 0.000000 0.000000 0.000001 0.000000 0.000000 0.000000 0.000000 0.000001 0.000001 0.000002 0.000001 0.000001 0.000001 0.000003 0.000001 0.000001 0.000001 0.000001 0.000001 0.000003 0.000003 0.000002 0.000002 0.000002 0.000002 0.000003 0.000003 0.000003
0.000000 0.000000 0.000000 0.000000 0.000000 0.000000 0.000000 0.000000 0.000000 0.000000 0.000000 0.000000 0.000000 0.000000 0.000000 0.000000 0.000000 0.000000 0.000000 0.000000 0.000000 0.000000 0.000000 0.000000 0.000000 0.000000 0.000000 0.000000 0.000000 0.000000 0.000000 0.000000 0.000000 0.000000 0.000000 0.000000 0.000000 0.000000 0.000001 0.000000 0.000000 0.000001 0.000000 0.000001 0.000001 0.000002 0.000001 0.000001 0.000001 0.000003 0.000001 0.000001 0.000001 0.000001 0.000002 0.000004 0.000003 0.000002 0.000002 0.000003 0.000003 0.000003 0.000004 0.000003
0.000000 0.000000 0.000000 0.000000 0.000000 0.000000 0.000000 0.000000 0.000000 0.000000 0.000000 0.000000 0.000000 0.000000 0.000000 0.000000 0.000000 0.000000 0.000000 0.000000 0.000000 0.000000 0.000000 0.000000 0.000000 0.000000 0.000000 0.000000 0.000000 0.000000 0.000000 0.000000 0.000000 0.000001 0.000000 0.000001 0.000000 0.000001 0.000001 0.000001 0.000000 0.000001 0.000001 0.000001 0.000001 0.000002 0.000001 0.000001 0.000001 0.000004 0.000002 0.000002 0.000001 0.000001 0.000002 0.000004 0.000004 0.000002 0.000003 0.000003 0.000004 0.000005 0.000004 0.000005
0.000000 0.000000 0.000000 0.000000 0.000000 0.000000 0.000000 0.000000 0.000000 0.000000 0.000000 0.000000 0.000000 0.000000 0.000000 0.000000 0.000000 0.000000 0.000000 0.000000 0.000000 0.000000 0.000000 0.000000 0.000000 0.000000 0.000000 0.000000 0.000000 0.000000 0.000000 0.000000 0.000000 0.000000 0.000000 0.000000 0.000000 0.000000 0.000001 0.000000 0.000000 0.000000 0.000000 0.000001 0.000001 0.000002 0.000001 0.000001 0.000001 0.000003 0.000001 0.000001 0.000001 0.000001 0.000002 0.000003 0.000003 0.000002 0.000003 0.000002 0.000003 0.000003 0.000003 0.000003
0.000000 0.000000 0.000000 0.000000 0.000000 0.000000 0.000000 0.000000 0.000000 0.000000 0.000000 0.000000 0.000000 0.000000 0.000000 0.000000 0.000000 0.000000 0.000000 0.000000 0.000000 0.000000 0.000000 0.000000 0.000000 0.000000 0.000000 0.000000 0.000000 0.000000 0.000000 0.000000 0.000000 0.000000 0.000000 0.000000 0.000000 0.000000 0.000001 0.000000 0.000000 0.000001 0.000000 0.000001 0.000001 0.000002 0.000001 0.000001 0.000001 0.000003 0.000001 0.000001 0.000001 0.000001 0.000002 0.000003 0.000003 0.000002 0.000003 0.000002 0.000003 0.000003 0.000003 0.000003
0.000000 0.000000 0.000000 0.000000 0.000000 0.000000 0.000000 0.000000 0.000000 0.000000 0.000000 0.000000 0.000000 0.000000 0.000000 0.000000 0.000000 0.000000 0.000000 0.000000 0.000000 0.000000 0.000000 0.000000 0.000000 0.000000 0.000000 0.000000 0.000000 0.000000 0.000000 0.000000 0.000000 0.000000 0.000000 0.000000 0.000000 0.000000 0.000001 0.000000 0.000000 0.000000 0.000000 0.000001 0.000001 0.000002 0.000001 0.000001 0.000001 0.000003 0.000001 0.000001 0.000001 0.000001 0.000002 0.000003 0.000003 0.000002 0.000003 0.000002 0.000003 0.000003 0.000003 0.000004
0.000000 0.000000 0.000000 0.000000 0.000000 0.000000 0.000000 0.000000 0.000000 0.000000 0.000000 0.000000 0.000000 0.000000 0.000000 0.000000 0.000000 0.000000 0.000000 0.000000 0.000000 0.000000 0.000000 0.000000 0.000000 0.000000 0.000000 0.000000 0.000000 0.000000 0.000000 0.000000 0.000000 0.000000 0.000000 0.000000 0.000000 0.000000 0.000001 0.000000 0.000000 0.000001 0.000000 0.000001 0.000001 0.000002 0.000001 0.000001 0.000001 0.000003 0.000001 0.000001 0.000001 0.000001 0.000001 0.000003 0.000003 0.000002 0.000002 0.000002 0.000003 0.000003 0.000003 0.000003
0.000000 0.000000 0.000000 0.000000 0.000000 0.000000 0.000000 0.000000 0.000000 0.000000 0.000000 0.000000 0.000000 0.000000 0.000000 0.000000 0.000000 0.000000 0.000000 0.000000 0.000000 0.000000 0.000000 0.000000 0.000000 0.000000 0.000000 0.000000 0.000000 0.000000 0.000000 0.000000 0.000000 0.000000 0.000000 0.000000 0.000000 0.000000 0.000001 0.000000 0.000000 0.000001 0.000000 0.000001 0.000001 0.000002 0.000001 0.000001 0.000001 0.000003 0.000001 0.000001 0.000001 0.000001 0.000002 0.000004 0.000003 0.000002 0.000003 0.000003 0.000003 0.000004 0.000004 0.000004
0.000000 0.000000 0.000000 0.000000 0.000000 0.000000 0.000000 0.000000 0.000000 0.000000 0.000000 0.000000 0.000000 0.000000 0.000000 0.000000 0.000000 0.000000 0.000000 0.000000 0.000000 0.000000 0.000000 0.000000 0.000000 0.000000 0.000000 0.000000 0.000000 0.000000 0.000000 0.000000 0.000000 0.000000 0.000000 0.000001 0.000000 0.000000 0.000001 0.000001 0.000000 0.000001 0.000000 0.000001 0.000001 0.000002 0.000001 0.000001 0.000001 0.000003 0.000002 0.000001 0.000001 0.000001 0.000002 0.000004 0.000003 0.000002 0.000003 0.000003 0.000004 0.000004 0.000003 0.000004
0.000000 0.000000 0.000000 0.000000 0.000000 0.000000 0.000000 0.000000 0.000000 0.000000 0.000000 0.000000 0.000001 0.000000 0.000000 0.000000 0.000000 0.000000 0.000000 0.000000 0.000000 0.000000 0.000000 0.000000 0.000000 0.000000 0.000000 0.000000 0.000000 0.000000 0.000000 0.000000 0.000000 0.000001 0.000000 0.000001 0.000001 0.000001 0.000001 0.000001 0.000001 0.000001 0.000001 0.000001 0.000001 0.000002 0.000001 0.000001 0.000001 0.000004 0.000001 0.000002 0.000001 0.000001 0.000002 0.000005 0.000004 0.000003 0.000004 0.000003 0.000004 0.000004 0.000004 0.000004
0.000000 0.000000 0.000000 0.000000 0.000000 0.000000 0.000000 0.000000 0.000000 0.000000 0.000000 0.000000 0.000000 0.000000 0.000000 0.000000 0.000000 0.000000 0.000000 0.000000 0.000000 0.000000 0.000000 0.000000 0.000000 0.000000 0.000000 0.000000 0.000000 0.000000 0.000000 0.000000 0.000000 0.000000 0.000000 0.000000 0.000000 0.000000 0.000001 0.000000 0.000000 0.000001 0.000000 0.000001 0.000001 0.000002 0.000001 0.000001 0.000001 0.000003 0.000001 0.000001 0.000001 0.000001 0.000002 0.000003 0.000003 0.000002 0.000003 0.000002 0.000003 0.000004 0.000003 0.000004
0.000000 0.000000 0.000000 0.000000 0.000000 0.000000 0.000000 0.000000 0.000000 0.000000 0.000000 0.000000 0.000000 0.000000 0.000000 0.000000 0.000000 0.000000 0.000000 0.000000 0.000000 0.000000 0.000000 0.000000 0.000000 0.000000 0.000000 0.000000 0.000000 0.000000 0.000000 0.000000 0.000000 0.000000 0.000000 0.000000 0.000000 0.000000 0.000001 0.000000 0.000000 0.000001 0.000000 0.000001 0.000001 0.000002 0.000001 0.000001 0.000001 0.000003 0.000001 0.000001 0.000001 0.000001 0.000002 0.000004 0.000003 0.000002 0.000003 0.000003 0.000003 0.000004 0.000004 0.000004
0.000000 0.000000 0.000000 0.000000 0.000000 0.000000 0.000000 0.000000 0.000000 0.000000 0.000000 0.000000 0.000000 0.000000 0.000000 0.000000 0.000000 0.000000 0.000000 0.000000 0.000000 0.000000 0.000000 0.000000 0.000000 0.000000 0.000000 0.000000 0.000000 0.000000 0.000000 0.000000 0.000000 0.000000 0.000000 0.000000 0.000000 0.000000 0.000001 0.000000 0.000000 0.000001 0.000000 0.000001 0.000001 0.000002 0.000001 0.000001 0.000001 0.000003 0.000001 0.000001 0.000001 0.000001 0.000002 0.000004 0.000003 0.000002 0.000003 0.000002 0.000003 0.000004 0.000004 0.000004
0.000000 0.000000 0.000000 0.000000 0.000000 0.000000 0.000000 0.000000 0.000000 0.000000 0.000000 0.000000 0.000000 0.000000 0.000000 0.000000 0.000000 0.000000 0.000000 0.000000 0.000000 0.000000 0.000000 0.000000 0.000000 0.000000 0.000000 0.000000 0.000000 0.000000 0.000000 0.000000 0.000000 0.000000 0.000000 0.000000 0.000000 0.000000 0.000000 0.000000 0.000000 0.000000 0.000000 0.000001 0.000001 0.000001 0.000001 0.000001 0.000001 0.000003 0.000001 0.000001 0.000001 0.000001 0.000002 0.000003 0.000002 0.000002 0.000002 0.000002 0.000003 0.000003 0.000003 0.000003
0.000000 0.000000 0.000000 0.000000 0.000000 0.000000 0.000000 0.000000 0.000000 0.000000 0.000000 0.000000 0.000001 0.000000 0.000000 0.000000 0.000000 0.000000 0.000000 0.000000 0.000000 0.000000 0.000000 0.000000 0.000000 0.000000 0.000000 0.000001 0.000000 0.000000 0.000001 0.000001 0.000001 0.000001 0.000001 0.000001 0.000001 0.000001 0.000001 0.000001 0.000001 0.000001 0.000001 0.000001 0.000002 0.000003 0.000002 0.000001 0.000002 0.000004 0.000002 0.000002 0.000002 0.000002 0.000003 0.000006 0.000006 0.000004 0.000005 0.000005 0.000006 0.000006 0.000006 0.000006
0.000000 0.000000 0.000000 0.000000 0.000000 0.000000 0.000000 0.000000 0.000000 0.000000 0.000000 0.000000 0.000000 0.000000 0.000000 0.000000 0.000000 0.000000 0.000000 0.000000 0.000000 0.000000 0.000000 0.000000 0.000000 0.000000 0.000000 0.000000 0.000000 0.000000 0.000000 0.000000 0.000000 0.000000 0.000000 0.000000 0.000000 0.000000 0.000001 0.000000 0.000000 0.000001 0.000000 0.000001 0.000001 0.000002 0.000001 0.000001 0.000001 0.000003 0.000001 0.000001 0.000001 0.000001 0.000002 0.000003 0.000003 0.000001 0.000003 0.000003 0.000003 0.000004 0.000003 0.000004
0.000000 0.000000 0.000000 0.000000 0.000000 0.000000 0.000000 0.000000 0.000000 0.000000 0.000000 0.000000 0.000000 0.000000 0.000000 0.000000 0.000000 0.000000 0.000000 0.000000 0.000000 0.000000 0.000000 0.000000 0.000000 0.000000 0.000000 0.000000 0.000000 0.000000 0.000000 0.000000 0.000000 0.000000 0.000000 0.000000 0.000000 0.000000 0.000001 0.000000 0.000000 0.000001 0.000000 0.000001 0.000001 0.000002 0.000001 0.000001 0.000001 0.000003 0.000001 0.000001 0.000001 0.000001 0.000002 0.000003 0.000003 0.000002 0.000003 0.000002 0.000003 0.000003 0.000003 0.000003
0.000000 0.000000 0.000000 0.000000 0.000000 0.000000 0.000000 0.000000 0.000000 0.000000 0.000000 0.000000 0.000000 0.000000 0.000000 0.000000 0.000000 0.000000 0.000000 0.000000 0.000000 0.000000 0.000000 0.000000 0.000000 0.000000 0.000000 0.000000 0.000000 0.000000 0.000000 0.000000 0.000000 0.000000 0.000000 0.000000 0.000000 0.000000 0.000001 0.000000 0.000000 0.000001 0.000000 0.000001 0.000001 0.000002 0.000001 0.000001 0.000001 0.000003 0.000001 0.000001 0.000001 0.000001 0.000002 0.000003 0.000003 0.000002 0.000003 0.000003 0.000003 0.000003 0.000004 0.000004
0.000000 0.000000 0.000000 0.000000 0.000000 0.000000 0.000000 0.000000 0.000000 0.000000 0.000000 0.000000 0.000000 0.000000 0.000000 0.000000 0.000000 0.000000 0.000000 0.000000 0.000000 0.000000 0.000000 0.000000 0.000000 0.000000 0.000000 0.000000 0.000000 0.000000 0.000000 0.000000 0.000000 0.000000 0.000000 0.000000 0.000000 0.000000 0.000000 0.000000 0.000000 0.000000 0.000000 0.000001 0.000001 0.000002 0.000001 0.000001 0.000001 0.000003 0.000001 0.000001 0.000001 0.000001 0.000001 0.000003 0.000002 0.000002 0.000002 0.000002 0.000003 0.000003 0.000003 0.000003
0.000000 0.000000 0.000000 0.000000 0.000000 0.000000 0.000000 0.000000 0.000000 0.000000 0.000000 0.000000 0.000000 0.000000 0.000000 0.000000 0.000000 0.000000 0.000000 0.000000 0.000000 0.000000 0.000000 0.000000 0.000000 0.000000 0.000000 0.000000 0.000000 0.000000 0.000000 0.000000 0.000000 0.000001 0.000000 0.000001 0.000001 0.000001 0.000001 0.000001 0.000001 0.000001 0.000001 0.000001 0.000001 0.000002 0.000001 0.000001 0.000001 0.000004 0.000002 0.000002 0.000002 0.000001 0.000003 0.000005 0.000005 0.000003 0.000004 0.000004 0.000005 0.000005 0.000006 0.000005
0.000000 0.000000 0.000000 0.000000 0.000000 0.000000 0.000000 0.000000 0.000000 0.000000 0.000000 0.000000 0.000000 0.000000 0.000000 0.000000 0.000000 0.000000 0.000000 0.000000 0.000000 0.000000 0.000000 0.000000 0.000000 0.000000 0.000000 0.000000 0.000000 0.000000 0.000000 0.000000 0.000000 0.000000 0.000000 0.000000 0.000000 0.000000 0.000001 0.000000 0.000000 0.000001 0.000000 0.000001 0.000001 0.000002 0.000001 0.000001 0.000001 0.000003 0.000001 0.000001 0.000001 0.000001 0.000002 0.000004 0.000003 0.000002 0.000003 0.000003 0.000003 0.000003 0.000003 0.000004
0.000000 0.000000 0.000000 0.000000 0.000000 0.000000 0.000000 0.000000 0.000000 0.000000 0.000000 0.000000 0.000000 0.000000 0.000000 0.000000 0.000000 0.000000 0.000000 0.000000 0.000000 0.000000 0.000000 0.000000 0.000000 0.000000 0.000000 0.000000 0.000000 0.000000 0.000000 0.000000 0.000000 0.000000 0.000000 0.000000 0.000000 0.000000 0.000001 0.000000 0.000000 0.000001 0.000000 0.000001 0.000001 0.000002 0.000001 0.000001 0.000001 0.000003 0.000001 0.000001 0.000001 0.000001 0.000002 0.000004 0.000003 0.000002 0.000003 0.000003 0.000003 0.000004 0.000004 0.000004
0.000000 0.000000 0.000000 0.000000 0.000000 0.000000 0.000000 0.000000 0.000000 0.000000 0.000000 0.000000 0.000000 0.000000 0.000000 0.000000 0.000000 0.000000 0.000000 0.000000 0.000000 0.000000 0.000000 0.000000 0.000000 0.000000 0.000000 0.000000 0.000000 0.000000 0.000000 0.000000 0.000000 0.000000 0.000000 0.000000 0.000000 0.000000 0.000000 0.000000 0.000000 0.000000 0.000000 0.000001 0.000001 0.000002 0.000001 0.000001 0.000001 0.000003 0.000001 0.000001 0.000001 0.000001 0.000001 0.000003 0.000003 0.000002 0.000003 0.000002 0.000003 0.000003 0.000002 0.000003
0.000000 0.000000 0.000000 0.000000 0.000000 0.000000 0.000000 0.000000 0.000000 0.000000 0.000000 0.000000 0.000000 0.000000 0.000000 0.000000 0.000000 0.000000 0.000000 0.000000 0.000000 0.000000 0.000000 0.000000 0.000000 0.000000 0.000000 0.000000 0.000000 0.000000 0.000000 0.000000 0.000000 0.000001 0.000000 0.000001 0.000001 0.000000 0.000001 0.000001 0.000000 0.000001 0.000001 0.000001 0.000001 0.000002 0.000001 0.000001 0.000001 0.000004 0.000002 0.000002 0.000001 0.000001 0.000002 0.000005 0.000004 0.000003 0.000004 0.000004 0.000004 0.000005 0.000004 0.000005
0.000000 0.000000 0.000000 0.000000 0.000000 0.000000 0.000000 0.000000 0.000000 0.000000 0.000000 0.000000 0.000000 0.000000 0.000000 0.000000 0.000000 0.000000 0.000000 0.000000 0.000000 0.000000 0.000000 0.000000 0.000000 0.000000 0.000000 0.000000 0.000000 0.000000 0.000000 0.000000 0.000000 0.000000 0.000000 0.000000 0.000000 0.000000 0.000001 0.000000 0.000000 0.000001 0.000000 0.000001 0.000001 0.000002 0.000001 0.000001 0.000001 0.000003 0.000001 0.000002 0.000001 0.000001 0.000002 0.000004 0.000003 0.000002 0.000003 0.000003 0.000003 0.000004 0.000003 0.000004
0.000000 0.000000 0.000000 0.000000 0.000000 0.000000 0.000000 0.000000 0.000000 0.000000 0.000000 0.000000 0.000000 0.000000 0.000000 0.000000 0.000000 0.000000 0.000000 0.000000 0.000000 0.000000 0.000000 0.000000 0.000000 0.000000 0.000000 0.000000 0.000000 0.000000 0.000000 0.000000 0.000000 0.000001 0.000000 0.000001 0.000000 0.000000 0.000001 0.000001 0.000000 0.000001 0.000001 0.000001 0.000001 0.000002 0.000001 0.000001 0.000001 0.000003 0.000002 0.000002 0.000001 0.000001 0.000002 0.000004 0.000004 0.000002 0.000004 0.000003 0.000004 0.000005 0.000004 0.000005
0.000000 0.000000 0.000000 0.000000 0.000000 0.000000 0.000000 0.000000 0.000000 0.000000 0.000000 0.000000 0.000000 0.000000 0.000000 0.000000 0.000000 0.000000 0.000000 0.000000 0.000000 0.000000 0.000000 0.000000 0.000000 0.000000 0.000000 0.000000 0.000000 0.000000 0.000000 0.000000 0.000000 0.000000 0.000000 0.000000 0.000000 0.000000 0.000000 0.000000 0.000000 0.000000 0.000000 0.000000 0.000001 0.000002 0.000001 0.000001 0.000001 0.000003 0.000001 0.000001 0.000001 0.000001 0.000001 0.000003 0.000003 0.000001 0.000002 0.000002 0.000003 0.000003 0.000003 0.000003
0.000000 0.000000 0.000000 0.000000 0.000000 0.000000 0.000000 0.000000 0.000000 0.000000 0.000000 0.000000 0.000000 0.000000 0.000000 0.000000 0.000000 0.000000 0.000000 0.000000 0.000000 0.000000 0.000000 0.000000 0.000000 0.000000 0.000000 0.000000 0.000000 0.000000 0.000000 0.000000 0.000000 0.000000 0.000000 0.000001 0.000000 0.000000 0.000001 0.000000 0.000000 0.000001 0.000001 0.000001 0.000001 0.000002 0.000001 0.000001 0.000001 0.000003 0.000001 0.000001 0.000001 0.000001 0.000002 0.000004 0.000004 0.000003 0.000004 0.000003 0.000003 0.000004 0.000004 0.000005
0.000000 0.000000 0.000000 0.000000 0.000000 0.000000 0.000000 0.000000 0.000000 0.000000 0.000000 0.000000 0.000000 0.000000 0.000000 0.000000 0.000000 0.000000 0.000000 0.000000 0.000000 0.000000 0.000000 0.000000 0.000000 0.000000 0.000000 0.000000 0.000000 0.000000 0.000000 0.000000 0.000000 0.000000 0.000000 0.000000 0.000000 0.000000 0.000001 0.000000 0.000000 0.000000 0.000000 0.000001 0.000001 0.000002 0.000001 0.000001 0.000001 0.000003 0.000001 0.000001 0.000001 0.000001 0.000002 0.000003 0.000003 0.000001 0.000003 0.000002 0.000003 0.000003 0.000003 0.000004
0.000000 0.000000 0.000000 0.000000 0.000000 0.000000 0.000000 0.000000 0.000000 0.000000 0.000000 0.000000 0.000000 0.000000 0.000000 0.000000 0.000000 0.000000 0.000000 0.000000 0.000000 0.000000 0.000000 0.000000 0.000000 0.000000 0.000000 0.000000 0.000000 0.000000 0.000000 0.000000 0.000000 0.000000 0.000000 0.000000 0.000000 0.000000 0.000001 0.000000 0.000000 0.000001 0.000000 0.000001 0.000001 0.000002 0.000001 0.000001 0.000001 0.000003 0.000001 0.000001 0.000001 0.000001 0.000001 0.000003 0.000002 0.000002 0.000003 0.000002 0.000003 0.000003 0.000003 0.000003
0.000000 0.000000 0.000000 0.000000 0.000000 0.000000 0.000000 0.000000 0.000000 0.000000 0.000000 0.000000 0.000000 0.000000 0.000000 0.000000 0.000000 0.000000 0.000000 0.000000 0.000000 0.000000 0.000000 0.000000 0.000000 0.000000 0.000000 0.000000 0.000000 0.000000 0.000000 0.000000 0.000000 0.000000 0.000000 0.000000 0.000000 0.000000 0.000001 0.000000 0.000000 0.000000 0.000000 0.000001 0.000001 0.000002 0.000001 0.000001 0.000001 0.000003 0.000001 0.000001 0.000001 0.000001 0.000001 0.000003 0.000002 0.000001 0.000003 0.000003 0.000003 0.000003 0.000003 0.000003
0.000000 0.000000 0.000000 0.000000 0.000000 0.000000 0.000000 0.000000 0.000000 0.000000 0.000000 0.000000 0.000000 0.000000 0.000000 0.000000 0.000000 0.000000 0.000000 0.000000 0.000000 0.000000 0.000000 0.000000 0.000000 0.000000 0.000000 0.000000 0.000000 0.000000 0.000000 0.000000 0.000000 0.000000 0.000000 0.000000 0.000000 0.000000 0.000001 0.000001 0.000000 0.000001 0.000001 0.000001 0.000001 0.000002 0.000001 0.000001 0.000001 0.000003 0.000002 0.000001 0.000001 0.000001 0.000002 0.000004 0.000003 0.000002 0.000003 0.000003 0.000003 0.000004 0.000004 0.000004
0.000000 0.000000 0.000000 0.000000 0.000000 0.000000 0.000000 0.000000 0.000000 0.000000 0.000000 0.000000 0.000001 0.000000 0.000000 0.000000 0.000000 0.000000 0.000000 0.000000 0.000000 0.000000 0.000001 0.000000 0.000000 0.000001 0.000000 0.000001 0.000000 0.000000 0.000001 0.000001 0.000001 0.000001 0.000001 0.000001 0.000001 0.000001 0.000001 0.000001 0.000001 0.000001 0.000001 0.000001 0.000002 0.000003 0.000003 0.000003 0.000003 0.000005 0.000003 0.000004 0.000004 0.000003 0.000005 0.000010 0.000009 0.000008 0.000010 0.000009 0.000011 0.000009 0.000012 0.000010
0.000000 0.000000 0.000000 0.000000 0.000000 0.000000 0.000000 0.000000 0.000000 0.000000 0.000000 0.000000 0.000000 0.000000 0.000000 0.000000 0.000000 0.000000 0.000000 0.000000 0.000000 0.000000 0.000000 0.000000 0.000000 0.000000 0.000000 0.000000 0.000000 0.000000 0.000000 0.000000 0.000000 0.000000 0.000000 0.000000 0.000000 0.000000 0.000001 0.000000 0.000000 0.000001 0.000001 0.000001 0.000001 0.000002 0.000001 0.000001 0.000001 0.000004 0.000001 0.000002 0.000001 0.000001 0.000002 0.000004 0.000003 0.000003 0.000003 0.000003 0.000004 0.000004 0.000004 0.000004
0.000000 0.000000 0.000000 0.000000 0.000000 0.000000 0.000000 0.000000 0.000000 0.000000 0.000000 0.000000 0.000000 0.000000 0.000000 0.000000 0.000000 0.000000 0.000000 0.000000 0.000000 0.000000 0.000000 0.000000 0.000000 0.000000 0.000000 0.000000 0.000000 0.000000 0.000000 0.000000 0.000000 0.000000 0.000000 0.000000 0.000000 0.000000 0.000000 0.000000 0.000000 0.000000 0.000000 0.000001 0.000001 0.000002 0.000001 0.000001 0.000001 0.000003 0.000001 0.000001 0.000001 0.000001 0.000001 0.000003 0.000002 0.000002 0.000002 0.000002 0.000002 0.000003 0.000003 0.000003
0.000000 0.000000 0.000000 0.000000 0.000000 0.000000 0.000000 0.000000 0.000000 0.000000 0.000000 0.000000 0.000000 0.000000 0.000000 0.000000 0.000000 0.000000 0.000000 0.000000 0.000000 0.000000 0.000000 0.000000 0.000000 0.000000 0.000000 0.000000 0.000000 0.000000 0.000000 0.000000 0.000000 0.000000 0.000000 0.000000 0.000000 0.000000 0.000000 0.000000 0.000000 0.000000 0.000000 0.000001 0.000001 0.000002 0.000001 0.000001 0.000001 0.000003 0.000001 0.000001 0.000001 0.000001 0.000001 0.000003 0.000002 0.000002 0.000002 0.000002 0.000002 0.000003 0.000003 0.000003
0.000000 0.000000 0.000000 0.000000 0.000000 0.000000 0.000000 0.000000 0.000000 0.000000 0.000000 0.000000 0.000000 0.000000 0.000000 0.000000 0.000000 0.000000 0.000000 0.000000 0.000000 0.000000 0.000000 0.000000 0.000000 0.000000 0.000000 0.000000 0.000000 0.000000 0.000000 0.000000 0.000000 0.000000 0.000000 0.000000 0.000000 0.000000 0.000000 0.000000 0.000000 0.000000 0.000000 0.000001 0.000001 0.000002 0.000001 0.000001 0.000001 0.000003 0.000001 0.000001 0.000001 0.000001 0.000001 0.000003 0.000002 0.000001 0.000002 0.000002 0.000003 0.000003 0.000002 0.000003
0.000000 0.000000 0.000000 0.000000 0.000000 0.000000 0.000000 0.000000 0.000000 0.000000 0.000000 0.000000 0.000000 0.000000 0.000000 0.000000 0.000000 0.000000 0.000000 0.000000 0.000000 0.000000 0.000000 0.000000 0.000000 0.000000 0.000000 0.000000 0.000000 0.000000 0.000000 0.000000 0.000000 0.000000 0.000000 0.000000 0.000000 0.000000 0.000000 0.000000 0.000000 0.000000 0.000000 0.000000 0.000001 0.000002 0.000001 0.000001 0.000001 0.000003 0.000001 0.000001 0.000001 0.000001 0.000001 0.000003 0.000003 0.000002 0.000002 0.000002 0.000002 0.000003 0.000003 0.000003
0.000000 0.000000 0.000000 0.000000 0.000000 0.000000 0.000000 0.000000 0.000000 0.000000 0.000000 0.000000 0.000000 0.000000 0.000000 0.000000 0.000000 0.000000 0.000000 0.000000 0.000000 0.000000 0.000000 0.000000 0.000000 0.000000 0.000000 0.000000 0.000000 0.000000 0.000000 0.000000 0.000000 0.000000 0.000000 0.000000 0.000000 0.000000 0.000001 0.000000 0.000000 0.000000 0.000000 0.000001 0.000001 0.000002 0.000001 0.000001 0.000001 0.000003 0.000001 0.000001 0.000001 0.000001 0.000001 0.000003 0.000002 0.000001 0.000002 0.000002 0.000003 0.000003 0.000003 0.000003
0.000000 0.000000 0.000000 0.000000 0.000000 0.000000 0.000000 0.000000 0.000000 0.000000 0.000000 0.000000 0.000000 0.000000 0.000000 0.000000 0.000000 0.000000 0.000000 0.000000 0.000000 0.000000 0.000000 0.000000 0.000000 0.000000 0.000000 0.000000 0.000000 0.000000 0.000000 0.000000 0.000000 0.000000 0.000000 0.000000 0.000000 0.000000 0.000001 0.000000 0.000000 0.000001 0.000000 0.000001 0.000001 0.000002 0.000001 0.000001 0.000001 0.000004 0.000001 0.000001 0.000001 0.000001 0.000002 0.000003 0.000003 0.000002 0.000003 0.000002 0.000003 0.000003 0.000003 0.000003
0.000000 0.000000 0.000000 0.000000 0.000000 0.000000 0.000000 0.000000 0.000000 0.000000 0.000000 0.000000 0.000000 0.000000 0.000000 0.000000 0.000000 0.000000 0.000000 0.000000 0.000000 0.000000 0.000000 0.000000 0.000000 0.000000 0.000000 0.000000 0.000000 0.000000 0.000000 0.000000 0.000000 0.000001 0.000000 0.000001 0.000001 0.000000 0.000001 0.000001 0.000001 0.000001 0.000001 0.000001 0.000001 0.000002 0.000001 0.000001 0.000001 0.000004 0.000002 0.000002 0.000002 0.000002 0.000002 0.000005 0.000005 0.000002 0.000005 0.000004 0.000004 0.000005 0.000005 0.000005
0.000000 0.000000 0.000000 0.000000 0.000001 0.000000 0.000000 0.000001 0.000000 0.000000 0.000001 0.000000 0.000001 0.000001 0.000001 0.000000 0.000000 0.000000 0.000000 0.000001 0.000001 0.000000 0.000001 0.000001 0.000000 0.000001 0.000001 0.000001 0.000000 0.000001 0.000001 0.000001 0.000001 0.000001 0.000001 0.000001 0.000001 0.000001 0.000001 0.000001 0.000001 0.000001 0.000001 0.000002 0.000003 0.000004 0.000003 0.000003 0.000003 0.000005 0.000004 0.000004 0.000004 0.000004 0.000005 0.000013 0.000011 0.000006 0.000010 0.000011 0.000011 0.000012 0.000012 0.000012
0.000000 0.000000 0.000000 0.000000 0.000000 0.000000 0.000000 0.000000 0.000000 0.000000 0.000000 0.000000 0.000000 0.000000 0.000000 0.000000 0.000000 0.000000 0.000000 0.000000 0.000000 0.000000 0.000000 0.000000 0.000000 0.000000 0.000000 0.000000 0.000000 0.000000 0.000000 0.000000 0.000000 0.000001 0.000000 0.000001 0.000000 0.000000 0.000001 0.000001 0.000000 0.000001 0.000001 0.000001 0.000001 0.000002 0.000001 0.000001 0.000001 0.000004 0.000002 0.000001 0.000001 0.000001 0.000002 0.000004 0.000004 0.000002 0.000003 0.000003 0.000003 0.000004 0.000004 0.000004
0.000000 0.000000 0.000000 0.000000 0.000000 0.000000 0.000000 0.000000 0.000000 0.000000 0.000000 0.000000 0.000000 0.000000 0.000000 0.000000 0.000000 0.000000 0.000000 0.000000 0.000000 0.000000 0.000000 0.000000 0.000000 0.000000 0.000000 0.000000 0.000000 0.000000 0.000000 0.000000 0.000000 0.000000 0.000000 0.000000 0.000000 0.000000 0.000000 0.000000 0.000000 0.000001 0.000000 0.000001 0.000001 0.000002 0.000001 0.000001 0.000001 0.000003 0.000001 0.000001 0.000001 0.000001 0.000002 0.000003 0.000003 0.000002 0.000003 0.000003 0.000003 0.000003 0.000003 0.000004
0.000000 0.000000 0.000000 0.000000 0.000000 0.000000 0.000000 0.000000 0.000000 0.000000 0.000000 0.000000 0.000000 0.000000 0.000000 0.000000 0.000000 0.000000 0.000000 0.000000 0.000000 0.000000 0.000000 0.000000 0.000000 0.000000 0.000000 0.000000 0.000000 0.000000 0.000000 0.000000 0.000000 0.000000 0.000000 0.000000 0.000000 0.000000 0.000000 0.000000 0.000000 0.000001 0.000000 0.000001 0.000001 0.000002 0.000001 0.000001 0.000001 0.000003 0.000001 0.000001 0.000001 0.000001 0.000001 0.000003 0.000003 0.000001 0.000002 0.000002 0.000003 0.000003 0.000003 0.000004
0.000000 0.000000 0.000000 0.000000 0.000000 0.000000 0.000000 0.000000 0.000000 0.000000 0.000000 0.000000 0.000000 0.000000 0.000000 0.000000 0.000000 0.000000 0.000000 0.000000 0.000000 0.000000 0.000000 0.000000 0.000000 0.000000 0.000000 0.000000 0.000000 0.000000 0.000000 0.000000 0.000000 0.000000 0.000000 0.000000 0.000000 0.000000 0.000000 0.000000 0.000000 0.000000 0.000000 0.000001 0.000001 0.000002 0.000001 0.000001 0.000001 0.000002 0.000001 0.000001 0.000001 0.000001 0.000001 0.000003 0.000002 0.000002 0.000002 0.000002 0.000002 0.000003 0.000003 0.000003
0.000000 0.000000 0.000000 0.000000 0.000000 0.000000 0.000000 0.000000 0.000000 0.000000 0.000000 0.000000 0.000000 0.000000 0.000000 0.000000 0.000000 0.000000 0.000000 0.000000 0.000000 0.000000 0.000000 0.000000 0.000000 0.000000 0.000000 0.000000 0.000000 0.000000 0.000000 0.000000 0.000000 0.000000 0.000000 0.000000 0.000000 0.000000 0.000000 0.000000 0.000000 0.000000 0.000000 0.000000 0.000001 0.000002 0.000001 0.000001 0.000001 0.000003 0.000001 0.000001 0.000001 0.000001 0.000001 0.000003 0.000002 0.000002 0.000002 0.000002 0.000002 0.000003 0.000003 0.000003
0.000000 0.000000 0.000000 0.000000 0.000000 0.000000 0.000000 0.000000 0.000000 0.000000 0.000000 0.000000 0.000000 0.000000 0.000000 0.000000 0.000000 0.000000 0.000000 0.000000 0.000000 0.000000 0.000000 0.000000 0.000000 0.000000 0.000000 0.000000 0.000000 0.000000 0.000000 0.000000 0.000000 0.000000 0.000000 0.000000 0.000000 0.000000 0.000000 0.000000 0.000000 0.000000 0.000000 0.000000 0.000001 0.000002 0.000001 0.000001 0.000001 0.000003 0.000001 0.000001 0.000001 0.000001 0.000001 0.000002 0.000002 0.000002 0.000002 0.000002 0.000003 0.000003 0.000003 0.000003
0.000000 0.000000 0.000000 0.000000 0.000000 0.000000 0.000000 0.000000 0.000000 0.000000 0.000000 0.000000 0.000000 0.000000 0.000000 0.000000 0.000000 0.000000 0.000000 0.000000 0.000000 0.000000 0.000000 0.000000 0.000000 0.000000 0.000000 0.000000 0.000000 0.000000 0.000000 0.000000 0.000000 0.000000 0.000000 0.000000 0.000000 0.000000 0.000000 0.000000 0.000000 0.000000 0.000000 0.000001 0.000001 0.000002 0.000001 0.000001 0.000001 0.000003 0.000001 0.000001 0.000001 0.000001 0.000001 0.000003 0.000003 0.000002 0.000002 0.000002 0.000002 0.000003 0.000003 0.000003
0.000000 0.000000 0.000000 0.000000 0.000000 0.000000 0.000000 0.000000 0.000000 0.000000 0.000000 0.000000 0.000000 0.000000 0.000000 0.000000 0.000000 0.000000 0.000000 0.000000 0.000000 0.000000 0.000000 0.000000 0.000000 0.000000 0.000000 0.000000 0.000000 0.000000 0.000000 0.000000 0.000000 0.000000 0.000000 0.000000 0.000000 0.000000 0.000001 0.000000 0.000000 0.000000 0.000000 0.000001 0.000001 0.000002 0.000001 0.000001 0.000001 0.000003 0.000001 0.000001 0.000001 0.000001 0.000002 0.000003 0.000002 0.000002 0.000002 0.000002 0.000003 0.000003 0.000003 0.000003
0.000000 0.000000 0.000000 0.000000 0.000000 0.000000 0.000000 0.000000 0.000000 0.000000 0.000000 0.000000 0.000000 0.000000 0.000000 0.000000 0.000000 0.000000 0.000000 0.000000 0.000000 0.000000 0.000000 0.000000 0.000000 0.000000 0.000000 0.000000 0.000000 0.000000 0.000000 0.000000 0.000000 0.000000 0.000000 0.000000 0.000000 0.000000 0.000001 0.000000 0.000000 0.000000 0.000000 0.000001 0.000001 0.000002 0.000001 0.000001 0.000001 0.000003 0.000001 0.000001 0.000001 0.000001 0.000002 0.000003 0.000003 0.000002 0.000002 0.000002 0.000003 0.000003 0.000003 0.000003
0.000000 0.000000 0.000000 0.000000 0.000000 0.000000 0.000000 0.000000 0.000000 0.000000 0.000000 0.000000 0.000000 0.000000 0.000000 0.000000 0.000000 0.000000 0.000000 0.000000 0.000000 0.000000 0.000000 0.000000 0.000000 0.000000 0.000000 0.000000 0.000000 0.000000 0.000000 0.000000 0.000000 0.000000 0.000000 0.000000 0.000000 0.000000 0.000001 0.000000 0.000000 0.000001 0.000000 0.000001 0.000001 0.000002 0.000001 0.000001 0.000001 0.000003 0.000001 0.000001 0.000001 0.000001 0.000002 0.000004 0.000003 0.000002 0.000003 0.000003 0.000003 0.000004 0.000003 0.000004
0.000000 0.000000 0.000000 0.000000 0.000000 0.000000 0.000000 0.000000 0.000000 0.000000 0.000000 0.000000 0.000001 0.000000 0.000000 0.000000 0.000000 0.000000 0.000000 0.000000 0.000000 0.000000 0.000000 0.000000 0.000000 0.000000 0.000000 0.000000 0.000000 0.000000 0.000000 0.000000 0.000000 0.000000 0.000000 0.000001 0.000001 0.000001 0.000001 0.000001 0.000001 0.000001 0.000001 0.000001 0.000001 0.000002 0.000001 0.000001 0.000001 0.000005 0.000002 0.000002 0.000002 0.000002 0.000003 0.000006 0.000006 0.000004 0.000004 0.000004 0.000004 0.000004 0.000005 0.000005
0.000000 0.000000 0.000000 0.000000 0.000000 0.000000 0.000000 0.000000 0.000000 0.000000 0.000000 0.000000 0.000000 0.000000 0.000000 0.000000 0.000000 0.000000 0.000000 0.000000 0.000000 0.000000 0.000000 0.000000 0.000000 0.000000 0.000000 0.000000 0.000000 0.000000 0.000000 0.000000 0.000000 0.000000 0.000000 0.000000 0.000000 0.000000 0.000001 0.000000 0.000000 0.000001 0.000000 0.000001 0.000001 0.000002 0.000001 0.000001 0.000001 0.000004 0.000001 0.000001 0.000001 0.000001 0.000002 0.000004 0.000004 0.000002 0.000003 0.000003 0.000003 0.000003 0.000004 0.000003
0.000000 0.000000 0.000000 0.000000 0.000000 0.000000 0.000000 0.000000 0.000000 0.000000 0.000000 0.000000 0.000000 0.000000 0.000000 0.000000 0.000000 0.000000 0.000000 0.000000 0.000000 0.000000 0.000000 0.000000 0.000000 0.000000 0.000000 0.000000 0.000000 0.000000 0.000000 0.000000 0.000000 0.000000 0.000000 0.000000 0.000000 0.000000 0.000000 0.000000 0.000000 0.000001 0.000000 0.000001 0.000001 0.000002 0.000001 0.000001 0.000001 0.000003 0.000001 0.000001 0.000001 0.000001 0.000001 0.000003 0.000003 0.000002 0.000002 0.000002 0.000003 0.000003 0.000003 0.000003
0.000000 0.000000 0.000000 0.000000 0.000000 0.000000 0.000000 0.000000 0.000000 0.000000 0.000000 0.000000 0.000000 0.000000 0.000000 0.000000 0.000000 0.000000 0.000000 0.000000 0.000000 0.000000 0.000000 0.000000 0.000000 0.000000 0.000000 0.000000 0.000000 0.000000 0.000000 0.000000 0.000000 0.000000 0.000000 0.000000 0.000000 0.000000 0.000000 0.000000 0.000000 0.000000 0.000000 0.000001 0.000001 0.000002 0.000001 0.000001 0.000001 0.000003 0.000001 0.000001 0.000001 0.000001 0.000001 0.000003 0.000002 0.000002 0.000002 0.000002 0.000003 0.000003 0.000002 0.000003
0.000000 0.000000 0.000000 0.000000 0.000000 0.000000 0.000000 0.000000 0.000000 0.000000 0.000000 0.000000 0.000000 0.000000 0.000000 0.000000 0.000000 0.000000 0.000000 0.000000 0.000000 0.000000 0.000000 0.000000 0.000000 0.000000 0.000000 0.000000 0.000000 0.000000 0.000000 0.000000 0.000000 0.000000 0.000000 0.000000 0.000000 0.000000 0.000000 0.000000 0.000000 0.000000 0.000000 0.000000 0.000001 0.000002 0.000001 0.000001 0.000001 0.000003 0.000001 0.000001 0.000001 0.000001 0.000001 0.000003 0.000003 0.000002 0.000002 0.000002 0.000003 0.000003 0.000003 0.000003
0.000000 0.000000 0.000000 0.000000 0.000000 0.000000 0.000000 0.000000 0.000000 0.000000 0.000000 0.000000 0.000000 0.000000 0.000000 0.000000 0.000000 0.000000 0.000000 0.000000 0.000000 0.000000 0.000000 0.000000 0.000000 0.000000 0.000000 0.000000 0.000000 0.000000 0.000000 0.000000 0.000000 0.000000 0.000000 0.000000 0.000000 0.000000 0.000000 0.000000 0.000000 0.000000 0.000000 0.000000 0.000001 0.000002 0.000001 0.000001 0.000001 0.000003 0.000001 0.000001 0.000001 0.000001 0.000001 0.000003 0.000002 0.000002 0.000002 0.000002 0.000002 0.000003 0.000003 0.000003
0.000000 0.000000 0.000000 0.000000 0.000000 0.000000 0.000000 0.000000 0.000000 0.000000 0.000000 0.000000 0.000000 0.000000 0.000000 0.000000 0.000000 0.000000 0.000000 0.000000 0.000000 0.000000 0.000000 0.000000 0.000000 0.000000 0.000000 0.000000 0.000000 0.000000 0.000000 0.000000 0.000000 0.000000 0.000000 0.000000 0.000000 0.000000 0.000000 0.000000 0.000000 0.000000 0.000000 0.000000 0.000001 0.000002 0.000001 0.000001 0.000001 0.000003 0.000001 0.000001 0.000001 0.000001 0.000001 0.000003 0.000002 0.000001 0.000002 0.000002 0.000003 0.000003 0.000003 0.000003
0.000000 0.000000 0.000000 0.000000 0.000000 0.000000 0.000000 0.000000 0.000000 0.000000 0.000000 0.000000 0.000000 0.000000 0.000000 0.000000 0.000000 0.000000 0.000000 0.000000 0.000000 0.000000 0.000000 0.000000 0.000000 0.000000 0.000000 0.000000 0.000000 0.000000 0.000000 0.000000 0.000000 0.000000 0.000000 0.000000 0.000000 0.000000 0.000000 0.000000 0.000000 0.000000 0.000000 0.000001 0.000001 0.000002 0.000001 0.000001 0.000001 0.000003 0.000001 0.000001 0.000001 0.000001 0.000001 0.000003 0.000002 0.000001 0.000002 0.000002 0.000002 0.000003 0.000003 0.000003
0.000000 0.000000 0.000000 0.000000 0.000000 0.000000 0.000000 0.000000 0.000000 0.000000 0.000000 0.000000 0.000000 0.000000 0.000000 0.000000 0.000000 0.000000 0.000000 0.000000 0.000000 0.000000 0.000000 0.000000 0.000000 0.000000 0.000000 0.000000 0.000000 0.000000 0.000000 0.000000 0.000000 0.000000 0.000000 0.000000 0.000000 0.000000 0.000000 0.000000 0.000000 0.000001 0.000000 0.000001 0.000001 0.000002 0.000001 0.000001 0.000001 0.000003 0.000001 0.000001 0.000001 0.000001 0.000001 0.000003 0.000002 0.000002 0.000002 0.000002 0.000003 0.000003 0.000003 0.000003
0.000000 0.000000 0.000000 0.000000 0.000000 0.000000 0.000000 0.000000 0.000000 0.000000 0.000000 0.000000 0.000000 0.000000 0.000000 0.000000 0.000000 0.000000 0.000000 0.000000 0.000000 0.000000 0.000000 0.000000 0.000000 0.000000 0.000000 0.000000 0.000000 0.000000 0.000000 0.000000 0.000000 0.000000 0.000000 0.000000 0.000000 0.000000 0.000001 0.000000 0.000000 0.000001 0.000000 0.000001 0.000001 0.000002 0.000001 0.000001 0.000001 0.000003 0.000001 0.000001 0.000001 0.000001 0.000002 0.000004 0.000003 0.000002 0.000003 0.000003 0.000003 0.000003 0.000003 0.000003
0.000001 0.000001 0.000001 0.000001 0.000001 0.000001 0.000001 0.000001 0.000001 0.000001 0.000002 0.000001 0.000003 0.000002 0.000001 0.000001 0.000001 0.000001 0.000001 0.000001 0.000002 0.000001 0.000002 0.000001 0.000002 0.000002 0.000002 0.000002 0.000001 0.000002 0.000002 0.000002 0.000002 0.000003 0.000002 0.000003 0.000003 0.000003 0.000002 0.000004 0.000003 0.000003 0.000003 0.000004 0.000007 0.000006 0.000007 0.000007 0.000008 0.000009 0.000010 0.000011 0.000011 0.000008 0.000012 0.000019 0.000023 0.000024 0.000026 0.000023 0.000028 0.000029 0.000032 0.000033
0.000000 0.000000 0.000000 0.000000 0.000000 0.000000 0.000000 0.000001 0.000000 0.000000 0.000001 0.000000 0.000001 0.000001 0.000001 0.000000 0.000000 0.000000 0.000000 0.000000 0.000001 0.000000 0.000001 0.000001 0.000001 0.000001 0.000001 0.000001 0.000000 0.000001 0.000001 0.000001 0.000001 0.000001 0.000001 0.000001 0.000001 0.000001 0.000001 0.000001 0.000001 0.000001 0.000001 0.000002 0.000002 0.000003 0.000003 0.000003 0.000003 0.000004 0.000003 0.000004 0.000004 0.000003 0.000005 0.000008 0.000009 0.000007 0.000010 0.000009 0.000009 0.000010 0.000011 0.000013
0.000000 0.000000 0.000000 0.000000 0.000000 0.000000 0.000000 0.000000 0.000000 0.000000 0.000000 0.000000 0.000000 0.000000 0.000000 0.000000 0.000000 0.000000 0.000000 0.000000 0.000000 0.000000 0.000000 0.000000 0.000000 0.000000 0.000000 0.000000 0.000000 0.000000 0.000000 0.000000 0.000000 0.000001 0.000000 0.000001 0.000000 0.000000 0.000001 0.000001 0.000000 0.000001 0.000001 0.000001 0.000001 0.000002 0.000001 0.000001 0.000001 0.000003 0.000001 0.000002 0.000001 0.000001 0.000002 0.000004 0.000004 0.000003 0.000004 0.000004 0.000004 0.000005 0.000005 0.000005
0.000000 0.000000 0.000000 0.000000 0.000000 0.000000 0.000000 0.000000 0.000000 0.000000 0.000000 0.000000 0.000000 0.000000 0.000000 0.000000 0.000000 0.000000 0.000000 0.000000 0.000000 0.000000 0.000000 0.000000 0.000000 0.000000 0.000000 0.000000 0.000000 0.000000 0.000000 0.000000 0.000000 0.000000 0.000000 0.000000 0.000000 0.000000 0.000001 0.000000 0.000000 0.000000 0.000000 0.000001 0.000001 0.000002 0.000001 0.000001 0.000001 0.000003 0.000001 0.000001 0.000001 0.000001 0.000001 0.000003 0.000003 0.000002 0.000002 0.000002 0.000003 0.000003 0.000003 0.000003
0.000000 0.000000 0.000000 0.000000 0.000000 0.000000 0.000000 0.000000 0.000000 0.000000 0.000000 0.000000 0.000000 0.000000 0.000000 0.000000 0.000000 0.000000 0.000000 0.000000 0.000000 0.000000 0.000000 0.000000 0.000000 0.000000 0.000000 0.000000 0.000000 0.000000 0.000000 0.000000 0.000000 0.000000 0.000000 0.000000 0.000000 0.000000 0.000000 0.000000 0.000000 0.000000 0.000000 0.000001 0.000001 0.000002 0.000001 0.000001 0.000001 0.000003 0.000001 0.000001 0.000001 0.000001 0.000001 0.000003 0.000002 0.000002 0.000002 0.000002 0.000002 0.000003 0.000003 0.000003
0.000000 0.000000 0.000000 0.000000 0.000000 0.000000 0.000000 0.000000 0.000000 0.000000 0.000000 0.000000 0.000000 0.000000 0.000000 0.000000 0.000000 0.000000 0.000000 0.000000 0.000000 0.000000 0.000000 0.000000 0.000000 0.000000 0.000000 0.000000 0.000000 0.000000 0.000000 0.000000 0.000000 0.000000 0.000000 0.000000 0.000000 0.000000 0.000000 0.000000 0.000000 0.000000 0.000000 0.000001 0.000001 0.000002 0.000001 0.000001 0.000001 0.000003 0.000001 0.000001 0.000001 0.000001 0.000001 0.000003 0.000002 0.000002 0.000002 0.000002 0.000002 0.000003 0.000003 0.000003
0.000000 0.000000 0.000000 0.000000 0.000000 0.000000 0.000000 0.000000 0.000000 0.000000 0.000000 0.000000 0.000000 0.000000 0.000000 0.000000 0.000000 0.000000 0.000000 0.000000 0.000000 0.000000 0.000000 0.000000 0.000000 0.000000 0.000000 0.000000 0.000000 0.000000 0.000000 0.000000 0.000000 0.000000 0.000000 0.000000 0.000000 0.000000 0.000000 0.000000 0.000000 0.000000 0.000000 0.000001 0.000001 0.000002 0.000001 0.000001 0.000001 0.000003 0.000001 0.000001 0.000001 0.000001 0.000001 0.000003 0.000002 0.000001 0.000002 0.000002 0.000002 0.000003 0.000003 0.000003
0.000000 0.000000 0.000000 0.000000 0.000000 0.000000 0.000000 0.000000 0.000000 0.000000 0.000000 0.000000 0.000000 0.000000 0.000000 0.000000 0.000000 0.000000 0.000000 0.000000 0.000000 0.000000 0.000000 0.000000 0.000000 0.000000 0.000000 0.000000 0.000000 0.000000 0.000000 0.000000 0.000000 0.000000 0.000000 0.000000 0.000000 0.000000 0.000001 0.000000 0.000000 0.000000 0.000000 0.000001 0.000001 0.000002 0.000001 0.000001 0.000001 0.000003 0.000001 0.000001 0.000001 0.000001 0.000001 0.000003 0.000003 0.000001 0.000003 0.000002 0.000003 0.000003 0.000002 0.000003
0.000000 0.000000 0.000000 0.000000 0.000000 0.000000 0.000000 0.000000 0.000000 0.000000 0.000000 0.000000 0.000000 0.000000 0.000000 0.000000 0.000000 0.000000 0.000000 0.000000 0.000000 0.000000 0.000000 0.000000 0.000000 0.000000 0.000000 0.000000 0.000000 0.000000 0.000000 0.000000 0.000000 0.000001 0.000000 0.000001 0.000000 0.000000 0.000001 0.000001 0.000001 0.000001 0.000001 0.000001 0.000001 0.000002 0.000001 0.000001 0.000001 0.000003 0.000002 0.000002 0.000002 0.000001 0.000002 0.000005 0.000004 0.000002 0.000004 0.000004 0.000004 0.000005 0.000004 0.000005
0.000001 0.000001 0.000001 0.000001 0.000001 0.000001 0.000000 0.000001 0.000000 0.000001 0.000001 0.000001 0.000001 0.000001 0.000001 0.000001 0.000001 0.000000 0.000001 0.000001 0.000001 0.000001 0.000001 0.000001 0.000001 0.000001 0.000001 0.000001 0.000001 0.000001 0.000001 0.000001 0.000001 0.000001 0.000001 0.000001 0.000001 0.000001 0.000001 0.000001 0.000001 0.000001 0.000002 0.000002 0.000003 0.000004 0.000003 0.000003 0.000004 0.000006 0.000004 0.000005 0.000004 0.000004 0.000005 0.000011 0.000010 0.000006 0.000012 0.000010 0.000011 0.000012 0.000013 0.000012
0.000001 0.000000 0.000000 0.000000 0.000000 0.000000 0.000000 0.000000 0.000000 0.000000 0.000000 0.000000 0.000001 0.000000 0.000000 0.000000 0.000000 0.000000 0.000000 0.000001 0.000000 0.000000 0.000001 0.000001 0.000000 0.000001 0.000001 0.000001 0.000001 0.000001 0.000001 0.000001 0.000001 0.000002 0.000001 0.000002 0.000002 0.000001 0.000001 0.000002 0.000002 0.000001 0.000002 0.000002 0.000003 0.000004 0.000003 0.000003 0.000003 0.000005 0.000004 0.000005 0.000004 0.000004 0.000006 0.000013 0.000016 0.000015 0.000023 0.000028 0.000034 0.000039 0.000048 0.000048
0.000000 0.000000 0.000000 0.000000 0.000000 0.000000 0.000000 0.000000 0.000000 0.000000 0.000000 0.000000 0.000001 0.000000 0.000000 0.000000 0.000000 0.000000 0.000000 0.000000 0.000000 0.000000 0.000000 0.000000 0.000000 0.000001 0.000000 0.000001 0.000000 0.000000 0.000001 0.000001 0.000001 0.000001 0.000001 0.000001 0.000001 0.000001 0.000001 0.000001 0.000001 0.000001 0.000001 0.000001 0.000002 0.000003 0.000002 0.000002 0.000002 0.000004 0.000003 0.000003 0.000002 0.000002 0.000003 0.000008 0.000009 0.000007 0.000012 0.000013 0.000015 0.000018 0.000022 0.000021
0.000000 0.000000 0.000000 0.000000 0.000000 0.000000 0.000000 0.000000 0.000000 0.000000 0.000000 0.000000 0.000000 0.000000 0.000000 0.000000 0.000000 0.000000 0.000000 0.000000 0.000000 0.000000 0.000000 0.000000 0.000000 0.000000 0.000000 0.000000 0.000000 0.000000 0.000000 0.000000 0.000000 0.000001 0.000001 0.000001 0.000001 0.000001 0.000001 0.000001 0.000001 0.000001 0.000001 0.000001 0.000001 0.000002 0.000001 0.000001 0.000001 0.000004 0.000002 0.000002 0.000002 0.000002 0.000002 0.000005 0.000005 0.000004 0.000006 0.000006 0.000008 0.000009 0.000007 0.000010
0.000000 0.000000 0.000000 0.000000 0.000000 0.000000 0.000000 0.000000 0.000000 0.000000 0.000000 0.000000 0.000000 0.000000 0.000000 0.000000 0.000000 0.000000 0.000000 0.000000 0.000000 0.000000 0.000000 0.000000 0.000000 0.000000 0.000000 0.000000 0.000000 0.000000 0.000000 0.000000 0.000000 0.000000 0.000000 0.000000 0.000000 0.000000 0.000001 0.000000 0.000000 0.000001 0.000000 0.000001 0.000001 0.000002 0.000001 0.000001 0.000001 0.000003 0.000001 0.000001 0.000001 0.000001 0.000002 0.000004 0.000003 0.000003 0.000003 0.000003 0.000004 0.000005 0.000003 0.000005
0.000000 0.000000 0.000000 0.000000 0.000000 0.000000 0.000000 0.000000 0.000000 0.000000 0.000000 0.000000 0.000000 0.000000 0.000000 0.000000 0.000000 0.000000 0.000000 0.000000 0.000000 0.000000 0.000000 0.000000 0.000000 0.000000 0.000000 0.000000 0.000000 0.000000 0.000000 0.000000 0.000000 0.000000 0.000000 0.000000 0.000000 0.000000 0.000001 0.000000 0.000000 0.000000 0.000000 0.000001 0.000001 0.000002 0.000001 0.000001 0.000001 0.000003 0.000001 0.000001 0.000001 0.000001 0.000002 0.000003 0.000003 0.000002 0.000003 0.000002 0.000003 0.000003 0.000003 0.000003
0.000000 0.000000 0.000000 0.000000 0.000000 0.000000 0.000000 0.000000 0.000000 0.000000 0.000000 0.000000 0.000000 0.000000 0.000000 0.000000 0.000000 0.000000 0.000000 0.000000 0.000000 0.000000 0.000000 0.000000 0.000000 0.000000 0.000000 0.000000 0.000000 0.000000 0.000000 0.000000 0.000000 0.000000 0.000000 0.000000 0.000000 0.000000 0.000000 0.000000 0.000000 0.000000 0.000000 0.000001 0.000001 0.000002 0.000001 0.000001 0.000001 0.000003 0.000001 0.000001 0.000001 0.000001 0.000001 0.000003 0.000003 0.000002 0.000002 0.000002 0.000002 0.000003 0.000003 0.000003
0.000000 0.000000 0.000000 0.000000 0.000000 0.000000 0.000000 0.000000 0.000000 0.000000 0.000000 0.000000 0.000000 0.000000 0.000000 0.000000 0.000000 0.000000 0.000000 0.000000 0.000000 0.000000 0.000000 0.000000 0.000000 0.000000 0.000000 0.000000 0.000000 0.000000 0.000000 0.000000 0.000000 0.000000 0.000000 0.000000 0.000000 0.000000 0.000000 0.000000 0.000000 0.000000 0.000000 0.000000 0.000001 0.000002 0.000001 0.000001 0.000001 0.000003 0.000001 0.000001 0.000001 0.000001 0.000001 0.000003 0.000003 0.000002 0.000002 0.000002 0.000002 0.000003 0.000003 0.000003
0.000000 0.000000 0.000000 0.000000 0.000000 0.000000 0.000000 0.000000 0.000000 0.000000 0.000000 0.000000 0.000000 0.000000 0.000000 0.000000 0.000000 0.000000 0.000000 0.000000 0.000000 0.000000 0.000000 0.000000 0.000000 0.000000 0.000000 0.000000 0.000000 0.000000 0.000000 0.000000 0.000000 0.000000 0.000000 0.000000 0.000000 0.000000 0.000001 0.000000 0.000000 0.000000 0.000000 0.000001 0.000001 0.000002 0.000001 0.000001 0.000001 0.000003 0.000001 0.000001 0.000001 0.000001 0.000002 0.000004 0.000003 0.000002 0.000003 0.000003 0.000003 0.000003 0.000004 0.000004
0.000000 0.000000 0.000000 0.000000 0.000000 0.000000 0.000000 0.000000 0.000000 0.000000 0.000000 0.000000 0.000000 0.000000 0.000000 0.000000 0.000000 0.000000 0.000000 0.000000 0.000000 0.000000 0.000000 0.000000 0.000000 0.000000 0.000000 0.000000 0.000000 0.000000 0.000000 0.000000 0.000000 0.000000 0.000000 0.000000 0.000000 0.000000 0.000001 0.000000 0.000000 0.000001 0.000001 0.000001 0.000001 0.000002 0.000001 0.000001 0.000001 0.000003 0.000002 0.000002 0.000001 0.000001 0.000002 0.000005 0.000004 0.000003 0.000005 0.000005 0.000005 0.000006 0.000006 0.000007
0.000000 0.000000 0.000000 0.000000 0.000000 0.000000 0.000000 0.000000 0.000000 0.000000 0.000000 0.000000 0.000000 0.000000 0.000000 0.000000 0.000000 0.000000 0.000000 0.000000 0.000000 0.000000 0.000000 0.000000 0.000000 0.000001 0.000000 0.000000 0.000000 0.000000 0.000000 0.000000 0.000000 0.000001 0.000001 0.000001 0.000001 0.000001 0.000001 0.000001 0.000001 0.000001 0.000001 0.000001 0.000001 0.000002 0.000001 0.000001 0.000002 0.000004 0.000002 0.000002 0.000002 0.000002 0.000003 0.000007 0.000006 0.000005 0.000011 0.000011 0.000011 0.000015 0.000014 0.000019
0.000000 0.000000 0.000000 0.000000 0.000000 0.000000 0.000000 0.000000 0.000000 0.000000 0.000000 0.000000 0.000000 0.000000 0.000000 0.000000 0.000000 0.000000 0.000000 0.000000 0.000000 0.000000 0.000000 0.000000 0.000000 0.000000 0.000000 0.000000 0.000000 0.000000 0.000000 0.000000 0.000000 0.000000 0.000000 0.000000 0.000000 0.000000 0.000000 0.000000 0.000000 0.000000 0.000000 0.000001 0.000001 0.000002 0.000001 0.000001 0.000001 0.000003 0.000001 0.000001 0.000001 0.000001 0.000002 0.000003 0.000003 0.000001 0.000002 0.000002 0.000003 0.000003 0.000003 0.000003
0.000000 0.000000 0.000000 0.000000 0.000000 0.000000 0.000000 0.000000 0.000000 0.000000 0.000000 0.000000 0.000000 0.000000 0.000000 0.000000 0.000000 0.000000 0.000000 0.000000 0.000000 0.000000 0.000000 0.000000 0.000000 0.000000 0.000000 0.000000 0.000000 0.000000 0.000000 0.000000 0.000000 0.000000 0.000000 0.000000 0.000000 0.000000 0.000000 0.000000 0.000000 0.000000 0.000000 0.000000 0.000001 0.000002 0.000001 0.000001 0.000001 0.000003 0.000001 0.000001 0.000001 0.000001 0.000001 0.000003 0.000002 0.000002 0.000002 0.000002 0.000002 0.000003 0.000003 0.000003
0.000000 0.000000 0.000000 0.000000 0.000000 0.000000 0.000000 0.000000 0.000000 0.000000 0.000000 0.000000 0.000000 0.000000 0.000000 0.000000 0.000000 0.000000 0.000000 0.000000 0.000000 0.000000 0.000000 0.000000 0.000000 0.000000 0.000000 0.000000 0.000000 0.000000 0.000000 0.000000 0.000000 0.000000 0.000000 0.000000 0.000000 0.000000 0.000000 0.000000 0.000000 0.000000 0.000000 0.000001 0.000001 0.000002 0.000001 0.000001 0.000001 0.000003 0.000001 0.000001 0.000001 0.000001 0.000001 0.000003 0.000002 0.000001 0.000002 0.000002 0.000003 0.000003 0.000003 0.000003
0.000000 0.000000 0.000000 0.000000 0.000000 0.000000 0.000000 0.000000 0.000000 0.000000 0.000000 0.000000 0.000000 0.000000 0.000000 0.000000 0.000000 0.000000 0.000000 0.000000 0.000000 0.000000 0.000000 0.000000 0.000000 0.000000 0.000000 0.000000 0.000000 0.000000 0.000000 0.000000 0.000000 0.000000 0.000000 0.000000 0.000000 0.000000 0.000000 0.000000 0.000000 0.000000 0.000000 0.000001 0.000001 0.000002 0.000001 0.000001 0.000001 0.000003 0.000001 0.000001 0.000001 0.000001 0.000001 0.000003 0.000002 0.000002 0.000002 0.000002 0.000003 0.000003 0.000002 0.000003
0.000001 0.000000 0.000001 0.000000 0.000001 0.000000 0.000000 0.000001 0.000000 0.000001 0.000001 0.000001 0.000001 0.000001 0.000001 0.000001 0.000000 0.000000 0.000001 0.000001 0.000001 0.000001 0.000001 0.000001 0.000001 0.000001 0.000001 0.000001 0.000000 0.000001 0.000001 0.000001 0.000001 0.000001 0.000001 0.000001 0.000001 0.000001 0.000001 0.000001 0.000001 0.000001 0.000001 0.000001 0.000002 0.000003 0.000002 0.000002 0.000002 0.000005 0.000002 0.000002 0.000002 0.000002 0.000003 0.000007 0.000007 0.000004 0.000007 0.000006 0.000008 0.000010 0.000007 0.000010
0.000005 0.000004 0.000004 0.000004 0.000004 0.000004 0.000003 0.000004 0.000003 0.000004 0.000005 0.000004 0.000009 0.000005 0.000005 0.000004 0.000003 0.000003 0.000004 0.000004 0.000005 0.000004 0.000005 0.000004 0.000004 0.000004 0.000004 0.000005 0.000003 0.000004 0.000005 0.000005 0.000005 0.000006 0.000004 0.000005 0.000006 0.000005 0.000004 0.000005 0.000005 0.000004 0.000005 0.000006 0.000010 0.000008 0.000010 0.000008 0.000011 0.000014 0.000012 0.000012 0.000012 0.000010 0.000018 0.000039 0.000039 0.000031 0.000046 0.000042 0.000048 0.000064 0.000060 0.000068
0.000012 0.000010 0.000011 0.000010 0.000010 0.000009 0.000009 0.000012 0.000008 0.000011 0.000014 0.000010 0.000020 0.000013 0.000013 0.000011 0.000009 0.000008 0.000012 0.000011 0.000015 0.000010 0.000014 0.000009 0.000011 0.000015 0.000012 0.000012 0.000011 0.000011 0.000016 0.000014 0.000015 0.000017 0.000013 0.000017 0.000017 0.000014 0.000012 0.000016 0.000015 0.000012 0.000017 0.000018 0.000033 0.000019 0.000035 0.000026 0.000034 0.000033 0.000042 0.000042 0.000047 0.000040 0.000067 0.000120 0.000144 0.000145 0.000167 0.000166 0.000185 0.000207 0.000205 0.000260
0.000065 0.000059 0.000055 0.000050 0.000063 0.000045 0.000044 0.000069 0.000036 0.000051 0.000079 0.000062 0.000110 0.000065 0.000063 0.000062 0.000042 0.000043 0.000051 0.000057 0.000073 0.000052 0.000072 0.000048 0.000063 0.000086 0.000055 0.000073 0.000051 0.000059 0.000096 0.000076 0.000079 0.000098 0.000082 0.000087 0.000085 0.000069 0.000056 0.000084 0.000070 0.000055 0.000081 0.000077 0.000136 0.000082 0.000176 0.000119 0.000166 0.000133 0.000193 0.000209 0.000238 0.000253 0.000419 0.000468 0.000638 0.001269 0.000641 0.000676 0.001883 0.001828 0.000897 0.001019
0.000535 0.000475 0.000469 0.000385 0.000482 0.000356 0.000314 0.000481 0.000268 0.000370 0.000601 0.000456 0.000853 0.000498 0.000420 0.000439 0.000312 0.000300 0.000350 0.000410 0.000463 0.000341 0.000471 0.000336 0.000460 0.000525 0.000403 0.000534 0.000349 0.000425 0.000643 0.000561 0.000543 0.000726 0.000547 0.000597 0.000561 0.000480 0.000341 0.000544 0.000435 0.000339 0.000497 0.000455 0.000690 0.000464 0.001331 0.001023 0.001600 0.000706 0.001138 0.001173 0.002547 0.008842 0.018415 0.002404 0.003108 0.463070 0.002970 0.003015 0.547410 0.434549 0.004336 0.004954
0.003344 0.002643 0.002729 0.002000 0.002740 0.002199 0.002037 0.002538 0.001649 0.002060 0.003248 0.002473 0.004642 0.002770 0.002197 0.002128 0.001796 0.001611 0.002023 0.002057 0.002245 0.001869 0.002434 0.001698 0.002828 0.002484 0.002285 0.002770 0.001907 0.002191 0.003218 0.003014 0.002844 0.003816 0.002756 0.003229 0.002956 0.002637 0.001799 0.002833 0.002109 0.001754 0.002458 0.002306 0.003508 0.002298 0.012849 0.016936 0.021500 0.003125 0.005768 0.005339 0.049605 0.203973 0.205378 0.010722 0.013593 2.298640 0.012443 0.012475 0.652819 0.501063 0.017421 0.020784
0.000156 0.000136 0.000120 0.000115 0.000117 0.000105 0.000083 0.000122 0.000098 0.000127 0.000181 0.000123 0.000253 0.000169 0.000147 0.000111 0.000135 0.000112 0.000131 0.000133 0.000144 0.000112 0.000144 0.000109 0.000137 0.000186 0.000127 0.000200 0.000127 0.000143 0.000219 0.000168 0.000225 0.000237 0.000191 0.000228 0.000235 0.000175 0.000141 0.000201 0.000202 0.000129 0.000189 0.000205 0.000425 0.000198 0.000370 0.000315 0.000423 0.000236 0.000366 0.000427 0.000402 0.000274 0.000415 0.000898 0.001101 0.000720 0.001027 0.001513 0.001347 0.001582 0.001670 0.001746
0.000022 0.000020 0.000021 0.000018 0.000019 0.000018 0.000015 0.000024 0.000013 0.000015 0.000022 0.000017 0.000037 0.000024 0.000027 0.000027 0.000017 0.000016 0.000018 0.000021 0.000028 0.000019 0.000026 0.000019 0.000022 0.000029 0.000022 0.000027 0.000019 0.000021 0.000036 0.000028 0.000032 0.000043 0.000030 0.000038 0.000037 0.000031 0.000023 0.000045 0.000036 0.000027 0.000036 0.000033 0.000066 0.000037 0.000067 0.000059 0.000076 0.000046 0.000081 0.000082 0.000072 0.000054 0.000079 0.000186 0.000234 0.000151 0.000265 0.000341 0.000347 0.000345 0.000365 0.000365
0.000031 0.000025 0.000023 0.000022 0.000022 0.000026 0.000019 0.000029 0.000019 0.000022 0.000030 0.000023 0.000039 0.000029 0.000027 0.000030 0.000023 0.000021 0.000026 0.000026 0.000031 0.000025 0.000030 0.000022 0.000024 0.000038 0.000024 0.000035 0.000026 0.000029 0.000040 0.000036 0.000040 0.000053 0.000035 0.000048 0.000039 0.000037 0.000030 0.000044 0.000032 0.000030 0.000036 0.000038 0.000070 0.000034 0.000072 0.000053 0.000071 0.000052 0.000080 0.000076 0.000069 0.000055 0.000077 0.000179 0.000219 0.000129 0.000236 0.000291 0.000274 0.000283 0.000320 0.000294
0.000016 0.000012 0.000014 0.000012 0.000012 0.000013 0.000010 0.000013 0.000010 0.000011 0.000017 0.000011 0.000022 0.000015 0.000014 0.000013 0.000011 0.000011 0.000014 0.000013 0.000016 0.000013 0.000016 0.000011 0.000013 0.000018 0.000012 0.000017 0.000013 0.000014 0.000017 0.000018 0.000019 0.000023 0.000017 0.000023 0.000019 0.000018 0.000015 0.000022 0.000015 0.000015 0.000018 0.000021 0.000037 0.000020 0.000034 0.000029 0.000036 0.000029 0.000040 0.000040 0.000038 0.000028 0.000045 0.000102 0.000121 0.000068 0.000123 0.000139 0.000130 0.000142 0.000170 0.000144
0.000004 0.000003 0.000003 0.000003 0.000003 0.000002 0.000002 0.000003 0.000002 0.000002 0.000004 0.000003 0.000005 0.000003 0.000004 0.000003 0.000002 0.000002 0.000003 0.000003 0.000004 0.000003 0.000003 0.000003 0.000003 0.000003 0.000003 0.000003 0.000002 0.000003 0.000003 0.000004 0.000004 0.000004 0.000003 0.000004 0.000004 0.000004 0.000003 0.000005 0.000003 0.000003 0.000004 0.000005 0.000008 0.000007 0.000007 0.000007 0.000008 0.000011 0.000009 0.000009 0.000008 0.000007 0.000011 0.000024 0.000025 0.000014 0.000025 0.000025 0.000025 0.000029 0.000033 0.000029
0.000000 0.000000 0.000000 0.000000 0.000000 0.000000 0.000000 0.000000 0.000000 0.000000 0.000000 0.000000 0.000000 0.000000 0.000000 0.000000 0.000000 0.000000 0.000000 0.000000 0.000000 0.000000 0.000000 0.000000 0.000000 0.000000 0.000000 0.000000 0.000000 0.000000 0.000000 0.000000 0.000000 0.000000 0.000000 0.000000 0.000000 0.000000 0.000001 0.000001 0.000000 0.000001 0.000001 0.000001 0.000001 0.000002 0.000001 0.000001 0.000001 0.000003 0.000001 0.000001 0.000001 0.000001 0.000002 0.000004 0.000003 0.000002 0.000003 0.000003 0.000003 0.000004 0.000004 0.000004
0.000000 0.000000 0.000000 0.000000 0.000000 0.000000 0.000000 0.000000 0.000000 0.000000 0.000000 0.000000 0.000000 0.000000 0.000000 0.000000 0.000000 0.000000 0.000000 0.000000 0.000000 0.000000 0.000000 0.000000 0.000000 0.000000 0.000000 0.000000 0.000000 0.000000 0.000000 0.000000 0.000000 0.000000 0.000000 0.000000 0.000000 0.000000 0.000000 0.000000 0.000000 0.000000 0.000000 0.000001 0.000001 0.000002 0.000001 0.000001 0.000001 0.000003 0.000001 0.000001 0.000001 0.000001 0.000001 0.000003 0.000003 0.000002 0.000002 0.000002 0.000002 0.000003 0.000003 0.000003
0.000000 0.000000 0.000000 0.000000 0.000000 0.000000 0.000000 0.000000 0.000000 0.000000 0.000000 0.000000 0.000000 0.000000 0.000000 0.000000 0.000000 0.000000 0.000000 0.000000 0.000000 0.000000 0.000000 0.000000 0.000000 0.000000 0.000000 0.000000 0.000000 0.000000 0.000000 0.000000 0.000000 0.000000 0.000000 0.000000 0.000000 0.000000 0.000001 0.000000 0.000000 0.000000 0.000000 0.000001 0.000001 0.000002 0.000001 0.000001 0.000001 0.000003 0.000001 0.000001 0.000001 0.000001 0.000001 0.000003 0.000002 0.000002 0.000002 0.000002 0.000002 0.000003 0.000003 0.000003
0.000000 0.000000 0.000000 0.000000 0.000000 0.000000 0.000000 0.000000 0.000000 0.000000 0.000000 0.000000 0.000000 0.000000 0.000000 0.000000 0.000000 0.000000 0.000000 0.000000 0.000000 0.000000 0.000000 0.000000 0.000000 0.000000 0.000000 0.000000 0.000000 0.000000 0.000000 0.000000 0.000000 0.000000 0.000000 0.000000 0.000000 0.000000 0.000000 0.000000 0.000000 0.000000 0.000000 0.000000 0.000001 0.000001 0.000001 0.000001 0.000001 0.000003 0.000001 0.000001 0.000001 0.000001 0.000001 0.000003 0.000003 0.000001 0.000002 0.000002 0.000002 0.000003 0.000003 0.000003
0.000000 0.000000 0.000000 0.000000 0.000000 0.000000 0.000000 0.000000 0.000000 0.000000 0.000000 0.000000 0.000000 0.000000 0.000000 0.000000 0.000000 0.000000 0.000000 0.000000 0.000000 0.000000 0.000000 0.000000 0.000000 0.000000 0.000000 0.000000 0.000000 0.000000 0.000000 0.000000 0.000000 0.000000 0.000000 0.000000 0.000000 0.000000 0.000000 0.000000 0.000000 0.000000 0.000000 0.000001 0.000001 0.000002 0.000001 0.000001 0.000001 0.000003 0.000001 0.000001 0.000001 0.000001 0.000001 0.000003 0.000003 0.000002 0.000002 0.000002 0.000003 0.000003 0.000003 0.000003
0.000000 0.000000 0.000000 0.000000 0.000000 0.000000 0.000000 0.000000 0.000000 0.000000 0.000000 0.000000 0.000000 0.000000 0.000000 0.000000 0.000000 0.000000 0.000000 0.000000 0.000000 0.000000 0.000000 0.000000 0.000000 0.000000 0.000000 0.000000 0.000000 0.000000 0.000000 0.000000 0.000000 0.000000 0.000000 0.000000 0.000000 0.000000 0.000000 0.000000 0.000000 0.000000 0.000000 0.000001 0.000001 0.000002 0.000001 0.000001 0.000001 0.000003 0.000001 0.000001 0.000001 0.000001 0.000001 0.000003 0.000002 0.000001 0.000003 0.000002 0.000003 0.000003 0.000003 0.000004
0.000000 0.000000 0.000000 0.000000 0.000000 0.000000 0.000000 0.000000 0.000000 0.000000 0.000000 0.000000 0.000000 0.000000 0.000000 0.000000 0.000000 0.000000 0.000000 0.000000 0.000000 0.000000 0.000000 0.000000 0.000000 0.000000 0.000000 0.000000 0.000000 0.000000 0.000000 0.000000 0.000000 0.000000 0.000000 0.000000 0.000000 0.000000 0.000000 0.000000 0.000000 0.000000 0.000000 0.000000 0.000001 0.000002 0.000001 0.000001 0.000001 0.000003 0.000001 0.000001 0.000001 0.000001 0.000001 0.000002 0.000003 0.000002 0.000002 0.000002 0.000002 0.000003 0.000003 0.000003
0.000000 0.000000 0.000000 0.000000 0.000000 0.000000 0.000000 0.000000 0.000000 0.000000 0.000000 0.000000 0.000000 0.000000 0.000000 0.000000 0.000000 0.000000 0.000000 0.000000 0.000000 0.000000 0.000000 0.000000 0.000000 0.000000 0.000000 0.000000 0.000000 0.000000 0.000000 0.000000 0.000000 0.000000 0.000000 0.000000 0.000000 0.000000 0.000000 0.000000 0.000000 0.000000 0.000000 0.000001 0.000001 0.000002 0.000001 0.000001 0.000001 0.000003 0.000001 0.000001 0.000001 0.000001 0.000002 0.000003 0.000003 0.000002 0.000002 0.000002 0.000003 0.000003 0.000003 0.000003
0.000000 0.000000 0.000000 0.000000 0.000000 0.000000 0.000000 0.000000 0.000000 0.000000 0.000000 0.000000 0.000000 0.000000 0.000000 0.000000 0.000000 0.000000 0.000000 0.000000 0.000000 0.000000 0.000000 0.000000 0.000000 0.000000 0.000000 0.000000 0.000000 0.000000 0.000000 0.000000 0.000000 0.000000 0.000000 0.000000 0.000000 0.000000 0.000001 0.000000 0.000000 0.000001 0.000000 0.000001 0.000001 0.000002 0.000001 0.000001 0.000001 0.000003 0.000001 0.000001 0.000001 0.000001 0.000002 0.000003 0.000003 0.000002 0.000003 0.000003 0.000003 0.000004 0.000003 0.000004
0.000000 0.000000 0.000000 0.000000 0.000000 0.000000 0.000000 0.000000 0.000000 0.000000 0.000000 0.000000 0.000000 0.000000 0.000000 0.000000 0.000000 0.000000 0.000000 0.000000 0.000000 0.000000 0.000000 0.000000 0.000000 0.000000 0.000000 0.000000 0.000000 0.000000 0.000001 0.000000 0.000000 0.000001 0.000001 0.000001 0.000001 0.000001 0.000001 0.000001 0.000001 0.000001 0.000001 0.000001 0.000001 0.000002 0.000001 0.000001 0.000001 0.000003 0.000002 0.000002 0.000001 0.000001 0.000002 0.000005 0.000004 0.000003 0.000004 0.000004 0.000004 0.000005 0.000005 0.000005
0.000000 0.000000 0.000000 0.000000 0.000000 0.000000 0.000000 0.000000 0.000000 0.000000 0.000001 0.000000 0.000001 0.000000 0.000000 0.000000 0.000000 0.000000 0.000000 0.000000 0.000000 0.000000 0.000000 0.000000 0.000000 0.000001 0.000001 0.000001 0.000000 0.000001 0.000001 0.000001 0.000001 0.000001 0.000001 0.000001 0.000001 0.000001 0.000001 0.000001 0.000001 0.000001 0.000001 0.000001 0.000002 0.000002 0.000002 0.000002 0.000002 0.000004 0.000002 0.000002 0.000002 0.000002 0.000003 0.000006 0.000005 0.000004 0.000007 0.000006 0.000007 0.000008 0.000006 0.000009
0.000001 0.000000 0.000000 0.000000 0.000000 0.000000 0.000000 0.000001 0.000000 0.000000 0.000001 0.000001 0.000001 0.000001 0.000001 0.000001 0.000001 0.000000 0.000001 0.000001 0.000001 0.000001 0.000001 0.000001 0.000001 0.000001 0.000001 0.000001 0.000001 0.000001 0.000001 0.000001 0.000001 0.000001 0.000001 0.000002 0.000001 0.000001 0.000001 0.000001 0.000001 0.000001 0.000001 0.000002 0.000003 0.000003 0.000003 0.000002 0.000003 0.000004 0.000003 0.000003 0.000003 0.000002 0.000004 0.000009 0.000009 0.000007 0.000011 0.000011 0.000011 0.000011 0.000016 0.000013
0.000001 0.000001 0.000001 0.000001 0.000001 0.000001 0.000001 0.000001 0.000001 0.000001 0.000001 0.000001 0.000002 0.000001 0.000001 0.000001 0.000001 0.000001 0.000001 0.000001 0.000001 0.000001 0.000001 0.000001 0.000001 0.000001 0.000001 0.000002 0.000001 0.000001 0.000002 0.000002 0.000002 0.000002 0.000002 0.000002 0.000002 0.000002 0.000002 0.000002 0.000002 0.000002 0.000002 0.000002 0.000004 0.000004 0.000004 0.000003 0.000004 0.000005 0.000005 0.000005 0.000005 0.000003 0.000005 0.000013 0.000012 0.000010 0.000016 0.000016 0.000017 0.000017 0.000019 0.000022
0.000001 0.000001 0.000001 0.000001 0.000001 0.000001 0.000001 0.000001 0.000001 0.000001 0.000002 0.000001 0.000003 0.000002 0.000001 0.000001 0.000002 0.000001 0.000001 0.000002 0.000002 0.000002 0.000002 0.000001 0.000002 0.000002 0.000002 0.000003 0.000002 0.000002 0.000004 0.000003 0.000003 0.000003 0.000003 0.000004 0.000003 0.000003 0.000003 0.000004 0.000003 0.000003 0.000003 0.000003 0.000006 0.000005 0.000006 0.000006 0.000006 0.000008 0.000007 0.000007 0.000006 0.000005 0.000009 0.000021 0.000018 0.000016 0.000026 0.000026 0.000027 0.000026 0.000032 0.000034
0.000003 0.000002 0.000002 0.000002 0.000002 0.000001 0.000002 0.000002 0.000002 0.000002 0.000004 0.000003 0.000005 0.000003 0.000002 0.000003 0.000003 0.000002 0.000003 0.000003 0.000003 0.000003 0.000003 0.000002 0.000003 0.000004 0.000003 0.000005 0.000003 0.000004 0.000008 0.000004 0.000006 0.000006 0.000006 0.000007 0.000006 0.000005 0.000004 0.000006 0.000004 0.000004 0.000005 0.000006 0.000009 0.000007 0.000009 0.000009 0.000010 0.000011 0.000011 0.000011 0.000010 0.000008 0.000013 0.000030 0.000030 0.000024 0.000042 0.000042 0.000042 0.000044 0.000054 0.000055
0.000000 0.000000 0.000000 0.000000 0.000000 0.000000 0.000000 0.000000 0.000000 0.000000 0.000000 0.000000 0.000000 0.000000 0.000000 0.000000 0.000000 0.000000 0.000000 0.000000 0.000000 0.000000 0.000000 0.000000 0.000000 0.000000 0.000000 0.000000 0.000000 0.000000 0.000000 0.000000 0.000000 0.000000 0.000000 0.000000 0.000000 0.000000 0.000000 0.000000 0.000000 0.000000 0.000000 0.000001 0.000001 0.000002 0.000001 0.000001 0.000001 0.000003 0.000001 0.000001 0.000001 0.000001 0.000001 0.000003 0.000003 0.000002 0.000002 0.000002 0.000003 0.000003 0.000003 0.000003
0.000000 0.000000 0.000000 0.000000 0.000000 0.000000 0.000000 0.000000 0.000000 0.000000 0.000000 0.000000 0.000000 0.000000 0.000000 0.000000 0.000000 0.000000 0.000000 0.000000 0.000000 0.000000 0.000000 0.000000 0.000000 0.000000 0.000000 0.000000 0.000000 0.000000 0.000000 0.000000 0.000000 0.000000 0.000000 0.000000 0.000000 0.000000 0.000000 0.000000 0.000000 0.000000 0.000000 0.000001 0.000001 0.000002 0.000001 0.000001 0.000001 0.000003 0.000001 0.000001 0.000001 0.000001 0.000001 0.000003 0.000003 0.000002 0.000002 0.000002 0.000003 0.000003 0.000003 0.000003
0.000000 0.000000 0.000000 0.000000 0.000000 0.000000 0.000000 0.000000 0.000000 0.000000 0.000000 0.000000 0.000000 0.000000 0.000000 0.000000 0.000000 0.000000 0.000000 0.000000 0.000000 0.000000 0.000000 0.000000 0.000000 0.000000 0.000000 0.000000 0.000000 0.000000 0.000000 0.000000 0.000000 0.000000 0.000000 0.000000 0.000000 0.000000 0.000000 0.000000 0.000000 0.000000 0.000000 0.000000 0.000001 0.000002 0.000001 0.000001 0.000001 0.000003 0.000001 0.000001 0.000001 0.000001 0.000001 0.000003 0.000002 0.000002 0.000002 0.000002 0.000003 0.000003 0.000003 0.000003
0.000000 0.000000 0.000000 0.000000 0.000000 0.000000 0.000000 0.000000 0.000000 0.000000 0.000000 0.000000 0.000000 0.000000 0.000000 0.000000 0.000000 0.000000 0.000000 0.000000 0.000000 0.000000 0.000000 0.000000 0.000000 0.000000 0.000000 0.000000 0.000000 0.000000 0.000000 0.000000 0.000000 0.000000 0.000000 0.000000 0.000000 0.000000 0.000000 0.000000 0.000000 0.000000 0.000000 0.000000 0.000001 0.000002 0.000001 0.000001 0.000001 0.000003 0.000001 0.000001 0.000001 0.000001 0.000001 0.000003 0.000002 0.000002 0.000002 0.000002 0.000002 0.000003 0.000003 0.000003
0.000000 0.000000 0.000000 0.000000 0.000000 0.000000 0.000000 0.000000 0.000000 0.000000 0.000000 0.000000 0.000000 0.000000 0.000000 0.000000 0.000000 0.000000 0.000000 0.000000 0.000000 0.000000 0.000000 0.000000 0.000000 0.000000 0.000000 0.000000 0.000000 0.000000 0.000000 0.000000 0.000000 0.000000 0.000000 0.000000 0.000000 0.000000 0.000000 0.000000 0.000000 0.000000 0.000000 0.000000 0.000001 0.000002 0.000001 0.000001 0.000001 0.000003 0.000001 0.000001 0.000001 0.000001 0.000001 0.000003 0.000002 0.000002 0.000002 0.000002 0.000003 0.000003 0.000003 0.000003
0.000000 0.000000 0.000000 0.000000 0.000000 0.000000 0.000000 0.000000 0.000000 0.000000 0.000000 0.000000 0.000000 0.000000 0.000000 0.000000 0.000000 0.000000 0.000000 0.000000 0.000000 0.000000 0.000000 0.000000 0.000000 0.000000 0.000000 0.000000 0.000000 0.000000 0.000000 0.000000 0.000000 0.000000 0.000000 0.000000 0.000000 0.000000 0.000000 0.000000 0.000000 0.000000 0.000000 0.000001 0.000001 0.000001 0.000001 0.000001 0.000001 0.000003 0.000001 0.000001 0.000001 0.000001 0.000001 0.000003 0.000002 0.000001 0.000002 0.000002 0.000002 0.000003 0.000003 0.000003
0.000000 0.000000 0.000000 0.000000 0.000000 0.000000 0.000000 0.000000 0.000000 0.000000 0.000000 0.000000 0.000000 0.000000 0.000000 0.000000 0.000000 0.000000 0.000000 0.000000 0.000000 0.000000 0.000000 0.000000 0.000000 0.000000 0.000000 0.000000 0.000000 0.000000 0.000000 0.000000 0.000000 0.000000 0.000000 0.000000 0.000000 0.000000 0.000000 0.000000 0.000000 0.000000 0.000000 0.000001 0.000001 0.000002 0.000001 0.000001 0.000001 0.000003 0.000001 0.000001 0.000001 0.000001 0.000002 0.000003 0.000002 0.000002 0.000002 0.000002 0.000003 0.000003 0.000003 0.000003
0.000000 0.000000 0.000000 0.000000 0.000000 0.000000 0.000000 0.000000 0.000000 0.000000 0.000000 0.000000 0.000000 0.000000 0.000000 0.000000 0.000000 0.000000 0.000000 0.000000 0.000000 0.000000 0.000000 0.000000 0.000000 0.000000 0.000000 0.000000 0.000000 0.000000 0.000000 0.000000 0.000000 0.000000 0.000000 0.000000 0.000000 0.000000 0.000001 0.000000 0.000000 0.000001 0.000000 0.000001 0.000001 0.000002 0.000001 0.000001 0.000001 0.000003 0.000001 0.000001 0.000001 0.000001 0.000002 0.000003 0.000003 0.000002 0.000002 0.000002 0.000003 0.000003 0.000002 0.000003
0.000000 0.000000 0.000000 0.000000 0.000000 0.000000 0.000000 0.000000 0.000000 0.000000 0.000000 0.000000 0.000000 0.000000 0.000000 0.000000 0.000000 0.000000 0.000000 0.000000 0.000000 0.000000 0.000000 0.000000 0.000000 0.000000 0.000000 0.000000 0.000000 0.000000 0.000000 0.000000 0.000000 0.000000 0.000000 0.000000 0.000000 0.000000 0.000001 0.000000 0.000000 0.000001 0.000000 0.000001 0.000001 0.000002 0.000001 0.000001 0.000001 0.000004 0.000001 0.000001 0.000001 0.000001 0.000002 0.000004 0.000003 0.000002 0.000002 0.000003 0.000003 0.000004 0.000003 0.000004
0.000000 0.000000 0.000000 0.000000 0.000000 0.000000 0.000000 0.000000 0.000000 0.000000 0.000000 0.000000 0.000000 0.000000 0.000000 0.000000 0.000000 0.000000 0.000000 0.000000 0.000000 0.000000 0.000000 0.000000 0.000000 0.000000 0.000000 0.000000 0.000000 0.000000 0.000000 0.000000 0.000000 0.000001 0.000000 0.000001 0.000000 0.000000 0.000001 0.000001 0.000000 0.000001 0.000001 0.000001 0.000001 0.000002 0.000001 0.000001 0.000001 0.000004 0.000002 0.000002 0.000001 0.000001 0.000002 0.000004 0.000004 0.000003 0.000003 0.000003 0.000004 0.000005 0.000004 0.000004
0.000000 0.000000 0.000000 0.000000 0.000000 0.000000 0.000000 0.000000 0.000000 0.000000 0.000000 0.000000 0.000000 0.000000 0.000000 0.000000 0.000000 0.000000 0.000000 0.000000 0.000000 0.000000 0.000000 0.000000 0.000000 0.000000 0.000000 0.000000 0.000000 0.000000 0.000000 0.000000 0.000000 0.000000 0.000000 0.000000 0.000000 0.000000 0.000001 0.000000 0.000000 0.000001 0.000000 0.000001 0.000001 0.000002 0.000001 0.000001 0.000001 0.000003 0.000001 0.000001 0.000001 0.000001 0.000001 0.000003 0.000003 0.000002 0.000003 0.000002 0.000003 0.000003 0.000003 0.000003
0.000000 0.000000 0.000000 0.000000 0.000000 0.000000 0.000000 0.000000 0.000000 0.000000 0.000000 0.000000 0.000000 0.000000 0.000000 0.000000 0.000000 0.000000 0.000000 0.000000 0.000000 0.000000 0.000000 0.000000 0.000000 0.000000 0.000000 0.000000 0.000000 0.000000 0.000000 0.000000 0.000000 0.000000 0.000000 0.000000 0.000000 0.000000 0.000000 0.000000 0.000000 0.000000 0.000000 0.000001 0.000001 0.000002 0.000001 0.000001 0.000001 0.000003 0.000001 0.000001 0.000001 0.000001 0.000002 0.000003 0.000003 0.000002 0.000002 0.000002 0.000003 0.000003 0.000003 0.000003
0.000000 0.000000 0.000000 0.000000 0.000000 0.000000 0.000000 0.000000 0.000000 0.000000 0.000000 0.000000 0.000000 0.000000 0.000000 0.000000 0.000000 0.000000 0.000000 0.000000 0.000000 0.000000 0.000000 0.000000 0.000000 0.000000 0.000000 0.000000 0.000000 0.000000 0.000000 0.000000 0.000000 0.000000 0.000000 0.000000 0.000000 0.000000 0.000000 0.000000 0.000000 0.000000 0.000000 0.000001 0.000001 0.000002 0.000001 0.000001 0.000001 0.000003 0.000001 0.000001 0.000001 0.000001 0.000001 0.000003 0.000002 0.000001 0.000002 0.000002 0.000002 0.000003 0.000003 0.000003
0.000000 0.000000 0.000000 0.000000 0.000000 0.000000 0.000000 0.000000 0.000000 0.000000 0.000000 0.000000 0.000000 0.000000 0.000000 0.000000 0.000000 0.000000 0.000000 0.000000 0.000000 0.000000 0.000000 0.000000 0.000000 0.000000 0.000000 0.000000 0.000000 0.000000 0.000000 0.000000 0.000000 0.000000 0.000000 0.000000 0.000000 0.000000 0.000000 0.000000 0.000000 0.000000 0.000000 0.000000 0.000001 0.000002 0.000001 0.000001 0.000001 0.000003 0.000001 0.000001 0.000001 0.000001 0.000001 0.000003 0.000002 0.000001 0.000002 0.000002 0.000002 0.000003 0.000003 0.000003
0.000000 0.000000 0.000000 0.000000 0.000000 0.000000 0.000000 0.000000 0.000000 0.000000 0.000000 0.000000 0.000000 0.000000 0.000000 0.000000 0.000000 0.000000 0.000000 0.000000 0.000000 0.000000 0.000000 0.000000 0.000000 0.000000 0.000000 0.000000 0.000000 0.000000 0.000000 0.000000 0.000000 0.000000 0.000000 0.000000 0.000000 0.000000 0.000000 0.000000 0.000000 0.000000 0.000000 0.000000 0.000001 0.000002 0.000001 0.000001 0.000001 0.000002 0.000001 0.000001 0.000001 0.000001 0.000001 0.000003 0.000003 0.000002 0.000002 0.000002 0.000002 0.000003 0.000003 0.000003
0.000000 0.000000 0.000000 0.000000 0.000000 0.000000 0.000000 0.000000 0.000000 0.000000 0.000000 0.000000 0.000000 0.000000 0.000000 0.000000 0.000000 0.000000 0.000000 0.000000 0.000000 0.000000 0.000000 0.000000 0.000000 0.000000 0.000000 0.000000 0.000000 0.000000 0.000000 0.000000 0.000000 0.000000 0.000000 0.000000 0.000000 0.000000 0.000000 0.000000 0.000000 0.000000 0.000000 0.000001 0.000001 0.000002 0.000001 0.000001 0.000001 0.000003 0.000001 0.000001 0.000001 0.000001 0.000001 0.000003 0.000003 0.000002 0.000002 0.000002 0.000003 0.000003 0.000003 0.000003
0.000000 0.000000 0.000000 0.000000 0.000000 0.000000 0.000000 0.000000 0.000000 0.000000 0.000000 0.000000 0.000000 0.000000 0.000000 0.000000 0.000000 0.000000 0.000000 0.000000 0.000000 0.000000 0.000000 0.000000 0.000000 0.000000 0.000000 0.000000 0.000000 0.000000 0.000000 0.000000 0.000000 0.000000 0.000000 0.000000 0.000000 0.000000 0.000000 0.000000 0.000000 0.000000 0.000000 0.000000 0.000001 0.000002 0.000001 0.000001 0.000001 0.000003 0.000001 0.000001 0.000001 0.000001 0.000001 0.000003 0.000003 0.000002 0.000002 0.000002 0.000002 0.000003 0.000003 0.000003
0.000000 0.000000 0.000000 0.000000 0.000000 0.000000 0.000000 0.000000 0.000000 0.000000 0.000000 0.000000 0.000000 0.000000 0.000000 0.000000 0.000000 0.000000 0.000000 0.000000 0.000000 0.000000 0.000000 0.000000 0.000000 0.000000 0.000000 0.000000 0.000000 0.000000 0.000000 0.000000 0.000000 0.000000 0.000000 0.000000 0.000000 0.000000 0.000000 0.000000 0.000000 0.000000 0.000000 0.000001 0.000001 0.000002 0.000001 0.000001 0.000001 0.000003 0.000001 0.000001 0.000001 0.000001 0.000001 0.000003 0.000002 0.000002 0.000002 0.000002 0.000003 0.000003 0.000003 0.000003
0.000000 0.000000 0.000000 0.000000 0.000000 0.000000 0.000000 0.000000 0.000000 0.000000 0.000000 0.000000 0.000000 0.000000 0.000000 0.000000 0.000000 0.000000 0.000000 0.000000 0.000000 0.000000 0.000000 0.000000 0.000000 0.000000 0.000000 0.000000 0.000000 0.000000 0.000000 0.000000 0.000000 0.000000 0.000000 0.000000 0.000000 0.000000 0.000000 0.000000 0.000000 0.000001 0.000000 0.000001 0.000001 0.000001 0.000001 0.000001 0.000001 0.000003 0.000001 0.000001 0.000001 0.000001 0.000001 0.000003 0.000003 0.000002 0.000002 0.000002 0.000003 0.000003 0.000003 0.000003
0.000000 0.000000 0.000000 0.000000 0.000000 0.000000 0.000000 0.000000 0.000000 0.000000 0.000000 0.000000 0.000000 0.000000 0.000000 0.000000 0.000000 0.000000 0.000000 0.000000 0.000000 0.000000 0.000000 0.000000 0.000000 0.000000 0.000000 0.000000 0.000000 0.000000 0.000000 0.000000 0.000000 0.000000 0.000000 0.000000 0.000000 0.000000 0.000000 0.000000 0.000000 0.000001 0.000000 0.000001 0.000001 0.000002 0.000001 0.000001 0.000001 0.000003 0.000001 0.000001 0.000001 0.000001 0.000002 0.000003 0.000003 0.000002 0.000003 0.000002 0.000003 0.000004 0.000003 0.000004
