# mode(P)
2189.416906 2085.989251 1953.295212 1812.658871 1671.824128 1506.101091 1388.502306 1280.958673 1185.721087 1118.955274 1052.333021 974.494206 873.994921 771.764136 654.970667 560.539785 486.321715 444.222246 404.792412 345.911707 286.947353 246.326031 218.744564 187.446368 156.081600 135.131565 115.137751 96.080139 82.965945 69.624932 59.103459 49.946767 42.366807 35.563864 30.123633 25.525995 21.611114 18.329667 15.576509 13.229676 11.270645 9.632783 8.240963 7.071642 6.084238 5.255928 4.549668 3.952349 3.446211 3.008630 2.637498 2.317533 2.042765 1.804066 1.595611 1.413666 1.253259 1.112630 0.985558 0.869539 0.769409 0.674895 0.592356 0.520902
2406.381856 2245.321124 2054.811824 1863.204771 1682.305655 1486.975254 1357.224282 1247.634192 1157.870851 1099.137418 1036.240751 949.882226 830.893405 708.142785 582.202461 495.235442 438.963193 409.174976 366.423251 298.948015 243.778115 216.077811 192.388804 157.816346 131.874908 115.891109 95.780807 80.536263 68.826458 57.483361 48.519425 40.722385 34.362868 28.678174 24.136907 20.331164 17.091083 14.398143 12.141765 10.238149 8.653986 7.331778 6.220277 5.287872 4.508172 3.855454 3.305156 2.841175 2.447241 2.118992 1.838070 1.598566 1.394971 1.220036 1.069731 0.939958 0.827449 0.729880 0.643555 0.566011 0.499934 0.438763 0.385094 0.339424
2429.399315 2282.769493 2106.164754 1924.422215 1750.357575 1554.980131 1421.498150 1303.998046 1202.992027 1134.410176 1064.503387 978.051450 864.212944 748.759278 623.742417 529.795971 461.924749 424.833539 383.574975 320.108676 262.052021 227.311581 202.007429 169.307516 140.522269 122.269021 102.503364 85.562077 73.415984 61.285303 51.784173 43.533530 36.744526 30.689113 25.854117 21.797910 18.351274 15.481624 13.081563 11.041651 9.349653 7.941525 6.749828 5.753289 4.914168 4.215105 3.622074 3.121684 2.698183 2.343097 2.038212 1.776967 1.555804 1.364378 1.198612 1.055996 0.931587 0.823189 0.726754 0.639588 0.564637 0.495362 0.434383 0.382087
2152.645523 2063.773201 1946.084549 1820.172202 1692.739364 1538.792642 1431.572346 1331.815918 1242.223226 1178.352432 1111.062801 1028.991397 922.900590 816.328952 697.878257 605.352986 532.909352 489.459054 443.936106 377.246025 315.956092 276.214717 245.757432 208.952829 175.930578 153.929961 130.536265 110.021633 95.348803 80.336449 68.573918 58.204624 49.640883 41.904701 35.683397 30.401682 25.909915 22.110377 18.906007 16.174146 13.875117 11.945853 10.296587 8.904275 7.723510 6.726628 5.871333 5.143280 4.517034 3.980731 3.518674 3.115474 2.766099 2.458907 2.189371 1.949316 1.735431 1.542461 1.367948 1.210402 1.069158 0.938186 0.821632 0.717982
2451.264966 2348.091673 2211.609904 2064.193760 1914.365931 1731.704895 1602.565362 1481.344398 1371.535471 1294.085018 1217.019994 1128.989075 1017.028973 905.561263 774.606079 665.644033 575.658609 523.300638 477.769807 412.095224 344.604361 294.655051 260.745469 225.482658 188.567324 162.657340 139.438898 116.626771 100.913683 85.056293 72.357163 61.408207 52.300067 44.066112 37.501962 31.919199 27.182968 23.183803 19.821089 16.940847 14.527974 12.508234 10.779478 9.326338 8.087964 7.044599 6.150377 5.389782 4.740554 4.174855 3.690395 3.267624 2.898419 2.574301 2.287653 2.036030 1.809349 1.603774 1.419815 1.253963 1.103260 0.963501 0.842206 0.732248
1623.099522 1561.346240 1478.854271 1387.373698 1292.644381 1177.974537 1091.410788 1009.714601 935.255398 880.796781 828.319962 771.437834 701.287668 629.617537 544.019104 467.941577 403.154530 363.721059 332.846742 291.370505 245.383745 207.870921 182.748577 159.878552 134.124541 114.474829 98.641368 82.455620 70.923302 59.857449 50.668077 42.860319 36.324310 30.474329 25.798329 21.827677 18.435682 15.596622 13.216062 11.195982 9.509286 8.093161 6.898327 5.890716 5.048812 4.337935 3.736074 3.230215 2.797994 2.431110 2.119301 1.854840 1.626292 1.431579 1.262469 1.114730 0.985777 0.874647 0.774924 0.683940 0.606543 0.534817 0.470797 0.415902
2053.964507 1927.393427 1775.947366 1620.977835 1472.572979 1309.703402 1197.946804 1101.545878 1020.793956 965.699068 908.437363 834.435205 735.103429 632.615601 524.737727 446.752165 393.627489 364.432820 327.705394 270.639182 221.168346 194.250871 172.918674 143.252452 119.151126 104.456891 86.773366 72.665131 62.180779 51.825955 43.731105 36.704873 30.877969 25.732814 21.613302 18.164598 15.233048 12.796980 10.758661 9.049070 7.625133 6.436306 5.441256 4.606436 3.912969 3.330834 2.843169 2.432883 2.086305 1.797026 1.551660 1.343651 1.167196 1.016653 0.888623 0.777600 0.682591 0.601065 0.528774 0.464963 0.410617 0.361219 0.317503 0.280630
2521.270861 2401.476011 2248.843484 2088.170795 1929.120477 1741.310083 1613.245309 1496.915180 1393.058594 1320.064154 1242.047718 1144.071884 1016.548536 890.764289 754.886866 653.481842 576.670943 530.572748 477.650697 400.705121 334.389341 294.236264 260.868689 219.120463 184.928477 161.851244 136.046849 114.936657 99.150573 83.510268 71.067547 60.285794 51.306329 43.239112 36.778363 31.300355 26.647283 22.721102 19.424841 16.592493 14.228937 12.243344 10.549805 9.123005 7.907921 6.886123 6.008812 5.262348 4.626965 4.073004 3.598716 3.185461 2.826697 2.509140 2.229894 1.983876 1.762842 1.564455 1.385035 1.221349 1.077379 0.941041 0.821331 0.716514
1688.658774 1598.479089 1486.284012 1368.712624 1251.694623 1119.661821 1023.011120 936.912344 863.630418 812.843675 765.383980 711.074321 640.073091 563.675407 474.762662 400.537213 343.572442 313.231151 287.765919 247.514501 203.331081 171.530029 152.591814 131.876080 108.609391 93.166832 79.737663 65.956646 56.719981 47.381956 39.991657 33.557011 28.298203 23.592106 19.844120 16.681742 13.993013 11.747019 9.876173 8.299101 6.991272 5.894348 4.977906 4.208751 3.572365 3.032568 2.582474 2.206418 1.888390 1.621322 1.395759 1.206815 1.044527 0.907596 0.789633 0.690039 0.603888 0.530668 0.466272 0.409251 0.361093 0.317447 0.279337 0.247219
2505.487915 2397.165720 2255.024908 2101.958460 1947.623917 1760.976870 1630.324728 1508.847088 1399.839221 1323.768341 1246.641037 1156.185913 1038.968230 921.959961 786.479899 676.680281 588.204167 537.270448 490.243216 420.279104 350.882338 302.182545 268.328736 230.675005 193.233560 167.570523 143.248308 120.174361 104.135771 87.793691 74.858773 63.622101 54.233116 45.787115 39.023586 33.276521 28.410256 24.263884 20.794626 17.806108 15.310898 13.208322 11.411411 9.889911 8.601733 7.507972 6.568445 5.769335 5.079439 4.488558 3.975125 3.527039 3.134754 2.787188 2.478828 2.208275 1.963254 1.741007 1.541318 1.359193 1.195557 1.042307 0.909019 0.790589
1955.200363 1884.381892 1787.953988 1681.800248 1571.582386 1433.757383 1332.910976 1235.388819 1145.660694 1079.550902 1014.209969 942.190170 854.304994 767.873063 664.936053 575.226384 497.222793 448.607040 408.873979 356.844729 301.968566 257.125813 225.822447 196.874311 165.865997 142.037683 122.247211 102.511218 88.393249 74.711576 63.448685 53.802662 45.804273 38.564913 32.772589 27.853298 23.660657 20.132805 17.166221 14.632724 12.508777 10.733631 9.216251 7.941877 6.860117 5.953155 5.174866 4.514919 3.956733 3.467328 3.052632 2.693257 2.381931 2.111476 1.875279 1.665344 1.480785 1.313404 1.164028 1.029662 0.909565 0.797518 0.699657 0.611869
2706.917335 2530.004983 2320.713389 2107.489089 1906.454183 1684.409167 1537.236346 1410.899541 1305.104776 1235.256243 1161.638342 1064.893328 933.185461 799.369301 659.084174 559.850481 492.665564 457.040242 410.419066 336.859281 274.618497 241.530137 214.982610 177.506491 147.693613 129.433280 107.439215 90.020413 77.107720 64.338301 54.336607 45.639756 38.527296 32.172751 27.100090 22.856199 19.235870 16.234790 13.719639 11.584657 9.816431 8.340681 7.093531 6.051395 5.172275 4.439582 3.817869 3.294148 2.851828 2.477134 2.156223 1.881393 1.648670 1.445785 1.271255 1.120133 0.987825 0.872576 0.770905 0.677142 0.597922 0.523652 0.458694 0.403436
2102.504429 1972.853100 1817.165846 1658.505137 1506.877309 1339.743672 1223.888652 1123.501722 1037.835597 978.805283 918.449074 842.269275 742.110116 639.971346 531.942227 451.996446 395.951416 365.013998 328.056417 271.921487 222.131865 193.694436 172.008381 143.076672 118.676093 103.442799 86.192264 71.911125 61.481998 51.178874 43.113256 36.130456 30.354070 25.257146 21.185166 17.775270 14.893400 12.489285 10.484449 8.801698 7.404056 6.240311 5.266017 4.451395 3.774074 3.206978 2.731815 2.332979 1.999654 1.716260 1.477954 1.277455 1.107096 0.962407 0.838649 0.732399 0.641381 0.562642 0.493675 0.433774 0.381616 0.334549 0.293899 0.258922
1967.372107 1880.298564 1767.910754 1648.614286 1528.872545 1387.693645 1289.338863 1198.971595 1119.314743 1062.214933 1001.443426 925.514728 826.862307 727.364976 619.320800 537.073148 474.843035 437.159754 394.911388 333.231618 278.486627 244.727776 217.618174 183.690421 154.685261 135.578910 114.330563 96.385377 83.292483 70.049424 59.665812 50.536019 42.953799 36.162281 30.697911 26.072092 22.132414 18.809011 16.016257 13.642196 11.649206 9.979212 8.559320 7.359811 6.348753 5.497096 4.771027 4.154579 3.632088 3.176916 2.792113 2.459123 2.172466 1.923719 1.706682 1.514801 1.346043 1.197063 1.061661 0.938516 0.833172 0.733066 0.643323 0.567011
2273.582443 2180.520087 2056.777237 1922.004183 1784.648862 1616.752315 1496.639936 1383.570665 1281.315444 1209.332292 1138.056781 1057.802483 956.081056 854.031358 732.510341 629.755822 543.834167 493.523374 451.401324 391.598827 328.579305 280.129174 247.453726 214.948673 180.452685 155.155727 133.401093 111.827530 96.676866 81.688139 69.495091 59.048046 50.318124 42.446722 36.142251 30.783603 26.227096 22.376875 19.140183 16.362823 14.039727 12.088321 10.417341 9.011648 7.815658 6.807802 5.942489 5.206341 4.576853 4.030947 3.562294 3.154386 2.799331 2.488781 2.213128 1.970733 1.754185 1.556749 1.379307 1.220436 1.076072 0.941041 0.824050 0.719102
1978.630330 1903.303021 1799.948579 1688.065365 1571.752554 1429.646141 1325.901617 1227.570546 1138.789762 1075.437165 1013.141767 943.780535 856.639685 768.016627 661.802360 569.694824 491.958653 446.011501 408.726146 356.637835 300.027091 255.127631 225.342231 196.885009 165.100400 141.712654 122.308665 102.325776 88.477596 74.770138 63.576951 53.943883 45.972017 38.737550 32.956070 28.029893 23.836672 20.302501 17.323100 14.791835 12.653690 10.870090 9.344842 8.060165 6.973333 6.056210 5.272290 4.606347 4.039960 3.545167 3.125239 2.761002 2.445416 2.171476 1.930529 1.717406 1.528256 1.360570 1.207395 1.069447 0.947831 0.833415 0.732396 0.643047
2017.398354 1897.251139 1750.876901 1601.767931 1457.912119 1299.397256 1190.609792 1096.268479 1017.636633 964.692916 909.562855 837.495864 740.428775 638.814109 531.113009 452.473777 398.741610 369.994799 333.997615 276.840032 226.539082 198.673590 177.688869 147.738067 122.850612 107.880198 90.007334 75.284173 64.723968 53.975783 45.697467 38.378722 32.397610 27.063149 22.787540 19.200758 16.145263 13.597442 11.464504 9.668466 8.169901 6.918657 5.865898 4.982498 4.245873 3.626915 3.106773 2.667834 2.296551 1.983914 1.719341 1.494135 1.301992 1.138115 0.997225 0.875596 0.770307 0.680207 0.599844 0.527508 0.466813 0.410647 0.360996 0.319287
2483.921483 2345.808544 2177.390992 2003.563495 1835.239694 1642.405692 1511.431824 1394.500201 1291.623642 1219.199082 1143.066696 1047.896790 924.342429 802.519921 673.636575 579.130909 509.412900 467.824407 419.181353 348.671357 288.684580 253.263707 223.881871 186.625966 156.683431 136.599959 114.125844 95.985449 82.307718 68.975928 58.359960 49.223603 41.626563 34.869718 29.458431 24.906367 21.050681 17.812855 15.105259 12.801117 10.884603 9.282640 7.923921 6.784975 5.823218 5.020097 4.336325 3.757016 3.267235 2.848883 2.491423 2.183569 1.920714 1.691579 1.493996 1.320573 1.168427 1.032779 0.913757 0.805412 0.710054 0.622312 0.545202 0.477860
2089.463430 1974.264768 1830.593816 1681.227585 1534.901935 1369.039100 1250.635632 1145.076296 1053.973385 991.611883 931.617582 862.104000 771.576534 677.043711 568.660380 480.386407 412.974049 376.935606 344.429209 293.918273 241.101942 204.873861 182.022872 155.908980 128.731108 110.859307 94.214907 78.228036 67.216752 56.167568 47.445523 39.855138 33.652551 28.092879 23.653777 19.927396 16.763268 14.119393 11.902529 10.046240 8.488268 7.192971 6.101701 5.186692 4.422900 3.782597 3.243091 2.787569 2.401719 2.077648 1.803449 1.568559 1.369633 1.199494 1.053642 0.926366 0.816292 0.721479 0.637036 0.562712 0.496915 0.438965 0.386936 0.340752
1955.752109 1867.726361 1754.142957 1632.189021 1509.309703 1363.935298 1258.176893 1160.672261 1073.087936 1010.685332 949.169763 879.429099 791.248378 701.634921 598.386314 512.351648 442.998188 402.532348 366.852217 315.590486 262.616234 224.059971 198.222122 170.861219 142.188525 122.398974 104.598625 87.086637 75.026077 62.941889 53.293535 44.931054 38.058645 31.871635 26.930664 22.762465 19.209841 16.236472 13.751048 11.636244 9.874918 8.403278 7.158453 6.114787 5.237942 4.499416 3.875761 3.349108 2.899006 2.522799 2.199727 1.923832 1.687149 1.484051 1.307225 1.153621 1.019727 0.904314 0.800562 0.704788 0.624441 0.548345 0.481690 0.425506
2275.339145 2209.559916 2113.556984 2004.495147 1889.109077 1737.571030 1630.355270 1525.591070 1427.865832 1357.123648 1283.897749 1199.184976 1090.827685 984.416530 857.037533 749.151223 655.802000 598.093340 547.948584 477.456942 406.044712 351.218037 311.842607 271.713414 230.340663 200.176204 172.863897 146.040538 127.454208 108.365760 93.030664 79.705389 68.526809 58.313771 50.150655 43.122971 37.150226 32.026986 27.704171 23.977017 20.827323 18.148461 15.849508 13.891243 12.222605 10.781145 9.537866 8.467660 7.533847 6.722571 6.009671 5.374348 4.808667 4.302124 3.843479 3.429219 3.050942 2.704579 2.390960 2.098618 1.833860 1.591348 1.377972 1.185773
2468.380522 2323.398717 2145.269152 1964.111008 1789.781619 1595.487675 1466.521178 1353.877010 1259.310227 1195.983619 1127.319811 1035.283811 911.447741 785.293234 652.921791 559.994896 496.642805 461.195794 413.791578 340.906340 280.692539 248.953513 221.365675 182.911900 153.819694 135.223889 112.347613 94.918357 81.444991 68.329031 57.912116 48.912570 41.402598 34.727587 29.377514 24.870114 21.040108 17.833696 15.132829 12.846889 10.934265 9.335436 7.978921 6.839953 5.878164 5.073454 4.388674 3.807959 3.315955 2.892894 2.534067 2.223663 1.959726 1.729710 1.531692 1.355556 1.202393 1.065631 0.944557 0.835483 0.738356 0.649552 0.570696 0.500832
2200.869796 2054.522389 1881.033961 1704.306634 1536.235416 1352.679995 1225.054741 1114.707180 1022.476559 961.415357 902.483740 831.051726 735.800357 635.423199 524.194852 438.122341 376.951970 346.419579 315.458318 264.377120 213.448509 181.770385 162.255824 136.914100 111.817920 96.666834 81.348390 67.062492 57.443880 47.617575 40.039229 33.409977 28.052198 23.263273 19.467418 16.295342 13.604407 11.375002 9.522371 7.966417 6.678978 5.610606 4.716236 3.972979 3.354541 2.838810 2.407988 2.047357 1.745832 1.493030 1.280020 1.100861 0.949490 0.821285 0.711663 0.618989 0.539684 0.471991 0.412625 0.360848 0.317024 0.277267 0.242984 0.214203
2476.890238 2359.577584 2209.880911 2052.391972 1895.217531 1708.305961 1578.551239 1458.827234 1351.282212 1275.121060 1197.223626 1104.366977 985.864485 869.016942 738.002109 635.180609 553.858001 505.991620 458.229800 388.885574 323.838112 280.387351 248.420852 211.217097 176.954613 153.670401 130.283661 109.252395 94.335888 79.296603 67.407234 57.047652 48.518387 40.822346 34.661632 29.449261 25.025716 21.299169 18.171113 15.492841 13.255012 11.384337 9.783658 8.442112 7.300103 6.341813 5.520191 4.821966 4.232096 3.715313 3.275042 2.892723 2.561415 2.270396 2.015870 1.791737 1.591930 1.411489 1.249851 1.105961 0.973170 0.851778 0.746212 0.651044
1752.074776 1680.901651 1585.912062 1483.548242 1378.335885 1253.377232 1161.620077 1076.154080 999.078609 943.464367 888.186619 824.709033 744.855596 662.763260 568.429845 489.477590 425.357187 387.292818 353.205188 304.618600 254.860055 218.473967 193.612171 167.059541 139.692028 120.650526 103.183871 86.263536 74.486517 62.625906 53.176788 44.927776 38.129706 32.013355 27.112287 22.961624 19.419840 16.444803 13.950948 11.833536 10.063970 8.579460 7.323980 6.264116 5.380242 4.631049 3.996163 3.461179 3.002428 2.615574 2.285585 2.003420 1.760183 1.551698 1.370438 1.211536 1.073147 0.953161 0.845425 0.746268 0.662469 0.583445 0.513662 0.453892
2097.892653 2023.698928 1921.089569 1807.802516 1690.374061 1543.920304 1438.960983 1338.547103 1247.003612 1181.214556 1114.476448 1037.735755 940.170621 842.126104 726.843476 629.912428 548.872937 500.342819 457.636929 396.574436 333.996184 287.432427 255.146402 221.230823 185.996043 161.145322 138.554826 116.336063 101.039113 85.372530 72.921668 62.054461 52.990859 44.798404 38.219888 32.627298 27.871537 23.826199 20.423833 17.506941 15.053163 12.993568 11.227130 9.734548 8.467298 7.392887 6.471980 5.684146 5.007481 4.425082 3.919927 3.478592 3.093457 2.755161 2.454912 2.187450 1.948155 1.731542 1.534085 1.355510 1.195529 1.046316 0.914323 0.796301
2260.667002 2114.511203 1942.581948 1768.260391 1603.991723 1424.952643 1305.488713 1202.827365 1116.450984 1056.774634 991.783961 904.822874 789.637871 674.415521 558.650506 479.396383 426.386494 394.430313 349.869656 285.486355 235.218366 209.130796 184.272135 150.911552 127.111713 111.091048 91.663970 77.213562 65.733143 54.957768 46.269280 38.832262 32.690258 27.238851 22.887594 19.244894 16.145502 13.576903 11.425019 9.614227 8.109178 6.855026 5.801185 4.920109 4.182786 3.568299 3.050900 2.614633 2.247551 1.939135 1.677315 1.454314 1.265616 1.104569 0.966111 0.846648 0.743508 0.655080 0.576551 0.506354 0.447199 0.392174 0.343958 0.303700
2150.651669 2030.321965 1881.877485 1728.500601 1579.338047 1411.185733 1294.212713 1189.864297 1100.173500 1038.542483 975.692756 898.777512 798.455255 695.657883 582.881664 496.687893 433.115256 397.920483 360.294051 302.737840 248.906638 215.469233 191.682448 161.515057 134.246402 116.787769 98.318978 82.096543 70.582180 58.973829 49.911087 41.977550 35.476976 29.668239 25.014453 21.103465 17.786309 15.005538 12.681683 10.716303 9.076134 7.708880 6.553344 5.584046 4.771941 4.092277 3.517344 3.031105 2.618847 2.271738 1.975901 1.723050 1.507585 1.322214 1.162404 1.024016 0.903697 0.798728 0.705975 0.621716 0.549228 0.483051 0.424409 0.374390
2246.959039 2126.676219 1977.094824 1822.053363 1669.517346 1494.108727 1370.587844 1259.637453 1161.817148 1093.911485 1025.972436 945.628129 842.484073 738.172460 621.706654 529.606227 458.944346 419.168253 380.096408 322.122907 265.730471 227.977910 202.129221 171.953051 142.698392 123.321578 104.545538 87.002531 74.870749 62.594532 52.962498 44.553092 37.682215 31.508509 26.585247 22.442256 18.926717 15.981746 13.516681 11.427450 9.688562 8.236982 7.008299 5.981104 5.118412 4.393655 3.781617 3.262757 2.826311 2.452809 2.136651 1.866004 1.635866 1.437281 1.266617 1.116704 0.986822 0.871757 0.770619 0.680534 0.600284 0.527922 0.463441 0.406503
2497.968208 2392.572457 2254.260477 2103.526231 1950.147559 1762.272221 1628.723839 1503.080978 1389.642458 1309.961290 1232.278249 1145.174523 1034.252520 923.459358 790.674867 677.949970 583.438135 529.010738 484.659484 420.348332 351.942856 299.029927 264.170760 229.931625 192.279114 165.124638 142.155977 118.814922 102.785500 86.775148 73.791880 62.688516 53.408528 45.028781 38.352682 32.668729 27.845146 23.761278 20.338762 17.392832 14.933056 12.870786 11.102239 9.614932 8.348114 7.276153 6.356977 5.577361 4.903533 4.328133 3.827936 3.393581 3.013505 2.676885 2.378871 2.117221 1.881107 1.667623 1.475397 1.300989 1.143584 0.997712 0.870246 0.755752
1836.818340 1778.847611 1695.731362 1602.618729 1504.158138 1379.872517 1288.800760 1201.201517 1121.839136 1064.544825 1007.284305 942.027460 858.931438 773.657343 671.301296 582.676203 507.386581 462.281161 424.734089 371.365685 314.200580 269.488948 239.210569 209.258954 176.292672 152.389837 131.811380 110.728564 96.224841 81.587684 69.684643 59.376001 50.780616 42.969368 36.715288 31.362290 26.781322 22.909157 19.636589 16.843082 14.482045 12.497482 10.798296 9.356650 8.139296 7.103275 6.213439 5.458945 4.809520 4.242414 3.758008 3.335049 2.965762 2.643645 2.357951 2.103027 1.875295 1.671500 1.484016 1.313566 1.164073 1.021504 0.895938 0.785444
2913.557566 2722.785443 2497.179587 2269.891230 2056.733765 1821.572899 1669.113650 1538.159071 1426.579776 1351.440998 1267.974223 1155.279584 1004.670632 857.437307 708.926595 609.339644 542.129380 501.977671 444.436238 361.467426 298.445570 266.396224 234.240119 191.459466 162.107409 141.631266 116.871780 98.876371 84.263290 70.744514 59.659377 50.314791 42.491683 35.550607 30.014144 25.364267 21.413816 18.123945 15.364719 13.011977 11.063375 9.434435 8.053716 6.898589 5.919120 5.105514 4.410212 3.823587 3.328386 2.901323 2.537591 2.224813 1.957956 1.723229 1.522387 1.345081 1.189910 1.050466 0.928413 0.818435 0.719615 0.630562 0.551712 0.481517
2165.779268 2051.494779 1908.479378 1759.125427 1612.829426 1445.155423 1328.235869 1223.643399 1133.277653 1070.946955 1007.727958 930.364989 828.375943 723.431964 607.814311 518.697367 452.865848 416.724028 378.016729 318.115370 261.788147 226.917502 202.396075 170.764423 141.762505 123.730893 104.213364 86.986112 74.953075 62.617391 53.077656 44.661492 37.797179 31.630684 26.698010 22.548242 19.019262 16.066140 13.592441 11.498911 9.753063 8.293706 7.061879 6.027590 5.158774 4.430759 3.814261 3.293685 2.853098 2.478448 2.159962 1.886886 1.653960 1.453049 1.278813 1.127797 0.996399 0.881967 0.780102 0.686414 0.607526 0.533401 0.468253 0.412347
1734.900676 1647.293388 1537.761422 1422.099182 1307.316749 1176.045601 1080.923366 995.397079 920.747854 868.364559 816.611853 755.954660 678.028441 596.752571 504.850196 430.227272 373.278225 341.104536 310.833855 265.452584 219.235466 187.698765 166.817802 142.893188 118.504346 102.386091 87.156958 72.490876 62.438288 52.223098 44.206480 37.201605 31.417288 26.262712 22.129971 18.653290 15.693233 13.219155 11.148399 9.401523 7.948563 6.729404 5.707125 4.844651 4.130128 3.526862 3.019947 2.593917 2.231400 1.927163 1.669623 1.451057 1.263468 1.104627 0.969238 0.851236 0.749626 0.661152 0.583172 0.514453 0.454714 0.400701 0.353068 0.311721
2149.285905 2070.482932 1962.184952 1844.505442 1723.161393 1572.526776 1465.622475 1363.745215 1271.016670 1203.984502 1134.957077 1054.206544 951.856720 850.385009 733.027843 636.209876 556.041927 507.310836 462.286206 398.619658 335.855636 290.388423 257.449489 222.150736 187.211327 162.403805 139.206928 117.159855 101.633712 85.939381 73.368373 62.468712 53.353767 45.111424 38.509122 32.881554 28.093046 24.028787 20.607972 17.671334 15.201447 13.129305 11.351367 9.850941 8.572916 7.491003 6.558179 5.766689 5.081342 4.493426 3.982596 3.536429 3.146479 2.803099 2.497222 2.226363 1.982533 1.762157 1.562130 1.378870 1.216856 1.062242 0.928305 0.809978
2153.390275 2075.893029 1968.518814 1849.636859 1725.199223 1570.043861 1456.572452 1348.068059 1249.253216 1178.615728 1110.621323 1036.717771 944.220412 851.031663 735.942164 633.845904 544.601765 491.249821 451.225880 396.683252 335.688703 283.938252 249.364760 219.475967 185.079633 157.808650 136.783804 114.813397 99.129450 84.150200 71.520738 60.924625 51.970010 43.889972 37.436826 31.921530 27.228732 23.260721 19.922723 17.056953 14.653992 12.634030 10.905490 9.446160 8.208204 7.158520 6.256474 5.491463 4.834633 4.264767 3.774618 3.346821 2.974229 2.646200 2.355255 2.097974 1.868190 1.660230 1.471326 1.299486 1.147219 1.004185 0.878792 0.765719
1940.992984 1822.296071 1681.098401 1537.764262 1400.382460 1250.052782 1146.766823 1056.708049 979.489808 924.768620 866.134835 790.949915 693.655821 596.400876 497.274804 426.783035 377.821214 347.876351 309.261550 254.498503 209.935994 185.258477 163.340964 134.663772 112.985183 98.492251 81.549920 68.490592 58.367967 48.675436 40.979786 34.344545 28.847643 24.007702 20.127201 16.884340 14.137852 11.848587 9.942173 8.339320 7.010584 5.901809 4.975586 4.200573 3.557224 3.017559 2.566854 2.188599 1.871741 1.604888 1.379949 1.190653 1.029749 0.893514 0.776687 0.677381 0.591894 0.519426 0.455134 0.398445 0.351157 0.307403 0.269463 0.238427
2359.683527 2230.750691 2071.517851 1905.652774 1744.318956 1559.732349 1432.525132 1319.134213 1221.035400 1153.766453 1085.169701 1000.779098 889.263444 775.570352 650.612392 555.313326 484.860950 445.770770 404.053102 339.691042 279.734329 242.608674 215.913805 182.293622 151.719175 132.124429 111.471920 93.190779 80.298472 67.223091 57.011088 48.085591 40.730105 34.141381 28.870992 24.432960 20.661770 17.496699 14.847930 12.588539 10.711271 9.139635 7.805906 6.687316 5.742843 4.952462 4.279442 3.710246 3.226929 2.814791 2.462835 2.159444 1.900135 1.675103 1.478596 1.308471 1.158719 1.027482 0.909653 0.802113 0.709422 0.622027 0.545795 0.480434
2665.448092 2533.878414 2367.974616 2191.354108 2017.269504 1811.283697 1669.542617 1539.734051 1424.633698 1345.435952 1265.120545 1169.001861 1043.708068 918.423068 776.664104 665.228114 578.388169 529.627258 481.426823 408.617762 338.664839 292.477725 259.806646 221.300361 184.695343 160.478727 136.183765 114.091027 98.606386 82.844274 70.465247 59.675013 50.762701 42.724722 36.297198 30.862646 26.254658 22.364029 19.098243 16.299189 13.962104 12.009279 10.332914 8.929100 7.730571 6.726360 5.861720 5.129016 4.499501 3.961355 3.496292 3.091559 2.740446 2.430494 2.158420 1.918557 1.704414 1.507776 1.333991 1.177328 1.034026 0.903636 0.789387 0.684719
2115.114322 2026.926641 1911.251181 1785.378972 1657.118412 1502.763029 1392.787057 1291.067131 1200.874120 1137.509958 1073.832704 998.731540 900.403427 799.626423 682.773613 587.360169 511.937772 469.539573 429.863096 368.821690 307.195620 264.795798 236.567651 203.493722 169.633378 147.882229 126.414956 105.690833 91.850145 77.198962 65.891734 55.790495 47.582102 40.103124 34.117454 29.031668 24.695349 21.041380 17.963746 15.338803 13.135545 11.286875 9.711459 8.380853 7.254191 6.301858 5.488779 4.798088 4.210188 3.698221 3.262262 2.883376 2.554524 2.267415 2.014278 1.790788 1.592936 1.417904 1.257452 1.109364 0.983859 0.862310 0.755336 0.663279
2002.714245 1921.505511 1812.666160 1693.680345 1571.317536 1423.453193 1314.838301 1213.363429 1122.101569 1057.583798 995.919625 928.482213 843.174465 755.505016 649.060809 555.806921 476.892563 431.074875 395.865346 346.415752 290.888860 245.593574 216.276238 189.655503 158.890201 135.595752 117.189477 97.913778 84.435117 71.369553 60.532348 51.339179 43.651525 36.726651 31.193774 26.489936 22.478722 19.108255 16.275334 13.857700 11.836480 10.139809 8.697144 7.480353 6.454184 5.588690 4.850305 4.225918 3.694077 3.232221 2.841139 2.503153 2.211058 1.958184 1.737694 1.542403 1.371527 1.217869 1.079681 0.956377 0.846765 0.743903 0.654457 0.574549
2110.633957 1971.642992 1807.012291 1640.384767 1481.940039 1310.631669 1193.140648 1093.167960 1010.498774 955.613149 900.115258 828.311546 730.090136 626.814942 517.036255 436.573107 382.182685 354.380059 320.566235 265.217882 215.186316 187.382594 167.511520 139.450374 115.182160 100.700689 84.035247 70.010792 60.030853 49.942285 42.149002 35.333195 29.726092 24.756980 20.787333 17.467222 14.639782 12.292812 10.332073 8.682255 7.311988 6.169703 5.211643 4.413783 3.742441 3.183621 2.714900 2.320737 1.991590 1.710862 1.475635 1.276104 1.107435 0.963403 0.839745 0.734509 0.643778 0.566295 0.497428 0.436975 0.385486 0.338266 0.297409 0.262872
2410.236715 2269.865841 2099.204665 1921.496533 1749.221856 1553.145445 1416.458775 1295.968104 1193.717289 1125.652792 1059.299145 980.180513 874.052928 763.413910 637.250277 537.091506 462.691830 424.749962 388.536199 329.438117 268.986105 229.326850 204.646932 174.711193 143.770833 124.439775 105.682627 87.642659 75.491279 63.051648 53.344948 44.866685 37.947757 31.718292 26.759938 22.590146 19.040312 16.080636 13.603394 11.499410 9.752604 8.294643 7.059095 6.025822 5.155369 4.427247 3.810768 3.291123 2.851364 2.477138 2.158813 1.885479 1.652888 1.451690 1.278750 1.127923 0.996255 0.880248 0.778159 0.685859 0.604810 0.530838 0.465793 0.409365
2002.728325 1917.268927 1805.572677 1686.274546 1566.000784 1422.172901 1319.946324 1225.146819 1140.351859 1079.381488 1015.964171 939.958470 842.668263 744.893792 636.257719 550.224071 482.690577 442.311231 400.756065 340.861963 284.797560 247.800405 220.083993 187.239584 157.024421 136.936226 116.044013 97.434065 84.195263 70.749703 60.203953 50.940555 43.282708 36.395751 30.870554 26.196418 22.215923 18.868403 16.053551 13.661037 11.654345 9.975555 8.547475 7.346095 6.330076 5.477398 4.749989 4.133470 3.610086 3.156765 2.772311 2.439920 2.153968 1.905118 1.689889 1.499142 1.331119 1.181801 1.047601 0.926518 0.820026 0.721300 0.633286 0.556017
2451.896673 2356.546140 2227.730405 2087.081368 1943.938662 1767.031930 1643.163314 1526.283466 1419.986788 1344.630368 1267.450099 1176.686185 1060.241542 944.932398 810.767393 701.696871 612.120804 558.848611 509.672733 438.070220 367.841253 318.146200 282.288326 242.962225 204.581363 177.803942 152.026059 128.075559 111.128172 93.966316 80.255590 68.405219 58.458984 49.494853 42.300674 36.160012 30.956829 26.529193 22.800788 19.591800 16.898347 14.631423 12.683234 11.038478 9.636654 8.442718 7.415863 6.539407 5.786134 5.126016 4.555354 4.055363 3.614911 3.223461 2.874769 2.565673 2.284952 2.028784 1.798065 1.585805 1.394267 1.215736 1.060560 0.919162
1997.807256 1922.773856 1820.479511 1708.930034 1593.841208 1452.038520 1349.512194 1251.740503 1162.867786 1098.814923 1034.685677 961.779687 870.541475 778.758148 670.725845 579.258871 502.821224 457.049302 417.499183 361.830641 304.085857 260.388798 230.549519 199.942870 167.547501 144.592691 124.197749 103.946378 89.963655 75.860927 64.557298 54.703648 46.614047 39.263408 33.377929 28.381080 24.131247 20.538264 17.521609 14.945060 12.783220 10.976546 9.431782 8.133426 7.031794 6.104489 5.311349 4.638214 4.066875 3.567126 3.143208 2.774595 2.455738 2.178286 1.932483 1.717382 1.526048 1.357547 1.202773 1.061598 0.939876 0.823130 0.720549 0.632593
1945.780527 1809.690800 1652.032610 1492.982087 1342.564412 1182.527460 1071.604165 977.903128 900.629745 848.806113 797.007769 731.153262 642.597688 549.246373 450.748711 378.319317 329.882961 304.930266 275.278937 227.096143 183.028101 158.388508 141.326827 117.407347 96.262669 83.801276 69.748080 57.713808 49.306900 40.771474 34.246444 28.506861 23.870095 19.760100 16.489726 13.761084 11.448407 9.537920 7.953952 6.627718 5.535690 4.624141 3.869077 3.239284 2.722217 2.286086 1.926110 1.626558 1.374667 1.168040 0.993981 0.848994 0.725690 0.622363 0.533993 0.461063 0.398384 0.345597 0.300805 0.260760 0.227669 0.198291 0.173319 0.152378
2819.012284 2666.628672 2478.516316 2281.431794 2090.703202 1869.906595 1721.933049 1589.944949 1475.271909 1397.706122 1315.950714 1212.285201 1073.080255 934.483062 783.738305 672.591847 591.074365 545.559039 492.911559 411.629814 340.207359 298.282064 265.489575 222.780194 186.620532 163.444617 137.404772 115.605478 99.829669 83.856375 71.353427 60.454054 51.416097 43.298804 36.799523 31.305755 26.649023 22.713892 19.410373 16.576137 14.218382 12.233709 10.539881 9.113431 7.898370 6.876086 5.998821 5.254229 4.619282 4.064707 3.589975 3.177794 2.819214 2.500408 2.220802 1.974674 1.753844 1.554121 1.374564 1.212305 1.067049 0.931383 0.812116 0.706223
1823.761661 1740.837804 1634.328933 1521.202087 1406.857515 1273.035628 1176.242779 1087.544211 1008.768060 952.495750 896.034984 829.816779 745.615186 659.178027 561.537313 482.102113 419.899656 383.575199 349.059800 298.493009 248.225830 213.653047 189.712209 162.494682 135.461845 117.407998 99.941070 83.451680 71.992249 60.390088 51.238240 43.246277 36.630888 30.712110 25.966447 21.959751 18.548667 15.686340 13.283252 11.257335 9.556961 8.134481 6.934005 5.921227 5.075631 4.362317 3.759055 3.249106 2.816185 2.446898 2.134672 1.867546 1.638961 1.442180 1.271740 1.123714 0.993874 0.882350 0.782305 0.690728 0.612509 0.540144 0.475840 0.421149
2300.514445 2206.399754 2081.775970 1946.953497 1809.756129 1642.437077 1524.423487 1413.808867 1313.819612 1243.096776 1170.913770 1086.570552 978.344018 870.277482 745.444486 643.703644 560.910576 512.110253 466.809639 401.129351 336.213104 290.013336 257.283085 221.381842 186.055855 161.382895 138.029169 116.018879 100.533253 84.871805 72.389461 61.558098 52.510922 44.357805 37.818681 32.256270 27.532232 23.522097 20.155196 17.262767 14.837811 12.799720 11.053234 9.581392 8.326829 7.269274 6.358100 5.583024 4.914930 4.339203 3.843074 3.408321 3.030186 2.695924 2.402126 2.139901 1.905675 1.692123 1.499249 1.325846 1.168308 1.021440 0.892787 0.778295
2149.879535 2073.148468 1967.790755 1850.941133 1729.561262 1577.219393 1467.104887 1361.973218 1266.336004 1197.967082 1129.838702 1053.230199 956.107630 858.602275 741.399204 640.476913 554.939971 504.395910 462.721261 403.281204 339.662607 289.996413 257.018231 224.493706 188.198261 162.275334 140.246246 117.298682 101.882619 86.121661 73.479434 62.507029 53.389153 45.089009 38.470638 32.825019 28.015534 23.950173 20.518679 17.585185 15.114451 13.040640 11.265020 9.764107 8.489377 7.410236 6.483185 5.693911 5.014127 4.429894 3.924763 3.481570 3.095222 2.755807 2.454275 2.187045 1.947091 1.728488 1.530773 1.351775 1.191296 1.042957 0.910930 0.790689
2426.386850 2213.478887 1978.858325 1751.892742 1548.860326 1344.906634 1215.865612 1113.813834 1033.588079 981.501817 921.029747 830.317997 705.541605 581.119413 466.161794 396.779007 358.416654 335.082770 290.631598 228.056643 185.731017 168.460951 146.272331 116.194795 98.666639 85.512012 69.218669 58.503882 48.913573 40.831601 33.914617 28.258437 23.568403 19.450331 16.189804 13.482909 11.181211 9.301426 7.737600 6.432113 5.358778 4.467199 3.730815 3.117200 2.612109 2.190887 1.842163 1.551661 1.308995 1.110458 0.942815 0.803052 0.685840 0.587406 0.504055 0.434025 0.374965 0.324483 0.281857 0.244555 0.213433 0.185313 0.161875 0.142159
2393.002284 2209.132187 1999.793402 1792.992612 1603.117958 1404.454983 1274.705105 1167.683034 1080.779713 1023.465901 960.802930 873.249421 754.258865 633.735773 515.330781 437.376391 389.389284 362.448288 320.229619 257.161083 209.006544 186.270137 164.142555 132.855871 111.297016 97.126933 79.514746 66.775327 56.529117 47.063843 39.407864 32.905288 27.571634 22.855451 19.102361 15.978891 13.321607 11.137002 9.314646 7.785827 6.523521 5.473805 4.598563 3.869656 3.264228 2.760647 2.339114 1.986263 1.690735 1.446400 1.238689 1.064196 0.917176 0.792607 0.686608 0.596551 0.519639 0.453978 0.396693 0.346892 0.304526 0.266033 0.233166 0.205449
2346.058037 2188.608814 2003.204590 1816.502738 1640.453469 1449.600061 1321.171236 1211.642400 1120.082181 1058.713858 994.223360 909.795203 796.396103 680.670708 560.760364 475.967627 419.046326 388.097102 347.508968 284.916731 232.107605 203.889825 181.061476 149.263717 124.124720 108.469751 89.897125 75.180834 64.203734 53.460598 45.023750 37.728186 31.721578 26.400257 22.155303 18.607485 15.590618 13.091551 11.003753 9.244498 7.786382 6.572080 5.553040 4.702165 3.991394 3.398746 2.900512 2.480955 2.128233 1.833964 1.582871 1.370011 1.190389 1.036613 0.904673 0.791824 0.694398 0.610909 0.536881 0.471470 0.415562 0.364158 0.319900 0.282349
2288.571676 2154.692314 1991.901228 1824.425677 1662.664638 1480.993795 1355.815242 1245.827456 1151.631958 1087.269769 1021.583330 939.919978 832.016712 721.519270 601.801976 511.904515 447.215029 411.885257 372.282156 310.879036 254.669021 221.195918 196.893008 165.093608 136.982642 119.419293 100.176506 83.596153 71.825149 59.929869 50.680939 42.589236 35.959358 30.035197 25.302672 21.330982 17.954254 15.138235 12.782338 10.789318 9.131552 7.749157 6.583029 5.605581 4.785007 4.100529 3.521192 3.032265 2.617667 2.269807 1.973087 1.719211 1.503369 1.317651 1.157041 1.018528 0.898114 0.794006 0.701227 0.616958 0.545424 0.478509 0.420440 0.370810
2223.711458 2110.748315 1968.506239 1819.118765 1671.479140 1500.430184 1379.935817 1271.239484 1175.905265 1109.707750 1043.307595 964.233127 861.382974 756.349662 638.340385 545.068348 473.712315 433.858548 394.548688 334.760973 276.444228 238.044976 211.685923 180.202786 149.753196 129.988500 110.225525 91.948317 79.297879 66.401852 56.309512 47.483525 40.231387 33.714830 28.506515 24.115783 20.381463 17.252553 14.630151 12.402244 10.543034 8.991581 7.674182 6.569136 5.638041 4.857472 4.194531 3.633700 3.157355 2.751928 2.405924 2.108273 1.853999 1.633626 1.442007 1.274996 1.128688 1.000730 0.886326 0.781283 0.691294 0.606406 0.532412 0.469078
2154.247397 2059.803907 1936.069088 1803.840407 1669.818682 1509.704916 1395.073070 1288.917889 1193.963512 1126.924317 1060.225940 983.444594 885.329633 785.866135 670.491230 575.287056 498.502214 454.192684 414.553087 356.537668 297.189414 254.468812 225.584426 194.464295 162.317458 140.200289 119.943944 100.203376 86.591848 72.842503 61.877945 52.363307 44.507503 37.416264 31.745231 26.945468 22.855737 19.418784 16.532480 14.069358 12.010982 10.288135 8.820103 7.586327 6.541916 5.664931 4.916680 4.282254 3.743609 3.275352 2.878930 2.536244 2.239216 1.982440 1.756528 1.558717 1.383688 1.229084 1.089169 0.961939 0.851178 0.745924 0.654475 0.574903
2082.979888 2004.415633 1897.752191 1780.871596 1660.285039 1511.103527 1403.106419 1300.424934 1206.886533 1139.737310 1073.270677 998.450297 904.765565 810.722402 698.698579 602.855779 521.683074 473.125369 432.744959 376.437285 316.877593 270.440643 238.798426 207.917359 174.633379 150.178351 129.331923 108.349280 93.730241 79.214245 67.389717 57.209660 48.779263 41.130314 35.011777 29.807254 25.369621 21.628170 18.480698 15.787790 13.527771 11.636223 10.016345 8.649944 7.495534 6.519190 5.683405 4.973930 4.365998 3.839419 3.389415 2.998098 2.658308 2.361346 2.099268 1.868024 1.661769 1.477074 1.308978 1.157119 1.022910 0.895140 0.784345 0.686538
2012.039790 1948.032800 1856.013019 1753.297116 1645.098966 1506.951863 1405.649769 1307.306897 1215.795379 1149.236726 1083.244928 1010.499874 920.907321 831.980523 723.771790 627.946398 543.505034 491.102464 449.656499 394.782600 335.478606 286.084759 251.602290 220.664818 186.677667 160.034003 138.389929 116.449618 100.744978 85.547101 72.871635 62.130276 53.060458 44.866706 38.312629 32.710266 27.926134 23.886686 20.481003 17.557838 15.097591 13.034791 11.261649 9.767294 8.496864 7.422071 6.497110 5.710157 5.029500 4.443723 3.938253 3.495556 3.109780 2.770987 2.469850 2.201748 1.961582 1.744339 1.546255 1.366196 1.205574 1.053396 0.921415 0.804144
1943.713575 1892.217399 1813.769252 1723.913809 1626.984982 1499.454049 1404.840553 1310.858774 1221.992188 1156.553135 1091.443359 1020.805655 935.107043 850.856084 746.384292 651.152047 564.152693 508.644118 466.030212 411.981974 353.107463 301.548075 264.227690 232.841576 198.435159 169.918456 147.227290 124.541292 107.775693 91.887231 78.392119 67.052243 57.391930 48.663866 41.675209 35.678324 30.546827 26.210191 22.542018 19.392672 16.727634 14.494412 12.566689 10.940187 9.552188 8.377860 7.359819 6.492567 5.748418 5.091571 4.527225 4.028744 3.594311 3.211964 2.869590 2.561781 2.284080 2.031470 1.801043 1.588340 1.400019 1.221675 1.065832 0.926885
1879.625726 1839.693123 1772.735434 1694.831717 1607.622606 1490.473237 1402.212120 1312.984995 1226.839633 1162.761136 1098.861988 1030.584013 948.781539 868.276640 767.548800 672.982261 584.088068 526.236453 482.461741 428.639467 369.853149 317.047725 276.930940 244.776822 209.993157 179.894082 156.003159 132.792921 114.965961 98.295644 84.056680 72.091883 61.839039 52.577242 45.146843 38.754383 33.264251 28.628741 24.695489 21.312307 18.440204 16.029145 13.943505 12.179334 10.670605 9.393479 8.283592 7.331646 6.513608 5.787855 5.162345 4.601494 4.116352 3.685949 3.300603 2.949853 2.630613 2.342346 2.075678 1.825040 1.606435 1.399620 1.218471 1.055081
2231.886105 2135.375211 2012.501112 1881.553562 1749.053445 1588.804599 1476.477729 1371.256825 1274.662613 1203.316803 1128.730048 1039.642106 928.028329 820.168229 702.342951 610.523878 536.112438 488.874241 440.109124 373.368444 313.801559 273.560255 241.408670 204.914460 172.869016 150.204998 127.204691 107.085220 92.427485 77.800338 66.192004 56.038850 47.706834 40.163356 34.119047 28.997761 24.649696 20.976327 17.898874 15.258454 13.056350 11.208797 9.630547 8.305262 7.182391 6.235324 5.425008 4.736073 4.152372 3.643431 3.210315 2.834369 2.509286 2.224501 1.975700 1.755787 1.559534 1.382394 1.223833 1.082983 0.954284 0.836920 0.733095 0.639829
2222.476873 2124.790384 1999.486930 1866.543352 1732.341556 1570.932328 1457.612710 1352.090218 1255.782219 1185.504879 1112.592964 1025.925018 916.561906 809.706295 692.045465 599.619696 525.405263 479.396340 432.640869 367.465982 307.901981 267.714246 236.596459 201.130441 169.222276 146.987008 124.578338 104.717287 90.379223 76.033418 64.651063 54.700202 46.540380 39.161759 33.245180 28.236881 23.983773 20.396713 17.388048 14.812581 12.663331 10.860802 9.323829 8.033487 6.938824 6.017614 5.230566 4.561928 3.994902 3.501420 3.082233 2.719592 2.405184 2.130479 1.891000 1.679261 1.490895 1.322214 1.170927 1.035901 0.913788 0.801217 0.702349 0.614212
2213.344988 2114.261597 1986.886272 1852.014246 1715.926439 1553.653579 1439.069282 1332.987237 1237.089666 1167.821124 1096.669576 1012.191850 905.266030 799.636827 682.027717 589.029991 514.942640 470.090056 425.271343 361.660961 302.207478 261.991723 231.850667 197.419360 165.651965 143.809727 122.023497 102.391752 88.383668 74.304270 63.151111 53.412495 45.410660 38.185572 32.396424 27.498231 23.337343 19.832715 16.893604 14.381317 12.281284 10.524368 9.026276 7.768754 6.703833 5.808004 5.043745 4.393930 3.843553 3.365339 2.959701 2.608512 2.305022 2.040175 1.809528 1.605899 1.425698 1.264744 1.120171 0.990288 0.874358 0.766657 0.672113 0.588972
2204.621695 2104.119112 1974.661683 1837.726569 1700.095396 1536.506534 1420.904478 1314.381461 1218.679790 1150.447068 1080.904087 998.726470 894.097068 789.628010 672.218563 578.743880 504.656015 460.825852 417.983034 355.995006 296.659039 256.347182 227.174194 193.814039 162.184204 140.684917 119.526544 100.118829 86.428295 72.606376 61.690634 52.169849 44.310892 37.238364 31.573935 26.783187 22.711921 19.287770 16.413852 13.961607 11.913373 10.200451 8.739521 7.514211 6.476544 5.606803 4.862690 4.232600 3.698455 3.234724 2.841482 2.501468 2.208409 1.953715 1.730799 1.535419 1.362488 1.208762 1.070905 0.946214 0.836234 0.733206 0.642737 0.564515
2196.224346 2093.983816 1962.916810 1823.770750 1684.458957 1519.753124 1403.093983 1296.118707 1200.607565 1133.221725 1065.170932 985.465123 883.059989 779.778594 662.724382 568.666696 494.555580 451.718602 410.778595 350.433280 291.284377 250.832713 222.551220 190.302014 158.808615 137.635837 117.117387 97.902920 84.531141 70.967422 60.266173 50.949588 43.241270 36.314555 30.773339 26.089639 22.104776 18.758739 15.950628 13.557025 11.558241 9.885958 8.463761 7.269695 6.259906 5.411628 4.689641 4.076755 3.558931 3.109238 2.728629 2.399090 2.116513 1.870637 1.656016 1.467694 1.301765 1.155530 1.023577 0.903899 0.799414 0.700519 0.614608 0.540436
2187.961645 2084.353590 1951.328356 1810.350996 1669.320657 1503.430306 1385.639388 1277.979485 1182.768455 1116.140506 1049.781464 972.228007 872.160097 770.184727 653.450676 558.868903 484.670623 442.756412 403.644366 345.018259 286.069938 245.427811 217.975312 186.871700 155.525919 134.622334 114.740673 95.729689 82.661259 69.363583 58.874262 49.748699 42.194643 35.416884 29.996228 25.414555 21.517368 18.245388 15.502393 13.164889 11.214361 9.583008 8.197547 7.032887 6.049852 5.225151 4.522279 3.927724 3.423796 2.988718 2.619753 2.301321 2.027954 1.790522 1.583695 1.403021 1.243792 1.103891 0.977993 0.862983 0.763871 0.669755 0.587791 0.517187
2180.240535 2074.655281 1940.104017 1797.312979 1654.515375 1487.402930 1368.569199 1260.287153 1165.132966 1099.326002 1034.576757 959.273222 861.442068 760.741947 644.398517 549.403485 474.968661 433.885802 396.585767 339.712775 281.048498 240.124841 213.504009 183.542493 152.326996 131.674030 112.436249 93.608766 80.845128 67.792417 57.521677 48.572392 41.184506 34.543122 29.241417 24.760490 20.944643 17.747975 15.066839 12.785851 10.881981 9.290593 7.940233 6.805248 5.847188 5.044600 4.361639 3.784216 3.292921 2.873287 2.515711 2.207703 1.942769 1.714508 1.514977 1.341504 1.188283 1.054466 0.934154 0.823645 0.729336 0.640337 0.562212 0.494777
2172.571230 2065.288975 1929.129208 1784.552522 1640.224770 1471.769683 1351.665022 1242.823496 1147.836509 1082.605952 1019.529791 946.371469 850.828694 751.489124 635.636101 540.084828 465.428423 425.084935 389.642310 334.518112 276.165121 234.929268 209.107239 180.334541 149.206724 128.778147 110.177427 91.527088 79.069957 66.265124 56.200328 47.412037 40.199428 33.690561 28.504983 24.121664 20.388813 17.266413 14.645684 12.417887 10.561522 9.008203 7.691515 6.585016 5.653710 4.871168 4.206768 3.645572 3.168552 2.761675 2.415239 2.117442 1.861813 1.641381 1.449527 1.282076 1.135522 1.007025 0.891749 0.786176 0.696020 0.611689 0.537144 0.472835
2165.432386 2056.256224 1918.643358 1772.150664 1626.247027 1456.612930 1335.158580 1225.626367 1130.790753 1066.163166 1004.565871 933.622163 840.420517 742.373694 627.065288 531.116898 456.121194 416.446805 382.809622 329.435293 271.435444 229.854552 204.742098 177.195480 146.187097 125.938544 107.990747 89.495058 77.336865 64.770986 54.914279 46.279616 39.236214 32.864692 27.791911 23.502719 19.853408 16.798600 14.239123 12.063487 10.250230 8.735150 7.450942 6.372813 5.465966 4.703370 4.057805 3.512934 3.048823 2.655136 2.319337 2.030822 1.784213 1.571178 1.387049 1.225579 1.084774 0.961284 0.850896 0.750212 0.664139 0.584417 0.513498 0.451648
2158.438309 2047.272994 1908.375038 1760.148099 1612.466917 1441.487143 1319.156649 1208.598262 1113.841110 1049.813236 989.878695 921.103295 830.050116 733.567065 618.760758 522.285981 446.976843 407.948508 375.989394 324.473140 266.847706 224.866181 200.458538 174.117022 143.231456 123.134558 105.852540 87.509995 75.644290 63.317600 53.657875 45.185805 38.302079 32.060688 27.097730 22.904313 19.329234 16.345965 13.842888 11.718990 9.950094 8.471334 7.218878 6.168431 5.285278 4.542763 3.914752 3.385015 2.930744 2.552459 2.227293 1.948315 1.709714 1.504023 1.327164 1.171744 1.035965 0.917490 0.811831 0.715877 0.633476 0.557738 0.490397 0.430985
1928.482889 1823.179035 1693.516513 1557.429787 1423.045202 1269.143088 1156.269503 1054.692332 965.957346 903.858052 846.419089 783.821135 705.031649 623.043290 526.376772 443.637865 376.815139 339.760501 310.935703 269.153271 222.290064 185.792921 163.306833 141.882136 117.347771 99.506647 85.253804 70.546697 60.342686 50.520115 42.483808 35.670270 30.014116 24.985811 21.002357 17.644924 14.791143 12.412183 10.433269 8.759084 7.377368 6.220534 5.252976 4.442754 3.770043 3.201867 2.727615 2.330798 1.998027 1.715714 1.478473 1.278365 1.108798 0.964610 0.841547 0.735613 0.644841 0.566096 0.497267 0.437622 0.385550 0.339163 0.298390 0.263100
1987.170608 1882.061913 1751.675895 1614.093796 1478.010740 1321.516914 1207.369498 1104.565782 1014.326994 951.185382 891.575819 825.704361 741.969037 655.394603 554.150915 468.612737 400.299491 362.206586 331.169461 285.680670 235.949860 198.536140 175.043203 151.568369 125.442875 106.955772 91.531364 75.858011 65.043293 54.465866 45.903423 38.578617 32.540054 27.139447 22.847722 19.228598 16.153058 13.590014 11.451650 9.639428 8.139482 6.885138 5.831100 4.947618 4.212192 3.592714 3.072494 2.635621 2.266278 1.956344 1.692798 1.469786 1.279697 1.117648 0.978813 0.858718 0.755409 0.665527 0.586471 0.516707 0.456028 0.401374 0.353221 0.311337
2045.416134 1940.680314 1809.524910 1670.890462 1533.187812 1374.019960 1258.921143 1154.675819 1062.871064 998.758292 937.160633 867.897958 779.288242 688.154309 582.311227 494.211153 424.250581 385.088576 351.777651 302.493942 250.035476 211.671411 187.117792 161.481632 133.836822 114.676322 98.025137 81.374667 69.931436 58.583816 49.480684 41.626289 35.187948 29.402268 24.791772 20.908042 17.602237 14.843565 12.537543 10.583456 8.958381 7.601592 6.456429 5.496850 4.693234 4.019173 3.449170 2.970204 2.570762 2.221881 1.930423 1.681989 1.470368 1.289045 1.132383 0.996959 0.879311 0.777079 0.686553 0.605110 0.534677 0.470523 0.413660 0.364892
2103.258982 1999.008852 1867.136307 1727.681418 1588.540021 1426.707961 1310.573594 1205.012982 1111.801153 1046.602705 983.020783 910.284710 816.935602 721.244115 611.066193 520.316051 448.620605 408.411688 372.744787 319.621146 264.501878 225.229415 199.533810 171.656749 142.507527 122.658356 104.716126 87.100932 75.002835 62.864629 53.208489 44.839206 37.963467 31.780473 26.844898 22.681588 19.136885 16.175835 13.697488 11.590002 9.837337 8.370605 7.131501 6.091070 5.216331 4.483202 3.862086 3.337216 2.890381 2.514531 2.192937 1.917748 1.682108 1.479152 1.303742 1.150864 1.017707 0.901134 0.797766 0.703470 0.622221 0.546743 0.480586 0.423665
2160.847489 2056.998306 1924.717913 1784.211007 1644.039578 1479.615307 1362.401120 1255.709889 1160.959612 1094.830632 1029.195468 953.004148 854.937266 754.863997 640.152195 546.994359 473.622069 432.211256 394.042680 337.070413 279.339497 239.188458 212.261474 182.105208 151.470637 130.896041 111.593856 93.034038 80.268356 67.330003 57.099144 48.213814 40.867850 34.271202 29.004555 24.551551 20.767922 17.588968 14.930082 12.666145 10.777727 9.197993 7.858205 6.732577 5.783591 4.987684 4.309948 3.737922 3.250962 2.836258 2.482427 2.178129 1.916453 1.690839 1.493448 1.321784 1.170839 1.038791 0.920172 0.811641 0.718231 0.630393 0.553421 0.487528
2217.942378 2114.725862 1981.849441 1840.938071 1699.741698 1532.770909 1414.656731 1306.499002 1210.548850 1143.226739 1075.665513 995.911342 893.247136 788.772810 669.821569 574.201427 499.113030 456.376479 415.671715 354.862369 294.639492 253.545884 225.312643 192.831454 160.743495 139.424709 118.718641 99.194088 85.724366 71.970560 61.148354 51.695995 43.904535 36.886688 31.271623 26.523841 22.484845 19.089756 16.241041 13.811178 11.781609 10.083192 8.638530 7.423130 6.396658 5.534037 4.798486 4.175615 3.646929 3.188403 2.799959 2.464220 2.175042 1.923363 1.702685 1.510197 1.339610 1.189806 1.053934 0.930491 0.823112 0.721267 0.632754 0.556046
2274.412192 2172.068604 2038.979283 1897.630609 1755.420163 1586.026363 1467.108577 1357.652177 1260.170408 1191.803950 1122.219875 1039.195208 931.802928 823.114638 700.012866 602.041921 525.114937 481.024348 437.680246 372.998867 310.352454 268.334383 238.695599 203.864367 170.337935 148.211584 126.044545 105.581535 91.369935 76.790738 65.363633 55.295996 47.076149 39.621216 33.652339 28.597040 24.296964 20.673918 17.629709 15.029271 12.853033 11.030673 9.475591 8.168277 7.058302 6.126398 5.328111 4.650892 4.075633 3.574136 3.148197 2.778201 2.458288 2.178907 1.933581 1.717792 1.525458 1.354939 1.200129 1.059441 0.936601 0.819692 0.718141 0.628955
2330.444428 2228.983224 2096.132991 1954.365430 1811.264326 1639.755437 1519.931588 1409.332116 1310.355702 1240.804341 1169.196149 1082.753558 970.664085 857.904235 730.845978 630.482824 551.723213 506.115229 460.123012 391.581707 326.537580 283.534509 252.392535 215.179150 180.255376 157.282394 133.619895 112.197702 97.229857 81.811396 69.740989 59.141952 50.390775 42.486503 36.151073 30.777371 26.210973 22.345719 19.101012 16.322799 13.995890 12.041673 10.373533 8.967169 7.771978 6.764868 5.901221 5.167617 4.535877 3.994653 3.528263 3.122633 2.770121 2.459994 2.186168 1.944357 1.728441 1.535055 1.359423 1.200030 1.059158 0.926113 0.809553 0.706721
2386.027861 2285.530255 2153.273886 2011.020493 1867.564122 1693.637164 1573.167118 1461.341110 1361.066942 1290.174849 1216.363507 1126.658505 1010.069027 893.289413 762.276336 659.629118 578.982678 531.736818 483.028120 410.620962 343.181344 299.250337 266.440472 226.837664 190.558388 166.663975 141.459760 119.101200 103.303297 87.025112 74.302284 63.136474 53.857531 45.486561 38.774024 33.065577 28.220698 24.110176 20.656804 17.694463 15.210014 13.120444 11.333442 9.824480 8.539254 7.454130 6.521857 5.726328 5.040355 4.453188 3.943976 3.499387 3.110459 2.766561 2.461844 2.192657 1.950239 1.730278 1.531864 1.351534 1.190607 1.039773 0.907018 0.788242
2441.208290 2341.688523 2210.814624 2067.938685 1923.874637 1748.253053 1626.905295 1514.129191 1412.099278 1340.191494 1264.011805 1171.279693 1049.682476 929.190828 794.507020 689.440070 606.983891 557.921176 506.451845 430.245436 360.330030 315.398495 280.884817 238.881954 201.265539 176.370974 149.571789 126.265943 109.603476 92.444298 79.036330 67.287612 57.478115 48.625852 41.518854 35.472419 30.333255 25.972132 22.302045 19.149988 16.502640 14.268472 12.358277 10.743045 9.364228 8.195748 7.191598 6.331409 5.595440 4.951784 4.396404 3.910015 3.482404 3.100587 2.762763 2.462450 2.190076 1.941836 1.719034 1.514447 1.330951 1.160403 1.010089 0.874323
1166.955723 1109.742969 1038.992370 966.028267 890.689772 805.723126 740.942264 683.912818 633.785376 597.128972 561.240645 520.031232 467.695708 411.862928 349.277231 298.375710 259.551310 236.730730 215.677249 184.267984 152.230794 130.084646 115.697351 99.051723 81.952944 70.619740 59.992034 49.741086 42.743969 35.571219 29.991119 25.065323 21.065038 17.507631 14.652096 12.259566 10.227900 8.527551 7.118470 5.935317 4.963216 4.141379 3.467302 2.901676 2.438413 2.041951 1.718149 1.449933 1.219806 1.033351 0.876409 0.748154 0.637918 0.546339 0.468988 0.402991 0.347020 0.300683 0.261064 0.227265 0.197866 0.173117 0.151863 0.134097
1364.267245 1298.199916 1215.604604 1129.105623 1041.057691 940.905402 865.950688 798.831863 740.178249 697.559400 655.735907 607.492598 545.966428 481.139075 408.219906 348.772072 303.115048 276.602656 251.957274 215.303207 178.030658 152.335195 135.415973 115.934000 96.015099 82.890346 70.431951 58.468457 50.281603 41.927238 35.402784 29.647377 24.973136 20.799402 17.454021 14.642438 12.254813 10.255062 8.594101 7.197689 6.043377 5.070655 4.265993 3.589243 3.032926 2.559704 2.167933 1.842285 1.563336 1.335121 1.141957 0.982119 0.844523 0.729519 0.631573 0.547791 0.476031 0.416171 0.363836 0.318562 0.279580 0.245413 0.215612 0.190974
1567.560870 1492.409773 1397.493614 1297.331880 1196.168424 1080.225869 994.748691 917.468436 849.869383 801.190174 753.216688 697.715374 626.684001 552.611205 468.994888 400.826047 348.157907 317.780214 289.494407 247.387941 204.720114 175.346577 155.819690 133.428632 110.628642 95.612180 81.295011 67.568028 58.167903 48.581364 41.083654 34.518381 29.103817 24.285312 20.433627 17.186698 14.425948 12.118036 10.191966 8.570149 7.222820 6.092313 5.149002 4.355468 3.699185 3.142453 2.678843 2.290825 1.960921 1.684441 1.451678 1.256498 1.088588 0.947295 0.826318 0.721880 0.632158 0.556383 0.488967 0.429654 0.379375 0.333461 0.293253 0.260085
1773.961024 1689.508061 1582.157852 1468.217370 1353.897332 1221.648537 1125.474163 1038.097152 961.336302 906.591082 852.410957 789.442203 708.741618 625.312551 530.734057 453.740962 393.945839 359.660601 327.682967 280.042175 231.944396 198.800523 176.607444 151.278051 125.587626 108.629100 92.436501 76.922262 66.282805 55.455095 46.958736 39.491009 33.404492 27.928789 23.553379 19.862859 16.721527 14.093429 11.896428 10.040138 8.493565 7.198297 6.110046 5.194180 4.432152 3.788773 3.247516 2.793007 2.405442 2.080973 1.805076 1.570800 1.370643 1.200118 1.052351 0.924906 0.814532 0.720462 0.636244 0.559889 0.495689 0.435887 0.383472 0.339670
1981.672507 1887.646124 1767.657154 1640.302025 1512.816202 1363.898065 1257.032588 1159.401321 1073.396404 1012.705074 952.330883 881.860668 791.390265 698.414228 592.801740 507.065678 440.019813 401.902257 366.197529 312.972288 259.377882 222.465860 197.615567 169.310585 140.767122 121.818672 103.723908 86.444932 74.564902 62.483511 52.975028 44.652549 37.832576 31.693600 26.789052 22.644607 19.121392 16.166617 13.693540 11.594968 9.843782 8.379762 7.140949 6.101135 5.227720 4.493506 3.872049 3.347093 2.898149 2.522431 2.200775 1.925186 1.688854 1.485872 1.309578 1.156358 1.022176 0.906698 0.802806 0.707376 0.626454 0.550514 0.483698 0.427579
2189.342845 2085.920863 1953.256341 1812.499062 1671.897968 1506.164288 1388.500289 1281.004445 1185.733210 1118.957163 1052.292794 974.442413 873.912153 771.822653 654.922025 560.500895 486.278654 444.243690 404.815907 345.926058 286.916332 246.323026 218.744769 187.444954 156.066255 135.120166 115.125693 96.084397 82.971677 69.628708 59.106886 49.948397 42.371851 35.563716 30.124323 25.526181 21.613288 18.328924 15.575962 13.229633 11.270298 9.633377 8.240393 7.071242 6.085105 5.255146 4.549327 3.952120 3.445918 3.008462 2.637516 2.317793 2.042600 1.804255 1.595263 1.413799 1.253232 1.112403 0.985481 0.869520 0.769547 0.675000 0.592510 0.520861
2397.598310 2284.536988 2139.491800 1985.420759 1831.280572 1648.631255 1520.588644 1402.887518 1298.446750 1225.584868 1152.740750 1067.287629 956.851768 845.235773 717.182823 614.209970 532.792083 486.730449 443.598574 378.994803 314.612428 270.323614 240.039104 205.667201 171.525791 148.582935 126.636112 105.873825 91.500482 76.889795 65.356045 55.264296 47.018095 39.539843 33.561630 28.503795 24.201941 20.581196 17.543881 14.944828 12.775091 10.959167 9.410132 8.107809 7.003247 6.075332 5.281577 4.608350 4.037625 3.539930 3.116078 2.748956 2.431922 2.153862 1.909935 1.696428 1.506616 1.336554 1.183755 1.045442 0.922548 0.806986 0.707107 0.618294
2607.477572 2484.829775 2327.280368 2159.549753 1992.239440 1792.496913 1653.739578 1525.900665 1412.142119 1333.347555 1254.064795 1161.120201 1040.338117 919.567138 780.123984 668.419263 579.821935 529.716426 482.873393 412.365671 342.638148 294.694100 261.670795 224.169511 187.230773 162.331639 138.309401 115.830357 100.222274 84.326785 71.758360 60.861518 51.797699 43.641593 37.121800 31.592916 26.899782 22.936911 19.606350 16.750667 14.368719 12.366601 10.655641 9.215588 7.989716 6.958194 6.071869 5.320935 4.678314 4.117815 3.638034 3.222256 2.858433 2.536144 2.253462 2.005170 1.781454 1.578796 1.396863 1.233668 1.084197 0.945669 0.826516 0.718602
2821.458558 2689.016047 2519.373295 2337.804254 2156.930473 1939.224446 1789.848611 1651.547131 1528.399999 1443.694678 1357.924607 1256.848041 1125.773261 995.577966 844.220986 723.859082 627.967078 573.699898 523.091925 446.432241 371.317882 319.630263 283.932932 243.108020 203.358646 176.540893 150.297779 126.153081 109.222480 92.012935 78.400178 66.622484 56.768494 47.918859 40.848065 34.827304 29.737121 25.414479 21.786714 18.666806 16.067915 13.867824 11.991000 10.406305 9.057603 7.913536 6.927903 6.094637 5.373760 4.749095 4.207534 3.740315 3.325328 2.955264 2.627285 2.340506 2.078897 1.839855 1.626806 1.434899 1.254440 1.091150 0.950556 0.822227
3042.725058 2899.801690 2718.283707 2522.952468 2328.629398 2091.402860 1931.047910 1781.878883 1648.950003 1558.771011 1465.726134 1356.342721 1214.472248 1074.718968 910.676933 781.322817 677.971713 619.586877 565.046340 481.798581 401.188929 345.562531 307.281127 262.792827 220.219081 191.481855 162.791659 137.017868 118.674091 100.094559 85.379785 72.695835 62.017418 52.440997 44.796367 38.264500 32.767438 28.062981 24.117558 20.727228 17.899551 15.492039 13.439239 11.696905 10.223060 8.954466 7.864745 6.944998 6.136414 5.441508 4.834396 4.314252 3.839873 3.413843 3.037077 2.707196 2.400705 2.121666 1.876140 1.651532 1.435881 1.244707 1.080660 0.928717
2592.890149 2439.791217 2249.002471 2056.922386 1870.177014 1656.740065 1510.126588 1372.957738 1253.185544 1168.450754 1084.172931 988.243329 873.483184 761.561541 636.002540 537.371048 460.624093 415.747694 372.814467 313.960720 257.421817 218.318318 191.346139 161.370660 132.786487 113.405049 95.174363 78.577827 66.836747 55.426878 46.360400 38.641793 32.322130 26.724027 22.298062 18.616829 15.524517 12.948996 10.828429 9.031772 7.552186 6.344184 5.320538 4.483635 3.776660 3.198594 2.711199 2.304233 1.967409 1.681651 1.440552 1.237655 1.069193 0.924246 0.802881 0.697664 0.607975 0.530566 0.462822 0.404968 0.352861 0.307597 0.268303 0.233741
2508.232704 2365.516553 2187.328381 2006.243608 1829.405258 1626.016720 1485.248719 1354.342042 1239.373847 1158.099606 1077.277676 985.259012 873.178692 763.188228 639.554325 541.687527 465.235476 420.780486 378.655129 319.867901 262.776974 223.355836 196.232786 166.091026 136.962975 117.256229 98.741266 81.656992 69.675904 57.911955 48.577620 40.559115 34.053822 28.238317 23.629245 19.787570 16.548052 13.848078 11.616935 9.724210 8.161560 6.878220 5.791951 4.898626 4.143708 3.522900 2.998677 2.559340 2.192640 1.885218 1.622371 1.400441 1.214725 1.055068 0.919964 0.802914 0.702430 0.615245 0.538602 0.472161 0.413080 0.360846 0.315241 0.275371
2426.853977 2294.115020 2128.171804 1957.404399 1789.695982 1596.068185 1460.915635 1336.155337 1225.975769 1148.070050 1070.846559 982.365306 873.109342 764.969603 643.163696 546.078938 470.040635 426.054472 384.655606 325.880935 268.304981 228.557136 201.314770 170.983730 141.283436 121.279420 102.446708 84.879055 72.642012 60.512718 50.907374 42.653454 35.880024 29.842773 25.045315 21.031885 17.640576 14.812690 12.463523 10.469176 8.819817 7.458291 6.305410 5.350288 4.545564 3.879159 3.316166 2.842846 2.444248 2.111419 1.825529 1.583251 1.378869 1.202846 1.052581 0.922410 0.809875 0.712035 0.625824 0.549158 0.482176 0.421908 0.368978 0.323006
2348.542376 2225.511376 2070.853291 1910.059103 1751.336658 1566.920675 1437.260167 1318.356139 1212.894809 1138.382166 1064.576509 979.698422 873.232481 766.945538 646.848525 550.545218 475.018425 431.541988 390.842966 332.052195 274.016531 233.939430 206.593328 176.017374 145.770807 125.460833 106.292452 88.249958 75.747787 63.243122 53.357257 44.811153 37.809241 31.537534 26.547043 22.355837 18.807576 15.841275 13.372558 11.272700 9.531095 8.087100 6.863228 5.845266 4.985643 4.270992 3.666116 3.156780 2.725484 2.363224 2.052761 1.788164 1.563150 1.369335 1.202493 1.057775 0.931777 0.821960 0.724899 0.636880 0.560957 0.491259 0.430069 0.377331
2273.402330 2159.462197 2015.341705 1864.198081 1713.883832 1538.568681 1414.430972 1300.775036 1200.135853 1129.173852 1058.766542 977.194947 873.475442 769.061752 650.514247 555.092067 480.121347 437.282453 397.211001 338.362142 279.879334 239.541556 212.082992 181.188633 150.419544 129.811585 110.268086 91.769210 78.996417 66.106007 55.929875 47.103750 39.845847 33.335175 28.140916 23.767278 20.055534 16.944987 14.347076 12.136948 10.298587 8.768751 7.469285 6.383744 5.466784 4.701779 4.051509 3.502478 3.037039 2.643085 2.305591 2.017192 1.770360 1.556701 1.371273 1.210501 1.069988 0.946664 0.837096 0.736741 0.650480 0.569887 0.499563 0.439232
2201.202892 2096.207242 1961.937478 1819.797661 1677.697793 1510.655463 1392.165713 1283.794650 1187.732479 1120.358601 1053.286292 974.839244 873.928757 771.360789 654.288924 559.705084 485.410190 443.219872 403.705046 344.807066 285.894218 245.320545 217.789760 186.532409 155.248063 134.342753 114.431791 95.449404 82.393092 69.110421 58.640322 49.533791 41.999441 35.237278 29.832882 25.265361 21.382225 18.124310 15.394433 13.067704 11.126534 9.504334 8.127465 6.969644 5.991588 5.172798 4.475266 3.884659 3.384641 2.953344 2.587505 2.272381 2.001238 1.766796 1.561647 1.382842 1.225623 1.087233 0.963111 0.849419 0.751463 0.659005 0.578267 0.508654
2131.803373 2035.254363 1910.380303 1776.902980 1642.732779 1483.563807 1370.647778 1267.176178 1175.716146 1111.923218 1047.964808 972.573876 874.517891 773.800877 658.187930 564.434797 490.859371 449.405148 410.387556 351.453244 292.126099 251.345807 223.688675 192.057422 160.252211 139.071458 118.728025 99.303390 85.939681 72.264819 61.489444 52.054423 44.268536 37.250652 31.627482 26.861244 22.801183 19.385875 16.515743 14.067718 12.019869 10.301223 8.839921 7.606461 6.564726 5.688960 4.940241 4.305695 3.767176 3.297588 2.900286 2.556228 2.259731 2.001363 1.775112 1.576145 1.400734 1.245410 1.104646 0.976460 0.864770 0.759437 0.666885 0.586404
2065.150291 1976.888241 1860.632966 1735.515969 1608.709354 1457.374898 1349.755829 1250.826344 1164.052074 1103.868901 1043.157137 970.631166 875.346035 776.351411 662.104847 569.277945 496.523593 455.826962 417.297328 358.260176 298.534813 257.557814 229.832976 197.778383 165.434442 144.004415 123.206171 103.339926 89.649797 75.571491 64.473373 54.691160 46.669021 39.380174 33.528392 28.557295 24.315066 20.733407 17.720396 15.143641 12.980206 11.161304 9.610830 8.297280 7.189531 6.253169 5.450612 4.767955 4.187775 3.678682 3.246884 2.871797 2.546799 2.263601 2.013886 1.792566 1.596480 1.421917 1.262652 1.118833 0.991435 0.871606 0.765874 0.672822
2001.119205 1920.867457 1812.350662 1695.308162 1575.533359 1431.400586 1329.355758 1234.873793 1152.735722 1096.181191 1038.601399 968.867846 876.250011 779.143569 666.059675 574.233672 502.287755 462.554314 424.381730 365.208549 305.146673 264.008778 236.220367 203.716967 170.819488 149.142438 127.864661 107.550503 93.532822 79.044742 67.623024 57.540952 49.200343 41.632977 35.547023 30.360675 25.925685 22.174045 19.006387 16.297238 14.015353 12.089615 10.445639 9.046731 7.869021 6.867982 6.008227 5.276324 4.649900 4.098171 3.630467 3.220604 2.864916 2.554165 2.279541 2.033711 1.816044 1.618717 1.438296 1.277316 1.131658 0.996071 0.875033 0.767280
1939.597827 1866.983645 1765.945418 1656.301126 1543.410199 1406.341910 1309.632974 1219.324895 1141.729056 1088.868968 1034.297019 967.213577 877.424005 782.001993 670.124302 579.210116 508.288763 469.521896 431.683848 372.316474 311.953428 270.719033 242.835738 209.837421 176.392019 154.489671 132.707094 111.960725 97.591314 82.691461 70.932849 60.545648 51.867122 44.020661 37.693470 32.274508 27.644820 23.710769 20.387128 17.534844 15.126877 13.092677 11.347622 9.859739 8.606956 7.539038 6.617831 5.831464 5.150366 4.560961 4.053572 3.605928 3.217810 2.875968 2.573475 2.301050 2.058476 1.836654 1.633498 1.452227 1.286702 1.132633 0.995686 0.870609
2207.711056 2103.558140 1969.854555 1827.888702 1686.059928 1518.708254 1400.415184 1291.725703 1195.732697 1128.553717 1061.303639 982.788596 881.376822 778.297203 660.512841 565.346126 490.542298 448.087535 408.336603 348.901997 289.470448 248.503065 220.739794 189.068661 157.473723 136.387514 116.158015 96.972205 83.726465 70.267705 59.648202 50.424816 42.779245 35.914867 30.424099 25.783788 21.843446 18.527749 15.749181 13.382605 11.405851 9.751847 8.346556 7.165218 6.167014 5.329586 4.616188 4.012008 3.501517 3.058141 2.682709 2.357568 2.078626 1.836044 1.624253 1.439658 1.276942 1.132135 1.002689 0.885414 0.782065 0.685601 0.601617 0.527965
2197.561871 2093.855584 1960.699605 1819.496736 1677.953271 1511.748879 1393.714404 1285.804212 1190.146089 1123.153576 1056.365166 978.132985 877.307609 774.707564 657.413385 562.602745 488.135134 445.950406 406.357292 347.234270 288.023341 247.294239 219.619270 188.139483 156.670569 135.669862 115.564236 96.480863 83.306013 69.909525 59.348534 50.154846 42.551216 35.720469 30.258240 25.641876 21.715363 18.417681 15.651710 13.296557 11.330466 9.685781 8.287412 7.111527 6.119508 5.287516 4.578018 3.977286 3.469391 3.029347 2.655965 2.334506 2.057725 1.817137 1.607811 1.424740 1.263080 1.120694 0.992732 0.876130 0.774766 0.679365 0.596107 0.523995
2173.379218 2070.453487 1938.867560 1799.287151 1659.691171 1495.274741 1378.478573 1271.731798 1177.120719 1110.781012 1044.602506 967.225582 867.690555 766.142650 650.258354 556.445231 482.751718 440.992882 401.893138 343.422592 284.878470 244.468956 217.128643 186.099370 154.905080 134.102821 114.280382 95.338473 82.324797 69.078774 58.634307 49.545489 42.022501 35.266092 29.868491 25.304064 21.421977 18.162067 15.431332 13.103656 11.160687 9.537165 8.156318 6.996959 6.018626 5.197239 4.497871 3.905928 3.404927 2.971643 2.604871 2.288239 2.016034 1.780214 1.574249 1.394678 1.236360 1.097827 0.972840 0.858437 0.760041 0.666838 0.585470 0.515448
2121.559573 2021.335072 1892.879628 1756.826422 1620.463886 1460.210546 1346.170306 1241.747753 1149.554426 1084.785477 1020.193301 944.579206 847.450423 748.187212 635.061899 543.374163 471.470770 430.713272 392.505686 335.405376 278.139827 238.686719 212.054817 181.702759 151.160518 130.902470 111.508701 92.990297 80.280190 67.326015 57.135664 48.254505 40.912225 34.317897 29.049921 24.599661 20.812512 17.634917 14.968862 12.704428 10.810887 9.230691 7.887346 6.760719 5.810173 5.011782 4.333018 3.758910 3.270733 2.853687 2.499172 2.192759 1.930486 1.703610 1.505918 1.332849 1.181116 1.049607 0.930341 0.820832 0.727816 0.639541 0.561970 0.495227
1998.838216 1904.722613 1782.059484 1655.303870 1526.444515 1376.606869 1268.242652 1170.587817 1083.834599 1022.503251 962.052899 890.347056 798.929242 704.697774 598.552113 512.124545 444.545061 406.214720 369.871582 315.844086 261.911731 224.887724 199.799905 170.975135 142.128971 123.230187 104.769727 87.398259 75.374651 63.156156 53.555557 45.158974 38.261429 32.068452 27.107847 22.919059 19.362566 16.373486 13.869680 11.748695 9.976124 8.495112 7.242923 6.188174 5.304914 4.561131 3.930795 3.399689 2.942241 2.562606 2.237873 1.957795 1.718612 1.512873 1.334072 1.178116 1.042678 0.924768 0.819727 0.722587 0.640945 0.564003 0.495731 0.437685
1689.198264 1611.357450 1504.695481 1400.592636 1288.870730 1165.949903 1070.897814 991.473202 917.624159 864.107055 814.337875 753.969400 676.971843 594.602040 505.894445 433.525756 376.532031 343.795884 312.497117 266.147342 220.866996 190.126706 168.735256 143.685987 119.565587 103.802631 87.842509 73.371872 63.076272 52.800582 44.644957 37.589613 31.711443 26.538632 22.350923 18.830697 15.850924 13.331799 11.243584 9.470357 7.997767 6.764377 5.731871 4.860859 4.139411 3.528883 3.016329 2.588219 2.219508 1.916409 1.658954 1.438071 1.252026 1.093036 0.956312 0.837902 0.737495 0.648825 0.572254 0.502806 0.445189 0.390751 0.343576 0.303609
1082.029450 1035.726851 961.396179 894.171361 819.274729 742.842355 681.975383 631.725554 585.098140 550.876759 520.854302 482.088539 434.604373 378.664823 320.354933 275.252965 240.168699 219.808960 199.290486 168.050941 139.434648 120.953460 107.782254 90.025038 75.215454 65.663174 54.773202 46.038574 39.362170 32.794437 27.618794 23.137831 19.381923 16.158970 13.520656 11.306836 9.453673 7.868021 6.570919 5.481107 4.568677 3.819427 3.190436 2.670547 2.240828 1.882788 1.583970 1.335006 1.124499 0.952455 0.808813 0.685138 0.584881 0.500202 0.429838 0.368730 0.319077 0.274961 0.238496 0.206972 0.180912 0.156789 0.137086 0.121507
386.217286 372.617413 335.128275 306.550255 279.981258 250.319505 235.863723 213.224514 198.889799 191.524800 181.850721 163.698253 150.815546 130.381459 107.573515 91.931985 81.938319 76.775825 68.582784 56.845437 46.823259 41.318605 38.051914 29.966114 25.067356 22.402424 17.887743 15.454660 13.131599 10.717609 9.090692 7.559813 6.255923 5.174814 4.299317 3.556792 2.945088 2.416955 1.988154 1.638998 1.329348 1.099062 0.893335 0.736236 0.600115 0.497915 0.409950 0.333413 0.275995 0.223728 0.182965 0.147669 0.122079 0.100064 0.083852 0.068554 0.057067 0.047504 0.039311 0.033294 0.028050 0.023715 0.020167 0.017867
50.008658 49.560930 39.479207 33.984376 32.705325 26.386563 27.766472 22.918239 21.726662 22.900458 21.829205 17.201176 17.184946 14.911855 11.811357 9.616242 9.200761 9.248862 7.827836 6.448360 5.090618 4.714712 4.780213 3.276460 2.711393 2.557592 1.809799 1.724163 1.452249 1.122899 0.998389 0.835010 0.672061 0.546359 0.454055 0.372486 0.304371 0.247994 0.200676 0.164329 0.126947 0.105297 0.082015 0.066953 0.051933 0.043548 0.035263 0.026988 0.022389 0.016758 0.013127 0.009446 0.007575 0.005767 0.004781 0.003587 0.002799 0.002253 0.001686 0.001388 0.001091 0.000910 0.000713 0.000626
1.654537 1.834487 1.044500 0.759867 1.145006 0.528309 0.757181 0.507390 0.484795 0.627732 0.604355 0.336508 0.418776 0.370141 0.282171 0.196115 0.226537 0.254782 0.196331 0.165901 0.110025 0.121308 0.145851 0.075794 0.061692 0.062692 0.032832 0.041368 0.034026 0.023701 0.023858 0.020651 0.015773 0.012260 0.010414 0.008546 0.006788 0.005655 0.004527 0.003738 0.002670 0.002306 0.001693 0.001391 0.001001 0.000897 0.000732 0.000510 0.000446 0.000294 0.000222 0.000128 0.000104 0.000071 0.000062 0.000041 0.000030 0.000024 0.000015 0.000013 0.000009 0.000008 0.000005 0.000005
2237.484184 2137.009893 2002.450809 1853.053970 1717.353803 1536.577942 1429.741219 1310.018539 1211.437916 1149.300574 1075.315873 995.961842 891.348264 794.026573 670.810873 575.803944 497.211253 455.902598 415.880230 356.995614 296.927416 253.988658 226.161247 194.209262 160.931758 140.396506 119.095052 100.269791 86.120391 72.172695 61.381893 52.001860 44.008601 37.024022 31.400570 26.566675 22.519567 19.165967 16.219730 13.874027 11.822144 10.109804 8.650674 7.400581 6.394309 5.491468 4.759646 4.117881 3.569553 3.117267 2.717928 2.392369 2.086466 1.842421 1.610653 1.413036 1.244401 1.074622 0.949338 0.828698 0.722945 0.626352 0.543636 0.466537
2273.108439 2157.469503 2029.771150 1882.849862 1735.706198 1556.900310 1437.279280 1327.750242 1231.442103 1161.702452 1091.800703 1016.545906 908.857480 802.129295 676.865881 579.370802 504.992046 461.380955 423.016789 357.818465 294.756428 256.013499 226.709608 193.566869 161.530439 141.106007 119.011901 100.573672 86.473762 72.608050 61.574810 52.089887 44.100228 37.128228 31.426349 26.577059 22.462103 19.088020 16.226639 13.781907 11.758237 10.054492 8.598740 7.372294 6.351406 5.475312 4.747166 4.123346 3.594521 3.134053 2.750163 2.415681 2.129303 1.882254 1.662830 1.469933 1.297802 1.147264 1.017523 0.898825 0.790871 0.697072 0.610889 0.534437
2249.772314 2131.825480 2013.225431 1861.461914 1711.908869 1537.999641 1417.820624 1312.036652 1215.549533 1144.765055 1077.038736 1003.399233 897.222859 789.594722 664.783413 568.595348 498.330210 455.080218 415.444659 350.411220 288.304288 252.529856 223.334593 188.923732 158.114901 139.180911 116.057229 98.625240 84.611458 71.011120 60.274948 51.028848 43.149143 36.299351 30.723381 26.021264 22.016662 18.701258 15.911725 13.526696 11.536748 9.887112 8.462555 7.282853 6.275784 5.445536 4.731291 4.123104 3.621099 3.156007 2.774544 2.430730 2.153348 1.906332 1.691809 1.503263 1.332817 1.189643 1.057636 0.938724 0.834832 0.742588 0.655133 0.579058
2219.556798 2113.112831 1985.664591 1839.157595 1694.432837 1524.497748 1405.961534 1299.451161 1202.397693 1135.173335 1068.437482 989.326967 885.374256 780.347653 660.783493 564.990526 493.900681 452.196347 410.132125 348.393102 288.263726 250.391933 222.264155 188.489365 157.181595 137.869817 115.712473 97.525816 83.846603 70.311699 59.742957 50.548084 42.801563 35.965409 30.459519 25.831257 21.893709 18.568088 15.799511 13.432178 11.455094 9.814203 8.405296 7.241091 6.241097 5.420053 4.711195 4.106006 3.606160 3.144462 2.761620 2.418597 2.143649 1.898877 1.687522 1.500658 1.333601 1.192834 1.058028 0.940797 0.840302 0.746667 0.659374 0.583883
2209.259236 2106.921887 1972.014420 1831.068290 1689.760378 1521.337545 1402.701377 1294.443928 1198.395047 1132.154304 1065.398254 984.801431 882.203359 778.917967 661.580865 565.836087 491.975739 450.576705 409.105875 349.443138 289.968692 249.444740 221.991120 189.550044 157.570315 137.184635 116.448893 97.284441 83.970289 70.385013 59.824141 50.569167 42.889114 36.019462 30.513360 25.880814 21.949324 18.608730 15.827216 13.453970 11.473319 9.820279 8.409999 7.235389 6.232524 5.400687 4.686879 4.079461 3.570114 3.116246 2.733570 2.399576 2.122088 1.877837 1.665858 1.478372 1.313591 1.170183 1.035895 0.917676 0.817044 0.720152 0.632978 0.559164
2214.308297 2110.249097 1975.361748 1833.714942 1692.102382 1523.796829 1405.069639 1296.004678 1199.723285 1132.624819 1065.460947 986.192745 884.166522 780.856429 662.833213 567.253507 492.149163 449.874990 409.786193 350.166973 290.571082 249.383239 221.735233 189.878314 158.001117 136.956638 116.686112 97.366526 84.101525 70.547977 59.918627 50.641543 42.970943 36.082473 30.568470 25.915433 21.964580 18.629530 15.840079 13.460623 11.474845 9.814675 8.401463 7.215930 6.213574 5.372278 4.654885 4.046453 3.532766 3.085281 2.706390 2.378328 2.098777 1.854504 1.640235 1.454282 1.289771 1.145383 1.014712 0.894810 0.792829 0.694629 0.608645 0.536123
2213.234560 2108.518037 1974.351976 1832.041095 1689.887083 1522.046566 1403.612602 1294.582369 1198.429593 1131.179658 1063.932911 985.214982 883.428313 780.111580 661.897225 566.534006 491.600039 449.052431 409.253421 349.631408 290.021778 249.011450 221.200303 189.471049 157.781687 136.654122 116.423894 97.193484 83.938857 70.432073 59.812195 50.548749 42.886670 36.008072 30.508160 25.857884 21.908416 18.584398 15.800053 13.424108 11.441862 9.783554 8.374471 7.190096 6.189847 5.349356 4.633171 4.026789 3.515069 3.069954 2.693104 2.367107 2.087090 1.843605 1.629187 1.443959 1.280295 1.136866 1.006974 0.887351 0.785515 0.687572 0.602596 0.530543
2206.304064 2102.148873 1968.360295 1826.640955 1684.737979 1517.659696 1399.378419 1290.973432 1194.966770 1127.731120 1060.638503 982.063199 880.911478 777.783677 660.108001 564.935435 490.136526 447.754457 408.064665 348.676157 289.279759 248.288117 220.551661 188.978946 157.322878 136.252987 116.101806 96.905378 83.680247 70.211429 59.623768 50.389885 42.751135 35.893747 30.405294 25.772809 21.833317 18.519709 15.742924 13.376383 11.399281 9.747643 8.342547 7.162874 6.164736 5.327626 4.614126 4.010267 3.499287 3.055961 2.680611 2.355787 2.076934 1.835031 1.622412 1.437928 1.274883 1.131884 1.002555 0.883993 0.782688 0.685750 0.601197 0.528998
2191.161695 2087.652663 1954.906806 1814.165158 1673.295657 1507.454265 1389.703334 1282.101859 1186.678794 1119.905111 1053.217265 975.282717 874.726409 772.316058 655.487920 560.982730 486.718174 444.584962 405.129859 346.219252 287.188388 246.536513 218.928181 187.603517 156.201428 135.249333 115.228432 96.171354 83.040961 69.684128 59.157119 50.001505 42.410290 35.598701 30.154463 25.551838 21.636620 18.349261 15.592277 13.245425 11.283631 9.644823 8.250748 7.081605 6.091868 5.262491 4.555783 3.956901 3.450900 3.013116 2.641521 2.321243 2.045405 1.807001 1.598168 1.416108 1.255294 1.114122 0.987414 0.870960 0.770674 0.675842 0.593157 0.521805
2148.954479 2047.192332 1916.919558 1778.936478 1640.717308 1478.328515 1362.882155 1257.383676 1163.901899 1098.486374 1033.034006 956.490462 857.933835 757.614837 642.968279 550.156244 477.365546 436.065265 397.283429 339.536496 281.621926 241.706363 214.662199 183.980624 153.111265 132.542601 112.936062 94.217671 81.339545 68.238163 57.910540 48.918912 41.489592 34.810902 29.473004 24.963453 21.124335 17.908802 15.207829 12.911899 10.992449 9.388657 8.027617 6.882602 5.917837 5.108993 4.419561 3.836358 3.342160 2.915852 2.554700 2.243006 1.975757 1.743986 1.543038 1.366649 1.211894 1.075293 0.952894 0.841906 0.745147 0.654623 0.575553 0.506268
2239.960287 2136.003282 2003.130144 1860.221585 1717.633920 1548.552740 1428.268201 1318.221124 1220.258289 1151.587776 1082.923408 1003.497749 900.424136 796.209224 676.555343 579.310417 502.256894 458.562722 418.146811 357.856209 297.044843 254.843944 226.320608 194.291246 161.724807 140.050271 119.450250 99.675812 86.101456 72.277121 61.381245 51.886584 44.063019 37.007426 31.372955 26.599767 22.543517 19.133610 16.279165 13.837430 11.801707 10.100033 8.649780 7.433856 6.403481 5.539214 4.801985 4.177647 3.648293 3.189018 2.799734 2.463558 2.173533 1.921576 1.701299 1.508601 1.338159 1.187687 1.052401 0.928957 0.821546 0.720335 0.632033 0.555070
2196.576814 2093.038760 1960.346603 1819.373297 1678.285083 1512.140053 1394.236348 1286.247768 1190.650616 1123.708125 1056.859111 978.680518 877.920688 775.349277 658.111376 563.237735 488.629496 446.356607 406.788703 347.649000 288.435777 247.569095 219.862721 188.419030 156.891997 135.851402 115.755744 96.608137 83.436488 70.017929 59.442574 50.230888 42.619299 35.776150 30.308088 25.686368 21.750027 18.446805 15.679479 13.318689 11.348258 9.701150 8.300478 7.125326 6.129974 5.297101 4.586500 3.984712 3.475138 3.034269 2.660956 2.338687 2.061484 1.821081 1.610934 1.427149 1.265548 1.123220 0.995382 0.878115 0.776989 0.681153 0.598082 0.526045
2154.552500 2051.193456 1918.811024 1779.143139 1639.584701 1476.186895 1360.168560 1254.283908 1160.438609 1094.928939 1029.356468 952.765255 854.141752 753.643274 639.201816 546.704619 474.343316 433.410545 394.787373 337.130181 279.423200 239.863648 213.063509 182.451041 151.803912 131.447927 111.930727 93.373287 80.621704 67.610566 57.384185 48.461578 41.092050 34.477452 29.186621 24.715761 20.912161 17.724927 15.049837 12.775722 10.873741 9.285974 7.936949 6.805239 5.848516 5.046559 4.365146 3.787542 3.297720 2.877486 2.520097 2.212064 1.947947 1.719006 1.519162 1.344904 1.192139 1.057597 0.937086 0.826534 0.731686 0.642152 0.563642 0.496000
2114.871131 2011.099099 1878.808156 1739.798097 1601.684183 1440.839266 1326.298449 1222.396590 1129.924002 1065.597339 1001.313532 926.278923 829.808701 731.502841 620.150338 529.903925 459.597123 419.874905 382.405857 326.374410 270.159329 231.829088 206.007137 176.358730 146.548362 126.882137 108.026007 90.032330 77.720193 65.112700 55.249064 46.606260 39.515890 33.133047 28.018919 23.715800 20.048375 16.978495 14.401251 12.215308 10.386911 8.860947 7.564956 6.478625 5.560338 4.793955 4.141365 3.588615 3.119427 2.719481 2.378203 2.085065 1.833549 1.616463 1.427468 1.262511 1.118444 0.991908 0.878388 0.774472 0.685529 0.602386 0.529147 0.465581
2077.550068 1973.144794 1840.304125 1701.829898 1564.796657 1406.492966 1292.893745 1190.802657 1099.602566 1036.324631 973.119655 899.641358 805.389372 709.284023 600.976629 512.965603 444.547117 406.179925 369.788061 315.506858 260.786023 223.609655 198.820486 170.200538 141.174476 122.243646 104.062655 86.597491 74.774808 62.560318 53.077009 44.738930 37.907909 31.767472 26.840679 22.699923 19.174008 16.225187 13.748069 11.651894 9.895597 8.432369 7.190813 6.150771 5.271801 4.539852 3.917220 3.389517 2.939326 2.561470 2.237038 1.958655 1.720015 1.514558 1.336086 1.180773 1.045120 0.925847 0.819801 0.722723 0.639784 0.563045 0.494305 0.434920
2042.542447 1937.857178 1803.492632 1665.541131 1529.105574 1373.050233 1260.372930 1159.949349 1069.736823 1007.528576 945.348647 873.292209 781.235907 687.230043 581.926996 495.986457 429.503055 392.423288 357.152097 304.664395 251.430610 215.324818 191.604546 164.019727 135.790934 117.557656 100.080994 83.148469 71.816131 60.002311 50.901819 42.885904 36.298250 30.402326 25.661168 21.688060 18.302818 15.471225 13.097854 11.089948 9.406069 8.005677 6.818610 5.824435 4.985940 4.287758 3.694732 3.192363 2.769105 2.405956 2.097533 1.833589 1.608322 1.414049 1.246373 1.100290 0.972880 0.861099 0.762231 0.671612 0.594225 0.523664 0.459974 0.404426
2010.392337 1905.341896 1768.645478 1631.031306 1494.899613 1340.738845 1228.793539 1130.071901 1040.687996 979.504105 918.536432 847.647931 757.862416 665.542536 563.042923 479.257292 414.582496 378.856584 344.659242 293.877824 242.113831 207.085930 184.420150 157.854704 130.419285 112.862934 96.121106 79.724388 68.884779 57.469446 48.760027 40.998989 34.710701 29.053709 24.500734 20.691947 17.448308 14.732586 12.456931 10.538769 8.925707 7.586935 6.452945 5.504643 4.705146 4.039910 3.476339 2.998816 2.597922 2.252715 1.961257 1.711104 1.498187 1.315870 1.158167 1.021173 0.902420 0.797838 0.705168 0.621583 0.550039 0.485032 0.426000 0.374469
1981.377659 1875.942369 1735.580931 1598.697951 1462.214361 1309.816445 1198.428823 1101.254408 1012.725153 952.723926 893.189611 823.049647 735.420285 644.461625 544.576245 462.813356 399.980289 365.690884 332.418859 283.257084 232.974422 198.952493 177.361865 151.723899 125.161248 108.221651 92.189448 76.347977 66.022069 54.994698 46.668542 39.209874 33.161717 27.740839 23.371370 19.727173 16.621769 14.013570 11.834535 10.002715 8.460414 7.180365 6.098627 5.192770 4.431823 3.798182 3.263783 2.810144 2.426283 2.103724 1.827626 1.592337 1.391543 1.220406 1.072678 0.944372 0.833799 0.736271 0.650112 0.573006 0.506649 0.447093 0.392880 0.345209
1955.654875 1850.001761 1704.393538 1568.541265 1431.259227 1280.269511 1169.514241 1073.627169 986.213299 927.464461 869.554409 799.677667 714.450898 624.276514 526.543704 446.769450 385.804744 353.008078 320.608280 272.884733 224.071916 191.033643 170.472557 145.659252 120.039024 103.644831 88.348412 73.055504 63.239735 52.608544 44.648487 37.494149 31.666654 26.473475 22.284117 18.797807 15.830005 13.324447 11.235892 9.487167 8.012738 6.788995 5.756756 4.892078 4.168844 3.564409 3.057219 2.626508 2.265248 1.959079 1.698663 1.477308 1.288688 1.128269 0.990304 0.870421 0.767636 0.677193 0.596897 0.526081 0.465167 0.410553 0.360830 0.316939
1933.410859 1828.006413 1675.412490 1541.054008 1402.143536 1252.232310 1142.158075 1047.504372 961.273501 903.893611 848.014815 777.829330 695.036295 605.121128 509.130744 431.242948 372.174667 340.990061 309.267004 262.779376 215.455577 183.416455 163.810349 139.690068 115.096228 99.187205 84.600658 69.883285 60.561037 50.328658 42.726615 35.837397 30.239968 25.264525 21.249726 17.916440 15.082462 12.670846 10.665824 8.997360 7.587015 6.415446 5.429214 4.604937 3.917702 3.340312 2.859188 2.450643 2.107884 1.819666 1.574989 1.366719 1.190044 1.040117 0.911033 0.799621 0.704292 0.620502 0.546095 0.481332 0.425263 0.375592 0.330092 0.289854
2332.588545 2229.406075 2094.430791 1951.450802 1807.846531 1636.748609 1518.636584 1410.208546 1313.449988 1245.558612 1173.554253 1084.567259 968.338061 852.183383 724.396169 626.659738 551.780139 507.198623 458.457591 386.879705 322.758091 282.719324 251.138518 212.111991 178.424924 156.052052 131.705290 110.965035 95.887884 80.677695 68.702859 58.209521 49.558638 41.754418 35.499596 30.195921 25.685434 21.882841 18.688730 15.954848 13.666272 11.749186 10.111697 8.731424 7.559853 6.575793 5.731329 5.013798 4.396467 3.868955 3.414698 3.018948 2.676119 2.375316 2.110646 1.875980 1.667711 1.480406 1.310996 1.157934 1.021121 0.894687 0.782938 0.682364
2287.175222 2183.803034 2049.392154 1906.921319 1764.207959 1594.787088 1476.712233 1368.450870 1272.284744 1204.678030 1134.657740 1049.153400 938.064832 826.335380 701.859953 605.023057 530.335344 486.787723 441.291228 373.681730 310.988890 270.750021 240.688762 204.172127 171.032460 149.250042 126.320922 106.054527 91.675107 77.042795 65.559780 55.454712 47.191587 39.716869 33.726362 28.650527 24.338152 20.704593 17.653979 15.047404 12.866973 11.041596 9.485033 8.174651 7.063225 6.131170 5.331988 4.654257 4.078991 3.576441 3.150496 2.780766 2.460577 2.180786 1.934709 1.718444 1.526594 1.355280 1.200533 1.060544 0.936264 0.820515 0.719006 0.628480
2243.777519 2140.324412 2006.600553 1865.050256 1722.888704 1555.212653 1437.210536 1329.361404 1233.475139 1166.398866 1097.885571 1015.779605 909.593530 801.972840 680.846528 584.894718 510.461797 467.688175 424.974647 361.278508 300.105895 259.674411 230.850250 196.700158 164.243063 142.880563 121.290165 101.551326 87.756032 73.685168 62.642453 52.950422 45.010043 37.835774 32.092184 27.233416 23.099112 19.624254 16.707399 14.219948 12.138328 10.398245 8.916349 7.669464 6.614261 5.729576 4.973786 4.331483 3.787576 3.314986 2.913975 2.566579 2.267746 2.006542 1.777937 1.577475 1.400254 1.243341 1.101178 0.972684 0.859656 0.753784 0.660700 0.579526
2202.445960 2098.878138 1966.106429 1825.183165 1683.910021 1517.894657 1400.093980 1292.435081 1197.092308 1130.206648 1063.210282 984.290634 882.466374 778.993326 661.112835 566.287546 492.018173 449.823355 409.637754 349.554043 290.058078 249.489561 221.640136 189.643333 157.987274 136.967137 116.585320 97.379128 84.107302 70.585831 59.941650 50.667878 42.993520 36.101671 30.587936 25.926790 21.962931 18.636464 15.841370 13.462818 11.474224 9.812672 8.399061 7.213102 6.208026 5.366295 4.648524 4.040843 3.525826 3.079762 2.702200 2.376035 2.094613 1.851229 1.638013 1.451550 1.287666 1.142965 1.012553 0.893587 0.790597 0.693312 0.608436 0.534706
2163.105522 2059.704416 1927.442631 1787.407382 1647.203280 1482.614642 1365.222124 1257.958809 1162.833679 1096.371661 1030.585076 954.548455 856.918720 757.222245 642.652881 549.041474 474.946388 433.085048 395.120800 338.571294 280.767950 240.059258 212.961068 183.026468 152.243854 131.457053 112.218187 93.521546 80.703188 67.721716 57.438868 48.516900 41.130191 34.500915 29.203656 24.728741 20.920200 17.724980 15.048506 12.769068 10.867553 9.279622 7.929889 6.796467 5.840424 5.037781 4.355703 3.778396 3.288025 2.868602 2.511570 2.204135 1.940355 1.711725 1.512599 1.339099 1.186423 1.052738 0.932463 0.822551 0.728300 0.638771 0.560949 0.494043
2125.520408 2022.397532 1891.045769 1751.770145 1612.494438 1449.525251 1332.326794 1225.459539 1130.679284 1064.414345 999.861773 926.461871 832.775634 736.878974 625.490694 533.020951 459.063950 417.447038 381.430976 328.195593 272.211038 231.362771 204.831055 176.834053 146.977810 126.313356 108.129037 89.979660 77.533226 65.080146 55.114489 46.502753 39.409827 33.024138 27.927505 23.623840 19.961712 16.892167 14.323300 12.136755 10.315675 8.792534 7.500353 6.418676 5.505973 4.739906 4.090745 3.541617 3.074725 2.678221 2.339854 2.050188 1.801265 1.586796 1.400572 1.238206 1.095665 0.971643 0.860727 0.758607 0.671790 0.589754 0.517905 0.456962
2089.937583 1986.902478 1856.348922 1718.061192 1579.728944 1418.310694 1301.485423 1194.888161 1100.417420 1034.438833 970.903750 899.975608 809.957125 717.723479 609.475528 518.218524 444.432966 402.789717 368.449777 318.425206 264.344466 223.348985 197.161002 171.046092 142.136696 121.513270 104.309312 86.696151 74.582041 62.636095 52.957529 44.667715 37.821457 31.658473 26.750096 22.606961 19.079718 16.125551 13.657097 11.557039 9.809165 8.348188 7.111930 6.074546 5.203497 4.471069 3.850811 3.328257 2.881781 2.506635 2.185691 1.911166 1.676556 1.474648 1.299807 1.147680 1.014454 0.898723 0.795438 0.701172 0.620623 0.545349 0.479223 0.422986
2056.019348 1953.340233 1823.846414 1686.168603 1548.692026 1388.882018 1272.583464 1166.246770 1072.064922 1006.183705 943.565874 874.999080 788.343716 699.654898 594.583969 504.511068 430.881398 389.134966 356.193484 309.211997 257.066353 215.971457 189.960663 165.647790 137.691567 117.033900 100.751023 83.668698 71.824645 60.378512 50.961795 42.989852 36.350096 30.396963 25.666879 21.671633 18.269563 15.424720 13.047180 11.026617 9.347009 7.942036 6.756813 5.762963 4.928625 4.226549 3.633647 3.134742 2.707914 2.352046 2.046543 1.786297 1.564394 1.373366 1.209567 1.065904 0.941210 0.832927 0.736549 0.649242 0.574597 0.505450 0.444395 0.392279
2023.807536 1921.542606 1792.647129 1656.129360 1519.424753 1361.222203 1245.290068 1139.365043 1045.431985 979.687391 917.937476 851.337955 768.007292 682.612080 580.636774 491.867784 418.316727 376.307217 344.558530 300.569678 250.377621 209.178262 183.179843 160.591912 133.625841 112.875762 97.416442 80.880112 69.262881 58.299901 49.105071 41.392803 34.989594 29.239272 24.669152 20.809245 17.525306 14.778207 12.487757 10.541339 8.925362 7.573067 6.433269 5.478038 4.679114 4.004758 3.437308 2.960107 2.559877 2.212034 1.921183 1.673659 1.463308 1.282810 1.128124 0.992333 0.875297 0.773460 0.683132 0.602281 0.532559 0.468972 0.412510 0.363884
1993.123846 1891.285670 1763.485270 1627.730424 1491.900230 1335.255125 1219.675062 1114.231117 1020.539094 954.871452 893.713260 828.981494 748.706246 666.630392 567.675442 480.223228 406.740226 364.300181 333.592071 292.415983 244.268652 202.928088 176.805078 155.845701 129.907435 108.999415 94.322521 78.309540 66.865834 56.381742 47.386785 39.939960 33.736751 28.165541 23.747654 20.017298 16.840451 14.186285 11.974335 10.096400 8.539290 7.235144 6.138432 5.219524 4.451967 3.803512 3.258793 2.801804 2.411738 2.085611 1.807479 1.572315 1.372308 1.200842 1.055026 0.926438 0.815478 0.719888 0.634985 0.559704 0.494683 0.435796 0.383363 0.337906
2133.752385 2040.453689 1917.957305 1786.315838 1652.687509 1493.471562 1379.991354 1275.052551 1182.778692 1117.287286 1051.534676 974.106031 874.081078 771.553756 654.442047 559.385434 484.810701 442.057236 402.173529 342.731556 283.572015 242.730488 214.797772 183.513499 152.167558 131.202379 111.284696 92.410869 79.394323 66.300988 55.955582 46.998953 39.653393 33.067831 27.834478 23.426017 19.694290 16.582809 13.980057 11.786539 9.958210 8.441731 7.160516 6.093473 5.195874 4.447773 3.815152 3.283501 2.836665 2.455264 2.133094 1.856803 1.621877 1.419581 1.246228 1.094980 0.963433 0.847824 0.746608 0.655433 0.574647 0.502811 0.439114 0.381762
2145.845974 2050.404581 1925.673316 1792.161675 1656.958674 1496.321984 1381.891271 1276.434901 1183.301463 1117.608335 1051.674626 974.169548 874.109435 771.538928 654.515351 559.660004 485.103617 442.514451 402.736517 343.422666 284.311006 243.512228 215.678852 184.373197 153.014766 132.056306 112.120266 93.202743 80.170490 67.025092 56.638158 47.642147 40.239941 33.607594 28.327681 23.875527 20.104828 16.956581 14.318836 12.093728 10.236801 8.693885 7.388721 6.292133 5.381713 4.617416 3.969230 3.422439 2.959296 2.569552 2.237186 1.951575 1.708260 1.498512 1.317574 1.159867 1.022288 0.901391 0.794991 0.698742 0.613756 0.537597 0.470012 0.409674
2158.113088 2060.493142 1933.528270 1797.878956 1661.220554 1499.106484 1383.691464 1277.761833 1183.998172 1117.943774 1051.851264 974.227470 874.068666 771.586498 654.629741 559.893072 485.447717 443.003204 403.309450 344.132789 285.062418 244.287088 216.534319 185.242623 153.882669 132.922235 112.968986 94.019003 80.960026 67.755010 57.330864 48.296206 40.836910 34.153882 28.828985 24.336511 20.526344 17.338506 14.668156 12.408830 10.523267 8.952485 7.623735 6.511924 5.574925 4.791959 4.127643 3.566608 3.092472 2.689159 2.345403 2.050438 1.798466 1.581031 1.391982 1.227797 1.084307 0.958030 0.846076 0.744032 0.655242 0.574123 0.502721 0.439273
2170.574863 2070.696304 1941.405721 1803.696257 1665.349076 1501.925861 1385.650393 1279.020011 1184.619644 1118.344463 1052.096878 974.338238 874.021456 771.589559 654.801660 560.129092 485.807798 443.497938 403.884480 344.848402 285.809006 245.109784 217.425562 186.109575 154.748063 133.805162 113.837356 94.840203 81.763323 68.497518 58.031617 48.946533 41.442463 34.711980 29.340973 24.805570 20.953641 17.730136 15.025342 12.731075 10.815858 9.219733 7.864830 6.730832 5.773974 4.972969 4.291740 3.716729 3.228546 2.813119 2.458569 2.154241 1.892754 1.667035 1.470913 1.299369 1.149605 1.017481 0.899687 0.792322 0.698949 0.612844 0.536976 0.470649
2182.981883 2080.723405 1949.336280 1809.640218 1669.589934 1504.599027 1387.632982 1280.335109 1185.309558 1118.747056 1052.201170 974.365690 874.009048 771.729460 654.886266 560.399273 486.153239 443.995045 404.518060 345.548944 286.550859 245.910499 218.311065 186.989442 155.626233 134.679236 114.698460 95.667960 82.566607 69.246272 58.746390 49.615673 42.058696 35.278036 29.860080 25.281868 21.392141 18.127524 15.391006 13.060323 11.117571 9.492502 8.114167 6.957004 5.979178 5.160453 4.462124 3.872222 3.372889 2.941742 2.576748 2.262167 1.991369 1.757451 1.552932 1.374869 1.217648 1.079912 0.956337 0.843150 0.745735 0.653902 0.573245 0.503718
2195.764867 2091.058963 1957.449572 1815.562792 1674.110154 1507.475440 1389.429079 1281.671760 1186.073082 1119.112506 1052.474471 974.476345 874.035742 771.749013 655.044009 560.666999 486.507563 444.499108 405.142671 346.281306 287.316732 246.746939 219.196638 187.894319 156.510374 135.571205 115.563375 96.506139 83.376357 70.008350 59.464837 50.282957 42.681019 35.853579 30.391275 25.769446 21.837339 18.532994 15.763338 13.399645 11.425897 9.774725 8.369331 7.189007 6.191150 5.352975 4.638581 4.033224 3.520088 3.076458 2.699468 2.374691 2.094784 1.851957 1.639446 1.453851 1.289812 1.145801 1.015732 0.896826 0.794117 0.696803 0.612062 0.538846
2208.606689 2101.276847 1965.289790 1821.397248 1678.286737 1510.311420 1391.471187 1282.964127 1186.811164 1119.561221 1052.607833 974.535104 873.970474 771.862064 655.139271 560.897113 486.839891 444.986899 405.768135 346.968276 288.090711 247.573467 220.084419 188.807903 157.404075 136.475794 116.445781 97.354525 84.203837 70.772678 60.195324 50.956393 43.316426 36.439691 30.927613 26.265500 22.293810 18.951660 16.146374 13.746499 11.743436 10.064010 8.634137 7.428133 6.408890 5.552266 4.821015 4.200015 3.673263 3.215904 2.827496 2.491304 2.202475 1.950490 1.730341 1.536730 1.365669 1.214767 1.078117 0.953999 0.845686 0.742701 0.652920 0.575691
2221.371777 2111.631528 1973.128181 1827.447047 1682.597606 1513.249800 1393.598037 1284.252633 1187.575324 1120.081871 1052.895820 974.744025 874.011896 771.895392 655.260299 561.195431 487.231526 445.506651 406.391184 347.719276 288.888461 248.396055 220.973643 189.739003 158.300569 137.380347 117.334980 98.215829 85.040290 71.555124 60.938668 51.643028 43.959459 37.028690 31.477951 26.773553 22.758947 19.376288 16.538338 14.101068 12.067949 10.361336 8.904699 7.676023 6.635636 5.759634 5.010538 4.373209 3.831985 3.360714 2.960610 2.613281 2.314007 2.053408 1.825349 1.623869 1.445204 1.287151 1.143621 1.013828 0.899633 0.791620 0.696975 0.614903
2234.501272 2122.124723 1981.261957 1833.445513 1686.939959 1516.162870 1395.526992 1285.509809 1188.365468 1120.527091 1053.072724 974.811732 874.018177 771.967990 655.451668 561.427951 487.601012 445.993810 407.006711 348.458365 289.640389 249.229742 221.894264 190.700043 159.208440 138.298255 118.237261 99.084196 85.877818 72.348628 61.690484 52.329823 44.614516 37.636228 32.035850 27.288659 23.230780 19.811180 16.937926 14.465997 12.401360 10.666719 9.183064 7.928746 6.867379 5.972183 5.205366 4.553075 3.996646 3.512052 3.099020 2.740526 2.431233 2.160807 1.925612 1.715090 1.529148 1.362848 1.212285 1.077449 0.956309 0.842902 0.743866 0.655589
2247.725944 2132.550873 1989.112699 1839.432628 1691.228644 1518.930112 1397.574340 1286.944180 1189.127332 1121.019333 1053.311636 975.043220 874.024523 772.059254 655.486534 561.732482 488.016125 446.523219 407.673183 349.198498 290.434553 250.100398 222.790530 191.657876 160.112667 139.227878 119.129801 99.952460 86.733314 73.143530 62.445697 53.031843 45.276889 38.250524 32.603043 27.815744 23.716404 20.255151 17.349101 14.839154 12.742979 10.979658 9.469108 8.190726 7.106937 6.191824 5.407596 4.737972 4.167375 3.668576 3.243325 2.873052 2.553119 2.273526 2.029509 1.810656 1.616726 1.442642 1.284560 1.143566 1.016015 0.897475 0.792950 0.698714
