# mean(lg_P) also median/mode
3.340329 3.319312 3.290768 3.258316 3.223191 3.177854 3.142547 3.107535 3.073983 3.048813 3.022154 2.988780 2.941509 2.887485 2.816222 2.748607 2.686924 2.647601 2.607233 2.538966 2.457803 2.391511 2.339938 2.272878 2.193352 2.130757 2.061218 1.982634 1.918900 1.842765 1.771613 1.698508 1.627026 1.551009 1.478908 1.406983 1.334678 1.263155 1.192471 1.121550 1.051949 0.983752 0.915979 0.849521 0.784207 0.720650 0.657981 0.596856 0.537344 0.478370 0.421194 0.365028 0.310220 0.256254 0.202929 0.150349 0.098043 0.046355 -0.006312 -0.060707 -0.113832 -0.170753 -0.227404 -0.283217
3.381365 3.351279 3.312773 3.270261 3.225905 3.172304 3.132652 3.096088 3.063660 3.041052 3.015461 2.977670 2.919546 2.850121 2.765075 2.694812 2.642429 2.611909 2.563984 2.475596 2.386995 2.334611 2.284180 2.198153 2.120163 2.064051 1.981279 1.905992 1.837756 1.759542 1.685916 1.609834 1.536090 1.457552 1.382682 1.308163 1.232770 1.158307 1.084283 1.010222 0.937217 0.865210 0.793811 0.723282 0.654002 0.586077 0.519193 0.453499 0.388678 0.326131 0.264364 0.203733 0.144568 0.086375 0.029278 -0.026888 -0.082255 -0.136743 -0.191408 -0.247169 -0.301075 -0.357756 -0.414413 -0.469227
3.385499 3.358462 3.323493 3.284301 3.243127 3.191725 3.152747 3.115277 3.080263 3.054770 3.027147 2.990362 2.936621 2.874343 2.795006 2.724109 2.664572 2.628219 2.583851 2.505298 2.418388 2.356622 2.305368 2.228677 2.147745 2.087317 2.010739 1.932282 1.865791 1.787357 1.714197 1.638824 1.565193 1.486985 1.412530 1.338415 1.263667 1.189817 1.116660 1.043035 0.970796 0.899905 0.829293 0.759917 0.691451 0.624809 0.558958 0.494390 0.431073 0.369792 0.309251 0.249682 0.191957 0.134937 0.078681 0.023665 -0.030774 -0.084495 -0.138607 -0.194096 -0.248219 -0.305068 -0.362115 -0.417811
3.332973 3.314662 3.289162 3.260113 3.228590 3.187180 3.155814 3.124445 3.094200 3.071276 3.045739 3.012412 2.965156 2.911866 2.843780 2.782009 2.726654 2.689717 2.647321 2.576625 2.499627 2.441247 2.390507 2.320049 2.245342 2.187324 2.115732 2.041479 1.979316 1.904913 1.836159 1.764958 1.695840 1.622263 1.552467 1.482898 1.413467 1.344597 1.276601 1.208822 1.142237 1.077218 1.012694 0.949600 0.887816 0.827798 0.768738 0.711241 0.654855 0.599965 0.546381 0.493527 0.441870 0.390745 0.340322 0.289885 0.239411 0.188220 0.136075 0.082935 0.029055 -0.027698 -0.085307 -0.143858
3.389390 3.370715 3.344709 3.314751 3.282025 3.238474 3.204816 3.170656 3.137207 3.111963 3.085298 3.052690 3.007334 2.956918 2.889081 2.823242 2.760165 2.718752 2.679219 2.614998 2.537321 2.469314 2.416217 2.353114 2.275467 2.211274 2.144385 2.066799 2.003950 1.929707 1.859482 1.788227 1.718503 1.644105 1.574054 1.504052 1.434297 1.365185 1.297128 1.228936 1.162206 1.097197 1.032599 0.969712 0.907841 0.847857 0.788903 0.731572 0.675831 0.620643 0.567075 0.514235 0.462164 0.410662 0.359393 0.308787 0.257526 0.205148 0.152238 0.098290 0.042690 -0.016134 -0.074565 -0.135313
3.210345 3.193499 3.169926 3.142194 3.111479 3.071136 3.037989 3.004199 2.970931 2.944876 2.918199 2.887301 2.845897 2.799077 2.735615 2.670192 2.605472 2.560769 2.522245 2.464446 2.389846 2.317794 2.261854 2.203791 2.127509 2.058711 1.994060 1.916221 1.850789 1.777119 1.704735 1.632056 1.560198 1.483934 1.411592 1.339008 1.265660 1.193031 1.121103 1.049063 0.978149 0.908119 0.838745 0.770169 0.703191 0.637284 0.572417 0.509233 0.446849 0.385806 0.326195 0.268309 0.211201 0.155818 0.101224 0.047173 -0.006217 -0.058161 -0.110734 -0.164975 -0.217125 -0.271779 -0.327146 -0.380979
3.312593 3.284971 3.249431 3.209778 3.168077 3.117174 3.078438 3.042003 3.008939 2.984842 2.958296 2.921393 2.866349 2.801141 2.719943 2.650067 2.595086 2.561618 2.515484 2.432391 2.344724 2.288363 2.237842 2.156103 2.076099 2.018938 1.938387 1.861327 1.793657 1.714548 1.640791 1.564724 1.489649 1.410488 1.334722 1.259226 1.182788 1.107108 1.031759 0.956605 0.882248 0.808638 0.735700 0.663366 0.592508 0.522554 0.453804 0.386123 0.319380 0.254557 0.190799 0.128290 0.067148 0.007176 -0.051279 -0.109240 -0.165835 -0.221072 -0.276723 -0.332574 -0.386550 -0.442213 -0.498231 -0.551835
3.401620 3.380478 3.351960 3.319766 3.285360 3.240876 3.207701 3.175198 3.143970 3.120595 3.094139 3.058454 3.007129 2.949763 2.877882 2.815234 2.760928 2.724745 2.679111 2.602825 2.524253 2.468696 2.416422 2.340684 2.267004 2.209116 2.133689 2.060459 1.996296 1.921740 1.851672 1.780216 1.710171 1.635877 1.565593 1.495550 1.425653 1.356430 1.288358 1.219912 1.153173 1.087901 1.023245 0.960139 0.898064 0.837976 0.778790 0.721181 0.665298 0.609917 0.556149 0.503175 0.451282 0.399527 0.348286 0.297517 0.246216 0.194368 0.141466 0.086845 0.032380 -0.026379 -0.085465 -0.144747
3.227542 3.203707 3.172102 3.136313 3.097499 3.049087 3.009881 2.971699 2.936328 2.910007 2.883880 2.851915 2.806230 2.751030 2.676477 2.602643 2.536019 2.495865 2.459040 2.393601 2.308204 2.234341 2.183532 2.120167 2.035868 1.969262 1.901664 1.819259 1.753737 1.675613 1.601970 1.525784 1.451759 1.372767 1.297632 1.222242 1.145912 1.069928 0.994589 0.919032 0.844557 0.770437 0.697048 0.624155 0.552957 0.481812 0.412037 0.343689 0.276093 0.209872 0.144812 0.081643 0.018923 -0.042105 -0.102572 -0.161123 -0.219040 -0.275171 -0.331355 -0.388003 -0.442368 -0.498315 -0.553852 -0.606889
3.398892 3.379698 3.353152 3.322624 3.289505 3.245754 3.212274 3.178646 3.146078 3.121812 3.095742 3.063028 3.016603 2.964712 2.895688 2.830384 2.769528 2.730193 2.690412 2.623538 2.545162 2.480270 2.428667 2.363001 2.286083 2.224198 2.156090 2.079812 2.017600 1.943464 1.874243 1.803608 1.734265 1.660744 1.591327 1.522138 1.453476 1.384961 1.317952 1.250569 1.185001 1.120848 1.057340 0.995193 0.934587 0.875523 0.817464 0.761127 0.705817 0.652109 0.599352 0.547412 0.496206 0.445168 0.394248 0.344056 0.292979 0.240806 0.187898 0.133286 0.077581 0.018007 -0.041413 -0.102021
3.291191 3.275169 3.252357 3.225775 3.196338 3.156476 3.124802 3.091804 3.059056 3.033244 3.006128 2.974139 2.931614 2.885290 2.822780 2.759839 2.696552 2.651866 2.611590 2.552480 2.479962 2.410146 2.353768 2.294190 2.219758 2.152404 2.087240 2.010772 1.946420 1.873388 1.802423 1.730805 1.660906 1.586193 1.515511 1.444877 1.374028 1.303905 1.234676 1.165326 1.097216 1.030748 0.964555 0.899925 0.836333 0.774748 0.713900 0.654652 0.597339 0.539998 0.484677 0.430281 0.376933 0.324589 0.273069 0.221508 0.170498 0.118405 0.065971 0.012702 -0.041151 -0.098243 -0.155094 -0.213308
3.432475 3.403122 3.365622 3.323766 3.280227 3.226448 3.186741 3.149496 3.115646 3.091757 3.065071 3.027307 2.969968 2.902748 2.818941 2.748072 2.692553 2.659955 2.613228 2.527449 2.438730 2.382972 2.332404 2.249215 2.169362 2.112046 2.031163 1.954342 1.887098 1.808470 1.735093 1.659344 1.585769 1.507489 1.432971 1.359004 1.284112 1.210447 1.137343 1.063884 0.991954 0.921202 0.850863 0.781857 0.713683 0.647343 0.581822 0.517744 0.455125 0.393951 0.333695 0.274482 0.217136 0.160106 0.104235 0.049273 -0.005317 -0.059192 -0.112994 -0.169315 -0.223344 -0.280945 -0.338461 -0.394196
3.322737 3.295095 3.259396 3.219718 3.178079 3.127023 3.087743 3.050575 3.016129 2.990697 2.963056 2.925452 2.870470 2.806162 2.725866 2.655136 2.597643 2.562310 2.515949 2.434444 2.346612 2.287118 2.235550 2.155570 2.074364 2.014701 1.935470 1.856798 1.788749 1.709091 1.634612 1.557875 1.482218 1.402385 1.326033 1.249817 1.172995 1.096539 1.020547 0.944568 0.869471 0.795208 0.721484 0.648498 0.576813 0.506098 0.436453 0.367913 0.300957 0.234586 0.169664 0.106351 0.044189 -0.016637 -0.076415 -0.135245 -0.192876 -0.249758 -0.306550 -0.362725 -0.418356 -0.475518 -0.531776 -0.586793
3.293887 3.274227 3.247461 3.217119 3.184372 3.142294 3.110367 3.078809 3.048953 3.026213 3.000627 2.966384 2.917434 2.861753 2.791916 2.730034 2.676550 2.640640 2.596500 2.522747 2.444805 2.388684 2.337695 2.264087 2.189449 2.132192 2.058163 1.984012 1.920606 1.845405 1.775726 1.703602 1.633002 1.558256 1.487109 1.416176 1.345029 1.274366 1.204562 1.134885 1.066297 0.999097 0.932440 0.866868 0.802690 0.740134 0.678613 0.618528 0.560158 0.502007 0.445935 0.390783 0.336956 0.284144 0.232155 0.180358 0.129062 0.078122 0.025992 -0.027553 -0.079254 -0.134844 -0.191555 -0.246381
3.356711 3.338560 3.313188 3.283755 3.251553 3.208644 3.175118 3.141002 3.107656 3.082546 3.056164 3.024405 2.980495 2.931474 2.864814 2.799173 2.735467 2.693308 2.654563 2.592842 2.516641 2.447359 2.393494 2.332336 2.256364 2.190768 2.125160 2.048550 1.985323 1.912159 1.841954 1.771206 1.701725 1.627844 1.558016 1.488320 1.418751 1.349800 1.281947 1.213859 1.147359 1.082367 1.017758 0.954805 0.892967 0.833008 0.773969 0.716534 0.660569 0.605409 0.551732 0.498917 0.447057 0.395989 0.345009 0.294631 0.244078 0.192224 0.139667 0.086520 0.031853 -0.026378 -0.084031 -0.143180
3.296365 3.279508 3.255261 3.227390 3.196385 3.155229 3.122512 3.089047 3.056444 3.031585 3.005671 2.974871 2.932799 2.885371 2.820729 2.755643 2.691929 2.649346 2.611433 2.552228 2.477161 2.406758 2.352843 2.294213 2.217748 2.151409 2.087458 2.009986 1.946834 1.873728 1.803300 1.731943 1.662494 1.588132 1.517936 1.447622 1.377246 1.307550 1.238626 1.170023 1.102218 1.036234 0.970573 0.906345 0.843442 0.782202 0.722000 0.663358 0.606379 0.549639 0.494885 0.441069 0.388355 0.336758 0.285679 0.234876 0.184199 0.133726 0.081856 0.029165 -0.023257 -0.079124 -0.135235 -0.191729
3.304792 3.278125 3.243256 3.204600 3.163732 3.113742 3.075770 3.039917 3.007593 2.984389 2.958833 2.922983 2.869484 2.805375 2.725187 2.655594 2.600692 2.568196 2.523744 2.442229 2.355144 2.298140 2.249661 2.169493 2.089378 2.032942 1.954278 1.876704 1.811066 1.732199 1.659892 1.584091 1.510513 1.432379 1.357698 1.283319 1.208046 1.133458 1.059356 0.985358 0.912217 0.840023 0.768335 0.697448 0.627968 0.559538 0.492310 0.426160 0.361078 0.297524 0.235364 0.174392 0.114611 0.056189 -0.001204 -0.057693 -0.113333 -0.167354 -0.221956 -0.277765 -0.330846 -0.386517 -0.442479 -0.495791
3.395138 3.370293 3.337937 3.301803 3.263693 3.215481 3.179389 3.144419 3.111136 3.086075 3.058072 3.020319 2.965833 2.904456 2.828426 2.762777 2.707070 2.670083 2.622402 2.542417 2.460424 2.403573 2.350019 2.270973 2.195023 2.135451 2.057385 1.982206 1.915441 1.838698 1.766115 1.692174 1.619371 1.542449 1.469210 1.396311 1.323267 1.250734 1.179129 1.107248 1.036813 0.967672 0.898941 0.831549 0.765164 0.700713 0.637123 0.574844 0.514182 0.454676 0.396449 0.339170 0.283466 0.228295 0.174352 0.120765 0.067605 0.014013 -0.039163 -0.093977 -0.148697 -0.205979 -0.263425 -0.320669
3.320035 3.295406 3.262593 3.225627 3.186081 3.136417 3.097131 3.058835 3.022830 2.996342 2.969239 2.935560 2.887380 2.830618 2.754854 2.681591 2.615924 2.576268 2.537101 2.468227 2.382202 2.311487 2.260127 2.192872 2.109684 2.044773 1.974121 1.893364 1.827478 1.749486 1.676196 1.600485 1.527019 1.448597 1.373901 1.299451 1.224360 1.149817 1.075640 1.002004 0.928820 0.856909 0.785452 0.714892 0.645709 0.577792 0.510961 0.445228 0.380525 0.317575 0.256106 0.195505 0.136609 0.079002 0.022698 -0.033212 -0.088148 -0.141769 -0.195826 -0.249703 -0.303702 -0.357551 -0.412336 -0.467523
3.291314 3.271313 3.244065 3.212771 3.178779 3.134794 3.099742 3.064710 3.030636 3.004616 2.977344 2.944201 2.898313 2.846112 2.776982 2.709568 2.646402 2.604801 2.564492 2.499124 2.419322 2.350365 2.297152 2.232644 2.152865 2.087778 2.019526 1.939952 1.875213 1.798940 1.726675 1.652547 1.580454 1.503405 1.430247 1.357220 1.283524 1.210492 1.138336 1.065813 0.994534 0.924449 0.854820 0.786382 0.719162 0.653157 0.588358 0.524930 0.462250 0.401884 0.342371 0.284169 0.227156 0.171451 0.116352 0.062066 0.008487 -0.043676 -0.096599 -0.151937 -0.204497 -0.260934 -0.317217 -0.371067
3.357046 3.344306 3.325014 3.302005 3.276257 3.239943 3.212283 3.183439 3.154688 3.132620 3.108531 3.078887 3.037757 2.993179 2.933000 2.874570 2.816773 2.776769 2.738740 2.678935 2.608574 2.545577 2.493936 2.434112 2.362371 2.301413 2.237705 2.164474 2.105355 2.034892 1.968626 1.901488 1.835861 1.765771 1.700277 1.634709 1.569962 1.505517 1.442546 1.379796 1.318634 1.258841 1.200017 1.142742 1.087165 1.032666 0.979452 0.927765 0.877019 0.827537 0.778853 0.730328 0.682027 0.633686 0.584727 0.535198 0.484437 0.432106 0.378579 0.321938 0.263379 0.201775 0.139252 0.074033
3.392412 3.366124 3.331482 3.293166 3.252801 3.202894 3.166289 3.131580 3.100133 3.077726 3.052048 3.015060 2.959732 2.895033 2.814862 2.748185 2.696045 2.663886 2.616782 2.532636 2.448232 2.396119 2.345111 2.262243 2.187012 2.131054 2.050565 1.977351 1.910865 1.834606 1.762770 1.689421 1.617028 1.540675 1.468016 1.395678 1.323049 1.251242 1.179921 1.108799 1.038791 0.970136 0.901945 0.835054 0.769243 0.705305 0.642335 0.580694 0.520611 0.461335 0.403821 0.347072 0.292198 0.237977 0.185176 0.132122 0.080052 0.027614 -0.024764 -0.078053 -0.131720 -0.187369 -0.243572 -0.300275
3.342595 3.312711 3.274397 3.231548 3.186458 3.131195 3.088156 3.047161 3.009654 2.982911 2.955440 2.919628 2.866760 2.803064 2.719493 2.641596 2.576286 2.539603 2.498942 2.422224 2.329294 2.259523 2.210201 2.136449 2.048512 1.985278 1.910349 1.826480 1.759244 1.677768 1.602486 1.523877 1.447967 1.366671 1.289309 1.212064 1.133680 1.055952 0.978746 0.901264 0.824711 0.749010 0.673596 0.599117 0.525634 0.453137 0.381655 0.311195 0.242004 0.174070 0.107219 0.041735 -0.022507 -0.085503 -0.147723 -0.208314 -0.267858 -0.326061 -0.384438 -0.442671 -0.498896 -0.557091 -0.614408 -0.669146
3.393907 3.372834 3.344369 3.312261 3.277659 3.232566 3.198259 3.164004 3.130746 3.105552 3.078176 3.043114 2.993818 2.939029 2.868058 2.802898 2.743399 2.704144 2.661084 2.589822 2.510328 2.447759 2.395188 2.324730 2.247862 2.186591 2.114891 2.038432 1.974677 1.899255 1.828707 1.756238 1.685907 1.610898 1.539849 1.469075 1.398387 1.328363 1.259382 1.190132 1.122381 1.056308 0.990502 0.926452 0.863330 0.802214 0.741955 0.683225 0.626558 0.569997 0.515219 0.461309 0.408482 0.356104 0.304465 0.253277 0.201927 0.149683 0.096864 0.043744 -0.011800 -0.069661 -0.127122 -0.186362
3.243553 3.225543 3.200279 3.171302 3.139355 3.098082 3.065064 3.031875 2.999600 2.974726 2.948505 2.916301 2.872073 2.821359 2.754677 2.689733 2.628754 2.588040 2.548028 2.483757 2.406302 2.339400 2.286933 2.222872 2.145172 2.081530 2.013612 1.935828 1.872078 1.796754 1.725722 1.652515 1.581264 1.505332 1.433167 1.361003 1.288246 1.216029 1.144604 1.073115 1.002770 0.933461 0.864748 0.796861 0.730803 0.665680 0.601644 0.539225 0.477475 0.417569 0.358999 0.301774 0.245560 0.190810 0.136862 0.083339 0.030663 -0.020828 -0.072919 -0.127099 -0.178822 -0.233986 -0.289305 -0.343018
3.321783 3.306146 3.283548 3.257151 3.227983 3.188625 3.158049 3.126634 3.095868 3.072329 3.047071 3.016087 2.973207 2.925378 2.861441 2.799280 2.739472 2.699268 2.660521 2.598325 2.523742 2.458536 2.406790 2.344846 2.269504 2.207218 2.141622 2.065715 2.004490 1.931318 1.862857 1.792774 1.724201 1.651263 1.582290 1.513581 1.445161 1.377055 1.310138 1.243211 1.177628 1.113729 1.050270 0.988317 0.927746 0.868815 0.811038 0.754666 0.699621 0.645923 0.593280 0.541406 0.490446 0.440149 0.390038 0.339941 0.289626 0.238438 0.185855 0.132107 0.077571 0.019675 -0.038886 -0.098895
3.354237 3.325210 3.288380 3.247547 3.205203 3.153801 3.115773 3.080204 3.047840 3.023983 2.996418 2.956564 2.897429 2.828928 2.747141 2.680695 2.629804 2.595971 2.543907 2.455586 2.371472 2.320418 2.265460 2.178723 2.104186 2.045680 1.962199 1.887694 1.817785 1.740029 1.665293 1.589193 1.514419 1.435189 1.359601 1.284316 1.208052 1.132801 1.057858 0.982915 0.908978 0.836010 0.763518 0.691976 0.621467 0.552462 0.484429 0.417412 0.351712 0.287610 0.224617 0.162661 0.102305 0.043196 -0.014970 -0.072293 -0.128710 -0.183700 -0.239156 -0.295539 -0.349486 -0.406506 -0.463475 -0.517526
3.332570 3.307565 3.274592 3.237670 3.198476 3.149585 3.112006 3.075498 3.041462 3.016425 2.989314 2.953653 2.902251 2.842396 2.765581 2.696084 2.636604 2.599797 2.556658 2.481067 2.396037 2.333386 2.282583 2.208214 2.127903 2.067398 1.992638 1.914326 1.848696 1.770660 1.698197 1.623018 1.549947 1.472292 1.398191 1.324354 1.250087 1.176252 1.103178 1.030046 0.957902 0.886992 0.816464 0.746950 0.678697 0.611966 0.546216 0.481602 0.418111 0.356360 0.295767 0.236301 0.178285 0.121305 0.065360 0.010310 -0.043973 -0.097595 -0.151204 -0.206402 -0.260235 -0.315994 -0.372198 -0.426644
3.351595 3.327702 3.296028 3.260562 3.222591 3.174383 3.136907 3.100246 3.065138 3.038983 3.011136 2.975721 2.925563 2.868159 2.793586 2.723954 2.661761 2.622389 2.579894 2.508022 2.424442 2.357893 2.305630 2.235411 2.154420 2.091040 2.019307 1.939533 1.874313 1.796537 1.723969 1.648879 1.576137 1.498428 1.424641 1.351067 1.277076 1.203625 1.130871 1.057950 0.986260 0.915769 0.845614 0.776783 0.709137 0.642827 0.577679 0.513586 0.451222 0.389666 0.329736 0.270916 0.213752 0.157545 0.102649 0.047942 -0.005756 -0.059597 -0.113153 -0.167142 -0.221629 -0.277414 -0.333983 -0.390901
3.397587 3.378865 3.353004 3.322948 3.290068 3.246073 3.211848 3.176983 3.142903 3.117259 3.090709 3.058872 3.014627 2.965418 2.897998 2.831198 2.765995 2.723465 2.685437 2.623610 2.546473 2.475715 2.421885 2.361599 2.283932 2.217812 2.152766 2.074872 2.011932 1.938396 1.868009 1.797189 1.727611 1.653490 1.583796 1.514133 1.444750 1.375870 1.308325 1.240371 1.174149 1.109606 1.045411 0.982947 0.921590 0.861903 0.803251 0.746430 0.690510 0.636302 0.582966 0.530660 0.479074 0.427632 0.376373 0.325769 0.274417 0.222103 0.168914 0.114279 0.058280 -0.000981 -0.060341 -0.121593
3.264066 3.250139 3.229357 3.204831 3.177294 3.139839 3.110186 3.079616 3.049931 3.027164 3.003153 2.974064 2.933959 2.888549 2.826918 2.765428 2.705339 2.664906 2.628118 2.569802 2.497207 2.430541 2.378781 2.320685 2.246235 2.182956 2.119953 2.044260 1.983288 1.911625 1.843137 1.773612 1.705698 1.633159 1.564847 1.496408 1.427833 1.360010 1.293067 1.226422 1.160831 1.096823 1.033356 0.971121 0.910588 0.851460 0.793333 0.737110 0.682104 0.627615 0.574960 0.523105 0.472139 0.422206 0.372537 0.322848 0.273073 0.223112 0.171445 0.118457 0.065992 0.009252 -0.047707 -0.104855
3.464424 3.435014 3.397450 3.356005 3.313179 3.260447 3.222486 3.187002 3.154296 3.130797 3.103111 3.062688 3.002024 2.933203 2.850602 2.784860 2.734103 2.700685 2.647810 2.558070 2.474866 2.425528 2.369662 2.282078 2.209803 2.151160 2.067710 1.995093 1.925639 1.849693 1.775679 1.701696 1.628304 1.550847 1.477326 1.404223 1.330695 1.258253 1.186525 1.114344 1.043888 0.974717 0.905997 0.838761 0.772258 0.708040 0.644461 0.582472 0.522236 0.462598 0.404423 0.347296 0.291805 0.236345 0.182527 0.128752 0.075518 0.021388 -0.032253 -0.087009 -0.142888 -0.200257 -0.258267 -0.317361
3.335614 3.312071 3.280688 3.245297 3.207589 3.159915 3.123275 3.087655 3.054337 3.029768 3.003344 2.968654 2.918228 2.859398 2.783771 2.714914 2.655970 2.619849 2.577511 2.502585 2.417950 2.355868 2.306202 2.232398 2.151562 2.092479 2.017924 1.939451 1.874790 1.796695 1.724912 1.649934 1.577460 1.500109 1.426479 1.353113 1.279194 1.205912 1.133298 1.060657 0.989142 0.918749 0.848921 0.780145 0.712548 0.646479 0.581411 0.517683 0.455318 0.394181 0.334448 0.275748 0.218527 0.162283 0.106809 0.052234 -0.001564 -0.054542 -0.107843 -0.163409 -0.216424 -0.272934 -0.329503 -0.384710
3.239275 3.216772 3.186890 3.152931 3.116382 3.070425 3.033796 2.997997 2.964141 2.938703 2.912017 2.878497 2.831249 2.775795 2.703164 2.633699 2.572033 2.532888 2.492529 2.423988 2.340912 2.273462 2.222243 2.155013 2.073735 2.010242 1.940303 1.860285 1.795452 1.717863 1.645487 1.570563 1.497169 1.419340 1.344981 1.270756 1.195713 1.121205 1.047214 0.973199 0.900290 0.827978 0.756419 0.685264 0.615966 0.547390 0.480001 0.413959 0.348581 0.284922 0.222622 0.161689 0.101570 0.043221 -0.013563 -0.069944 -0.125149 -0.179688 -0.234193 -0.288644 -0.342244 -0.397159 -0.452114 -0.506196
3.332294 3.316072 3.292740 3.265880 3.236326 3.196598 3.166022 3.134734 3.104152 3.080621 3.054980 3.022926 2.978572 2.929616 2.865121 2.803601 2.745108 2.705274 2.664911 2.600559 2.526153 2.462980 2.410692 2.346649 2.272332 2.210597 2.143661 2.068780 2.007038 1.934193 1.865509 1.795663 1.727165 1.654287 1.585564 1.516953 1.448599 1.380732 1.314036 1.247270 1.181886 1.118242 1.055049 0.993479 0.933130 0.874541 0.816784 0.760928 0.705980 0.652579 0.600168 0.548567 0.497827 0.447641 0.397460 0.347599 0.297224 0.246050 0.193723 0.139529 0.085251 0.026237 -0.032292 -0.091498
3.333123 3.317205 3.294140 3.267087 3.236840 3.195912 3.163332 3.129712 3.096651 3.071373 3.045566 3.015661 2.975074 2.929946 2.866844 2.801984 2.736079 2.691303 2.654394 2.598444 2.525937 2.453224 2.396835 2.341388 2.267359 2.198131 2.136035 2.059993 1.996203 1.925055 1.854432 1.784793 1.715753 1.642366 1.573299 1.504084 1.435028 1.366624 1.299349 1.231902 1.165957 1.101543 1.037646 0.975256 0.914249 0.854824 0.796331 0.739689 0.684365 0.629897 0.576875 0.524635 0.473377 0.422625 0.372040 0.321803 0.271425 0.220174 0.167715 0.113778 0.059658 0.001830 -0.056093 -0.115902
3.288024 3.260619 3.225594 3.186890 3.146247 3.096929 3.059475 3.023955 2.991000 2.966033 2.937586 2.898149 2.841145 2.775539 2.696597 2.630208 2.577287 2.541425 2.490326 2.405686 2.322087 2.267778 2.213095 2.129252 2.053022 1.993403 1.911424 1.835632 1.766175 1.687310 1.612570 1.535858 1.460111 1.380351 1.303784 1.227485 1.150384 1.073667 0.997482 0.921131 0.845755 0.770986 0.696845 0.623310 0.551113 0.479657 0.409402 0.340168 0.272247 0.205447 0.139865 0.075788 0.012734 -0.048896 -0.109751 -0.169164 -0.227753 -0.284471 -0.341855 -0.399626 -0.454487 -0.512280 -0.569483 -0.622617
3.372854 3.348451 3.316289 3.280044 3.241626 3.193050 3.156102 3.120289 3.086729 3.062118 3.035498 3.000339 2.949031 2.889622 2.813323 2.744538 2.685618 2.649112 2.606439 2.531084 2.446746 2.384907 2.334281 2.260772 2.181041 2.120983 2.047166 1.969374 1.904708 1.827519 1.755960 1.682015 1.609916 1.533281 1.460462 1.387976 1.315168 1.242957 1.171667 1.099976 1.029842 0.960929 0.892424 0.825253 0.759128 0.694822 0.631388 0.569404 0.508790 0.449448 0.391437 0.334344 0.278787 0.224044 0.169851 0.116766 0.063981 0.011779 -0.041119 -0.095760 -0.149084 -0.206181 -0.262959 -0.318340
3.425771 3.403786 3.374378 3.340713 3.304765 3.257987 3.222598 3.187446 3.153704 3.128864 3.102133 3.067816 3.018580 2.963044 2.890234 2.822971 2.762220 2.723971 2.682531 2.611318 2.529771 2.466093 2.414651 2.344983 2.266456 2.205418 2.134126 2.057253 1.993906 1.918263 1.847975 1.775794 1.705545 1.630680 1.559874 1.489434 1.419207 1.349551 1.280994 1.212167 1.144952 1.079518 1.014224 0.950809 0.888214 0.827782 0.768027 0.710036 0.653167 0.597847 0.543611 0.490181 0.437825 0.385698 0.334140 0.282980 0.231580 0.178345 0.125161 0.070906 0.014547 -0.043988 -0.102686 -0.164453
3.325334 3.306838 3.281318 3.251731 3.219354 3.176891 3.143885 3.110949 3.079498 3.055956 3.030937 2.999449 2.954438 2.902888 2.834277 2.768905 2.709218 2.671672 2.633331 2.566817 2.487416 2.422911 2.373956 2.308552 2.229512 2.169916 2.101799 2.024038 1.963080 1.887612 1.818831 1.746561 1.677444 1.603179 1.532977 1.462872 1.392616 1.323075 1.254398 1.185792 1.118449 1.052574 0.987285 0.923289 0.860590 0.799470 0.739477 0.681070 0.624304 0.567995 0.513521 0.459904 0.407313 0.355534 0.304122 0.253047 0.202202 0.151653 0.099498 0.045080 -0.007056 -0.064323 -0.121842 -0.178274
3.301619 3.283642 3.258318 3.228832 3.196264 3.153344 3.118873 3.083991 3.050033 3.024315 2.998225 2.967774 2.925918 2.878238 2.812286 2.744924 2.678421 2.634553 2.597548 2.539598 2.463728 2.390217 2.335009 2.277966 2.201097 2.132247 2.068889 1.990845 1.926524 1.853513 1.781988 1.710449 1.640000 1.564982 1.494068 1.423081 1.351772 1.281221 1.211531 1.141692 1.073223 1.006031 0.939378 0.873923 0.809843 0.747311 0.685770 0.625922 0.567508 0.509503 0.453494 0.398490 0.344603 0.291856 0.239976 0.188201 0.137208 0.085606 0.033302 -0.019365 -0.072225 -0.128469 -0.184100 -0.240643
3.324413 3.294828 3.256961 3.214946 3.170831 3.117481 3.076692 3.038687 3.004536 2.980282 2.954298 2.918194 2.863377 2.797140 2.713521 2.640057 2.582271 2.549470 2.505918 2.423603 2.332815 2.272730 2.224045 2.144420 2.061385 2.003033 1.924462 1.845166 1.778375 1.698469 1.624788 1.548183 1.473138 1.393698 1.317799 1.242224 1.165535 1.089652 1.014188 0.938633 0.864036 0.790265 0.716975 0.644812 0.573156 0.502922 0.433755 0.365627 0.299201 0.233217 0.168981 0.105889 0.044321 -0.016190 -0.075850 -0.134000 -0.191261 -0.246952 -0.303265 -0.359539 -0.413980 -0.470730 -0.526633 -0.580229
3.382060 3.356001 3.322055 3.283640 3.242846 3.191213 3.151205 3.112595 3.076902 3.051405 3.025019 2.991307 2.941538 2.882761 2.804311 2.730049 2.665293 2.628134 2.589432 2.517775 2.429731 2.360456 2.311006 2.242322 2.157671 2.094960 2.024005 1.942717 1.877897 1.799697 1.727094 1.651925 1.579187 1.501310 1.427486 1.353920 1.279675 1.206304 1.133648 1.060676 0.989122 0.918799 0.848750 0.780018 0.712261 0.646135 0.581014 0.517346 0.455055 0.393953 0.334218 0.275426 0.218247 0.161877 0.106789 0.052284 -0.001624 -0.055388 -0.108925 -0.163757 -0.218366 -0.275023 -0.331786 -0.387855
3.301622 3.282683 3.256615 3.226929 3.194792 3.152953 3.120557 3.088189 3.057039 3.033175 3.006879 2.973109 2.925657 2.872095 2.803634 2.740540 2.683669 2.645728 2.602881 2.532579 2.454537 2.394102 2.342589 2.272398 2.195968 2.136519 2.064623 1.988712 1.925288 1.849725 1.779625 1.707064 1.636315 1.561051 1.489545 1.418242 1.346665 1.275736 1.205572 1.135484 1.066489 0.998938 0.931839 0.866058 0.801410 0.738575 0.676694 0.616316 0.557520 0.499244 0.442844 0.387378 0.333242 0.279925 0.227861 0.175846 0.124220 0.072550 0.020202 -0.033140 -0.086159 -0.141871 -0.198382 -0.254882
3.389502 3.372276 3.347863 3.319540 3.288683 3.247245 3.215681 3.183636 3.152285 3.128603 3.102931 3.070661 3.025405 2.975401 2.908897 2.846150 2.786838 2.747295 2.707292 2.641544 2.565661 2.502627 2.450693 2.385540 2.310867 2.249942 2.181919 2.107467 2.045825 1.972973 1.904476 1.835090 1.766852 1.694561 1.626348 1.558229 1.490757 1.423725 1.357951 1.292075 1.227845 1.165288 1.103231 1.042911 0.983928 0.926484 0.870163 0.815540 0.762391 0.709782 0.658524 0.608033 0.558101 0.508326 0.458606 0.409205 0.358881 0.307243 0.254813 0.200258 0.144360 0.084856 0.025556 -0.036576
3.300554 3.283928 3.260186 3.232725 3.202445 3.161978 3.130177 3.097515 3.065531 3.040925 3.014809 2.983076 2.939790 2.891403 2.826545 2.762873 2.701414 2.659963 2.620656 2.558506 2.482997 2.415623 2.362764 2.300907 2.224138 2.160147 2.094114 2.016810 1.954068 1.880018 1.809946 1.738017 1.668517 1.593988 1.523460 1.453029 1.382580 1.312564 1.243575 1.174498 1.106641 1.040466 0.974594 0.910275 0.847067 0.785650 0.725206 0.666352 0.609263 0.552320 0.497375 0.443202 0.390184 0.338117 0.286118 0.234869 0.183571 0.132760 0.080189 0.025965 -0.026918 -0.084520 -0.142322 -0.198848
3.289094 3.257605 3.218019 3.174055 3.127936 3.072812 3.030035 2.990296 2.954547 2.928809 2.901463 2.864009 2.807940 2.739768 2.653935 2.577859 2.518360 2.484201 2.439773 2.356210 2.262518 2.199724 2.150225 2.069696 1.983458 1.923251 1.843533 1.761281 1.692908 1.610357 1.534616 1.454950 1.377855 1.295789 1.217214 1.138653 1.058746 0.979454 0.900584 0.821365 0.743173 0.665032 0.587608 0.510450 0.434924 0.359094 0.284682 0.211271 0.138200 0.067460 -0.002620 -0.071093 -0.139246 -0.205953 -0.272462 -0.336236 -0.399694 -0.461424 -0.521709 -0.583753 -0.642683 -0.702682 -0.761137 -0.817048
3.450097 3.425963 3.394192 3.358208 3.320293 3.271820 3.236017 3.201382 3.168872 3.145416 3.119240 3.083605 3.030633 2.970572 2.894172 2.827752 2.771642 2.736842 2.692769 2.614507 2.531744 2.474627 2.424048 2.347877 2.270960 2.213371 2.138002 2.062979 1.999260 1.923536 1.853415 1.781426 1.711099 1.636476 1.565843 1.495625 1.425682 1.356292 1.288035 1.219484 1.152851 1.087559 1.022836 0.959683 0.897539 0.837342 0.778067 0.720510 0.664577 0.609031 0.555093 0.502128 0.450131 0.398013 0.346512 0.295498 0.243994 0.191490 0.138171 0.083618 0.028197 -0.030858 -0.090364 -0.151030
3.260968 3.240759 3.213340 3.182187 3.148251 3.104841 3.070497 3.036447 3.003792 2.978863 2.952325 2.918983 2.872515 2.819003 2.749379 2.683139 2.623146 2.583851 2.542900 2.474935 2.394847 2.329709 2.278096 2.210840 2.131817 2.069698 1.999745 1.921436 1.857286 1.780966 1.709594 1.635949 1.563848 1.487310 1.414413 1.341628 1.268313 1.195522 1.123305 1.051436 0.980320 0.910330 0.840985 0.772413 0.705491 0.639718 0.575080 0.511765 0.449663 0.388618 0.329333 0.271274 0.214571 0.159022 0.104401 0.050659 -0.002666 -0.054354 -0.106618 -0.160688 -0.212877 -0.267478 -0.322522 -0.375536
3.361825 3.343684 3.318434 3.289356 3.257620 3.215489 3.183106 3.150391 3.118536 3.094505 3.068525 3.036058 2.990492 2.939658 2.872416 2.808686 2.748894 2.709364 2.669140 2.603285 2.526615 2.462418 2.410412 2.345143 2.269644 2.207858 2.139971 2.064529 2.002310 1.928764 1.859676 1.789286 1.720250 1.646970 1.577707 1.508615 1.439842 1.371476 1.304388 1.237111 1.171370 1.107201 1.043490 0.981430 0.920481 0.861492 0.803328 0.746871 0.691519 0.637412 0.584680 0.532543 0.481472 0.430710 0.380598 0.330396 0.280052 0.228438 0.175880 0.122498 0.067569 0.009224 -0.049238 -0.108828
3.332414 3.316631 3.293979 3.267393 3.237936 3.197893 3.166462 3.134169 3.102549 3.078445 3.053017 3.022524 2.980507 2.933793 2.870053 2.806504 2.744246 2.702772 2.665320 2.605608 2.531048 2.462393 2.409964 2.351205 2.274616 2.210253 2.146892 2.069294 2.008101 1.935113 1.866166 1.795929 1.727453 1.654071 1.585130 1.516205 1.447400 1.379309 1.312150 1.245148 1.179393 1.115300 1.051733 0.989634 0.928877 0.869833 0.811790 0.755412 0.700197 0.646396 0.593816 0.541778 0.490695 0.440252 0.389926 0.339862 0.289390 0.237672 0.184918 0.130911 0.076033 0.018281 -0.040496 -0.101962
3.384960 3.345076 3.296416 3.243508 3.190013 3.128693 3.084886 3.046813 3.014348 2.991892 2.964275 2.919245 2.848524 2.764266 2.668538 2.598549 2.554389 2.525153 2.463344 2.358044 2.268885 2.226500 2.165163 2.065188 1.994171 1.932028 1.840224 1.767186 1.689430 1.610997 1.530387 1.451149 1.372331 1.288928 1.209242 1.129785 1.048490 0.968550 0.888608 0.808355 0.729067 0.650037 0.571805 0.493767 0.416994 0.340622 0.265330 0.190800 0.116942 0.045506 -0.025570 -0.095251 -0.163771 -0.231056 -0.297515 -0.362477 -0.426001 -0.488795 -0.549958 -0.611608 -0.670711 -0.732061 -0.790780 -0.847172
3.378943 3.344222 3.300986 3.253579 3.204966 3.147508 3.105410 3.067325 3.033738 3.010074 2.982635 2.941139 2.877521 2.801909 2.712087 2.640856 2.590384 2.559246 2.505462 2.410206 2.320160 2.270144 2.215222 2.123382 2.046484 1.987340 1.900448 1.824617 1.752273 1.672688 1.595583 1.517266 1.440463 1.358990 1.281087 1.203547 1.124557 1.046769 0.969167 0.891305 0.814483 0.738290 0.662623 0.587674 0.513782 0.441012 0.369052 0.298038 0.228078 0.160290 0.092964 0.027024 -0.037544 -0.100939 -0.163288 -0.224349 -0.284294 -0.342959 -0.401539 -0.459799 -0.516363 -0.575049 -0.632317 -0.687266
3.370339 3.340168 3.301726 3.259236 3.214964 3.161248 3.120959 3.083375 3.049250 3.024779 2.997484 2.958944 2.901130 2.832937 2.748778 2.677578 2.622262 2.588941 2.540966 2.454718 2.365690 2.309396 2.257826 2.173955 2.093859 2.035309 1.953746 1.876108 1.807561 1.728034 1.653442 1.576666 1.501355 1.421608 1.345478 1.269688 1.192864 1.116991 1.041541 0.965884 0.891336 0.817703 0.744532 0.672299 0.601126 0.531319 0.462475 0.394620 0.328020 0.263392 0.199447 0.136726 0.075691 0.015619 -0.043506 -0.101369 -0.158389 -0.214019 -0.270117 -0.326542 -0.381354 -0.438700 -0.494973 -0.549185
3.359565 3.333385 3.299268 3.261126 3.220805 3.170554 3.132201 3.095458 3.061314 3.036338 3.009274 2.973091 2.920132 2.858248 2.779454 2.709189 2.650517 2.614776 2.570873 2.492592 2.405977 2.344777 2.294231 2.217731 2.136666 2.077075 2.000766 1.922187 1.856277 1.777644 1.704845 1.629300 1.555812 1.477631 1.403167 1.329011 1.254168 1.180076 1.106611 1.032994 0.960545 0.889255 0.818426 0.748622 0.679884 0.612841 0.546691 0.481768 0.417915 0.355990 0.295148 0.235331 0.177068 0.119802 0.063351 0.007976 -0.046666 -0.100172 -0.154137 -0.209740 -0.263255 -0.320100 -0.376283 -0.430822
3.347079 3.324437 3.294137 3.259861 3.223101 3.176216 3.139859 3.104228 3.070373 3.045209 3.018413 2.984182 2.935197 2.878723 2.805053 2.736451 2.675515 2.637348 2.596101 2.524735 2.441608 2.376659 2.325692 2.255762 2.175376 2.113905 2.042283 1.963544 1.899262 1.822180 1.750582 1.676543 1.604565 1.527821 1.454944 1.382302 1.309236 1.236854 1.165249 1.093501 1.022966 0.953837 0.885033 0.817509 0.751129 0.686411 0.622684 0.560350 0.499325 0.439639 0.381283 0.323929 0.268112 0.213155 0.158970 0.105511 0.052576 0.000322 -0.052401 -0.107188 -0.160326 -0.217228 -0.273740 -0.328728
3.333296 3.313826 3.286921 3.256198 3.222670 3.178892 3.144597 3.110226 3.076991 3.051895 3.025399 2.992750 2.947105 2.895349 2.826393 2.759885 2.697667 2.657240 2.617581 2.552106 2.473034 2.405635 2.353309 2.288841 2.210365 2.146749 2.078979 2.000883 1.937477 1.862385 1.791536 1.719028 1.648433 1.573061 1.501679 1.430486 1.358996 1.288222 1.218339 1.148275 1.079579 1.012337 0.945474 0.880033 0.815706 0.753195 0.691673 0.631674 0.573292 0.515260 0.459233 0.404193 0.350098 0.297202 0.244657 0.192770 0.141041 0.089586 0.037101 -0.016848 -0.069969 -0.127295 -0.184094 -0.240379
3.318685 3.301988 3.278240 3.250633 3.220183 3.179295 3.147091 3.114086 3.081667 3.056805 3.030710 2.999327 2.956536 2.908873 2.844290 2.780214 2.717407 2.674976 2.636232 2.575693 2.500892 2.432072 2.378032 2.317892 2.242128 2.176608 2.111706 2.034827 1.971880 1.898804 1.828594 1.757470 1.688235 1.614162 1.544214 1.474322 1.404314 1.335020 1.266719 1.198322 1.131227 1.065813 1.000710 0.937014 0.874804 0.814195 0.754609 0.696701 0.640085 0.584267 0.530126 0.476848 0.424608 0.373162 0.322070 0.271385 0.220574 0.169407 0.116938 0.063383 0.009848 -0.048098 -0.105479 -0.163309
3.303637 3.289597 3.268581 3.243856 3.216192 3.178100 3.147877 3.116378 3.084861 3.060410 3.034727 3.004537 2.964216 2.920114 2.859602 2.797923 2.735204 2.691172 2.652881 2.596358 2.525665 2.456495 2.400715 2.343734 2.271093 2.204213 2.141105 2.066139 2.003224 1.932206 1.862559 1.793304 1.724771 1.651925 1.583342 1.514684 1.446011 1.378156 1.311352 1.244472 1.178908 1.115105 1.051603 0.989775 0.929260 0.870526 0.812721 0.756649 0.701526 0.647749 0.595305 0.543518 0.492732 0.442637 0.392673 0.342771 0.292610 0.241636 0.189287 0.135518 0.081206 0.022606 -0.035527 -0.094638
3.288633 3.276971 3.258583 3.236516 3.211384 3.175934 3.147627 3.117556 3.087069 3.063166 3.038002 3.008944 2.970862 2.929857 2.872963 2.813683 2.751397 2.706414 2.668415 2.614879 2.547908 2.479357 2.421979 2.367062 2.297619 2.230241 2.167989 2.095314 2.032521 1.963256 1.894273 1.826414 1.758851 1.687207 1.619878 1.552405 1.484967 1.418471 1.352994 1.287638 1.223435 1.161202 1.099222 1.039026 0.980104 0.923135 0.866868 0.812418 0.759551 0.706854 0.655835 0.605173 0.555619 0.506774 0.457824 0.408547 0.358716 0.307818 0.255533 0.200952 0.146148 0.086976 0.027714 -0.032938
3.274072 3.264746 3.248645 3.229127 3.206185 3.173325 3.146815 3.118261 3.088789 3.065491 3.040944 3.013084 2.977168 2.938660 2.885107 2.828005 2.766479 2.721182 2.683464 2.632093 2.568031 2.501125 2.442373 2.388772 2.322206 2.255018 2.193135 2.123177 2.060570 1.992535 1.924573 1.857888 1.791264 1.720799 1.654628 1.588322 1.521979 1.456803 1.392619 1.328632 1.265767 1.204912 1.144374 1.085626 1.028192 0.972829 0.918221 0.865205 0.813826 0.762522 0.712852 0.662906 0.614520 0.566556 0.518602 0.469811 0.420068 0.369666 0.317179 0.261292 0.205891 0.146047 0.085861 0.023346
3.348672 3.329474 3.303737 3.274517 3.242804 3.201071 3.169227 3.137119 3.105396 3.080380 3.052591 3.016884 2.967562 2.913904 2.846550 2.785703 2.729256 2.689197 2.643561 2.572138 2.496656 2.437053 2.382753 2.311574 2.237718 2.176685 2.104504 2.029731 1.965802 1.890982 1.820806 1.748490 1.678581 1.603830 1.532997 1.462365 1.391812 1.321730 1.252827 1.183511 1.115823 1.049560 0.983652 0.919355 0.856271 0.794860 0.734402 0.675420 0.618299 0.561513 0.506550 0.452459 0.399553 0.347236 0.295725 0.244476 0.193000 0.140638 0.087730 0.034630 -0.020309 -0.077298 -0.134815 -0.193905
3.346837 3.327316 3.300919 3.271038 3.238634 3.196158 3.163642 3.131006 3.098915 3.073904 3.046337 3.011116 2.962162 2.908328 2.840135 2.777876 2.720495 2.680695 2.636128 2.565218 2.488413 2.427672 2.374009 2.303479 2.228458 2.167279 2.095443 2.020019 1.956069 1.881005 1.810576 1.737989 1.667830 1.592863 1.521729 1.450817 1.379918 1.309561 1.240252 1.170631 1.102549 1.035863 0.969595 0.904905 0.841287 0.779425 0.718550 0.659150 0.601508 0.544246 0.488867 0.434506 0.381151 0.328480 0.276694 0.225121 0.173451 0.121307 0.068536 0.015325 -0.039142 -0.096235 -0.153427 -0.211654
3.345049 3.325159 3.298173 3.267645 3.234499 3.191355 3.158082 3.124826 3.092401 3.067377 3.040076 3.005263 2.956777 2.902893 2.833802 2.770138 2.711759 2.672181 2.628667 2.558302 2.480306 2.418288 2.365209 2.295391 2.219197 2.157789 2.086444 2.010266 1.946372 1.871014 1.800381 1.727643 1.657158 1.581900 1.510497 1.439305 1.368052 1.297383 1.227723 1.157799 1.089244 1.022197 0.955509 0.890352 0.826324 0.764028 0.702754 0.642854 0.584735 0.527031 0.471250 0.416395 0.362677 0.309670 0.257568 0.205721 0.154030 0.102007 0.049290 -0.004234 -0.058299 -0.115387 -0.172542 -0.229878
3.343334 3.323071 3.295493 3.264281 3.230474 3.186535 3.152565 3.118722 3.085890 3.060867 3.033787 2.999447 2.951385 2.897423 2.827511 2.762487 2.702996 2.663537 2.621159 2.551444 2.472258 2.408829 2.356359 2.287386 2.210009 2.148248 2.077465 2.000516 1.936656 1.860975 1.790219 1.717420 1.646511 1.570991 1.499329 1.427863 1.356254 1.285282 1.215211 1.144936 1.076035 1.008620 0.941488 0.875884 0.811344 0.748716 0.686877 0.626608 0.568022 0.509839 0.453546 0.398197 0.344082 0.290864 0.238249 0.186229 0.134335 0.082346 0.029757 -0.024006 -0.077662 -0.134763 -0.191954 -0.248297
3.341677 3.320974 3.292902 3.260970 3.226461 3.181773 3.147087 3.112645 3.079401 3.054315 3.027420 2.993642 2.945991 2.891972 2.821333 2.754858 2.694215 2.654868 2.613608 2.544606 2.464318 2.399384 2.347430 2.279444 2.200874 2.138732 2.068622 1.990796 1.927017 1.851059 1.780074 1.707141 1.635899 1.560081 1.488175 1.416468 1.344487 1.273204 1.202778 1.132165 1.062892 0.995019 0.927564 0.861517 0.796569 0.733329 0.671140 0.610316 0.551321 0.492656 0.435946 0.380049 0.325623 0.271992 0.219066 0.166638 0.114535 0.062786 0.010126 -0.043876 -0.097217 -0.154571 -0.211388 -0.267229
3.340040 3.318972 3.290331 3.257763 3.222540 3.177084 3.141650 3.106524 3.072900 3.047719 3.021099 2.987768 2.940597 2.886595 2.815213 2.747310 2.685447 2.646165 2.605999 2.537842 2.456473 2.389924 2.338408 2.271544 2.191803 2.129117 2.059718 1.981047 1.917302 1.841132 1.769926 1.696782 1.625258 1.549211 1.477067 1.405083 1.332790 1.261153 1.190399 1.119418 1.049775 0.981502 0.913685 0.847135 0.781746 0.718100 0.655358 0.594142 0.534510 0.475486 0.418262 0.361979 0.307061 0.252982 0.199673 0.147067 0.094750 0.042931 -0.009659 -0.063994 -0.116969 -0.174074 -0.230763 -0.286325
3.338505 3.316946 3.287825 3.254624 3.218671 3.172429 3.136267 3.100470 3.066376 3.041127 3.014763 2.981943 2.935226 2.881238 2.809155 2.739892 2.676665 2.637376 2.598337 2.531112 2.448782 2.380437 2.329406 2.263737 2.182777 2.119500 2.050907 1.971317 1.907654 1.831181 1.759832 1.686390 1.614734 1.538362 1.465999 1.393760 1.321073 1.249149 1.178023 1.106730 1.036709 0.968044 0.899834 0.832845 0.766948 0.702828 0.639651 0.577977 0.517583 0.458381 0.400662 0.343943 0.288423 0.234142 0.180408 0.127594 0.074922 0.023038 -0.029576 -0.084255 -0.137062 -0.193581 -0.250086 -0.305564
3.336974 3.314981 3.285362 3.251530 3.214904 3.167840 3.130869 3.094410 3.059880 3.034471 3.008400 2.976062 2.929843 2.875923 2.803209 2.732462 2.667853 2.628476 2.590666 2.524420 2.441169 2.370937 2.320369 2.256080 2.173789 2.109843 2.042093 1.961550 1.898012 1.821285 1.749739 1.675889 1.604220 1.527509 1.454921 1.382408 1.309392 1.237202 1.165710 1.094048 1.023727 0.954639 0.886013 0.818558 0.752335 0.687634 0.623949 0.561767 0.500862 0.441174 0.382962 0.325814 0.269939 0.215212 0.161229 0.107916 0.055199 0.003046 -0.049752 -0.104475 -0.157367 -0.213457 -0.269893 -0.325264
3.335545 3.313077 3.282995 3.248501 3.211187 3.163344 3.125533 3.088358 3.053383 3.027824 3.001979 2.970172 2.924497 2.870623 2.797313 2.725190 2.659081 2.619560 2.582983 2.517770 2.433667 2.361453 2.311207 2.248453 2.164909 2.100159 2.033387 1.951800 1.888387 1.811381 1.739686 1.665390 1.593687 1.516730 1.443919 1.371119 1.297836 1.225273 1.153484 1.081473 1.010734 0.941271 0.872212 0.804332 0.737668 0.672410 0.608292 0.545671 0.484133 0.424089 0.365366 0.307674 0.251449 0.196228 0.142094 0.088344 0.035342 -0.017143 -0.070117 -0.124810 -0.177729 -0.233264 -0.289442 -0.345172
3.334140 3.311176 3.280664 3.245550 3.207491 3.158811 3.120297 3.082283 3.046824 3.021112 2.995582 2.964309 2.919105 2.865440 2.791523 2.717909 2.650285 2.610606 2.575176 2.511179 2.426264 2.351925 2.302025 2.240842 2.156039 2.090380 2.024702 1.942059 1.878777 1.801525 1.729634 1.655003 1.583223 1.505973 1.432933 1.359918 1.286215 1.213411 1.141228 1.068891 0.997828 0.927953 0.858471 0.790176 0.723069 0.657321 0.592705 0.529562 0.466979 0.406961 0.347779 0.289662 0.232926 0.177257 0.122928 0.068836 0.015349 -0.037393 -0.090528 -0.145154 -0.198257 -0.253554 -0.309430 -0.365508
3.285216 3.260830 3.228790 3.192409 3.153219 3.103511 3.063060 3.023127 2.984959 2.956101 2.927586 2.894218 2.848209 2.794519 2.721298 2.647029 2.576129 2.531173 2.492671 2.430000 2.346921 2.269030 2.213005 2.151929 2.069475 1.997853 1.930715 1.848478 1.780625 1.703465 1.628224 1.552307 1.477326 1.397694 1.322269 1.246620 1.170003 1.093849 1.018421 0.942459 0.867903 0.793829 0.720407 0.647654 0.576348 0.505405 0.435785 0.367507 0.300604 0.234448 0.169816 0.106659 0.044857 -0.015643 -0.074916 -0.133345 -0.190541 -0.247101 -0.303401 -0.358892 -0.413902 -0.469571 -0.525189 -0.579844
3.298235 3.274634 3.243454 3.207929 3.169678 3.121073 3.081841 3.043192 3.006178 2.978266 2.950159 2.916825 2.870386 2.816503 2.743629 2.670815 2.602385 2.558957 2.520051 2.455881 2.372820 2.297840 2.243146 2.180609 2.098446 2.029205 1.961571 1.880002 1.813203 1.736125 1.661845 1.586347 1.512419 1.433601 1.358843 1.283948 1.208255 1.133220 1.058869 0.984052 0.910598 0.837913 0.765751 0.694397 0.624510 0.555424 0.487492 0.420884 0.355316 0.291447 0.228607 0.167257 0.107110 0.048307 -0.009297 -0.066147 -0.121814 -0.176829 -0.231747 -0.286750 -0.340995 -0.396438 -0.451936 -0.506739
3.310782 3.287954 3.257565 3.222948 3.185596 3.137993 3.099999 3.062460 3.026481 2.999461 2.971814 2.938469 2.891699 2.837686 2.765156 2.693913 2.627623 2.585561 2.546269 2.480717 2.398002 2.325662 2.272115 2.208124 2.126576 2.059474 1.991338 1.910490 1.844673 1.767778 1.694436 1.619368 1.546394 1.468381 1.394308 1.320314 1.245568 1.171539 1.098213 1.024628 0.952230 0.880905 0.809993 0.740115 0.671473 0.604138 0.537716 0.472787 0.410063 0.346722 0.285654 0.225825 0.167428 0.110270 0.053995 -0.001321 -0.055854 -0.109530 -0.163321 -0.218161 -0.271897 -0.327408 -0.383344 -0.437809
3.322893 3.300815 3.271176 3.237464 3.200998 3.154335 3.117462 3.080992 3.046027 3.019782 2.992563 2.959178 2.912188 2.858083 2.786089 2.716268 2.651880 2.611098 2.571412 2.504636 2.422429 2.352625 2.300017 2.234662 2.153838 2.088697 2.020014 1.940024 1.875078 1.798407 1.725981 1.651658 1.579366 1.502161 1.428862 1.355674 1.281872 1.208867 1.136642 1.064084 0.992878 0.922757 0.853182 0.784694 0.717366 0.651589 0.586823 0.523385 0.460956 0.400459 0.341028 0.282794 0.225856 0.170015 0.115194 0.061026 0.007625 -0.045206 -0.098120 -0.152750 -0.206044 -0.262207 -0.318217 -0.372949
3.334624 3.313234 3.284367 3.251446 3.215913 3.170149 3.134305 3.098890 3.064817 3.039347 3.012498 2.979095 2.931935 2.877869 2.806284 2.737983 2.675432 2.635696 2.595544 2.527721 2.446133 2.378741 2.326871 2.260323 2.180329 2.116927 2.047641 1.968643 1.904545 1.828209 1.756630 1.683172 1.611382 1.534930 1.462466 1.390079 1.317394 1.245241 1.174063 1.102645 1.032528 0.963694 0.895324 0.828182 0.762199 0.697900 0.634473 0.572631 0.512013 0.452747 0.394878 0.338086 0.282500 0.228104 0.174192 0.121163 0.068500 0.016533 -0.036126 -0.090632 -0.143725 -0.200380 -0.256932 -0.311975
3.345950 3.325254 3.297071 3.265039 3.230383 3.185478 3.150651 3.116109 3.082983 3.058133 3.031678 2.998221 2.950972 2.896952 2.825959 2.759065 2.698199 2.659323 2.618751 2.550060 2.469291 2.404057 2.352786 2.285179 2.206134 2.144340 2.074519 1.996486 1.933105 1.857155 1.786385 1.713457 1.642510 1.566870 1.495151 1.423637 1.351890 1.280801 1.210614 1.140231 1.071205 1.003599 0.936441 0.870588 0.805954 0.743043 0.681105 0.620722 0.561929 0.503575 0.447153 0.391682 0.337470 0.284063 0.231136 0.179036 0.126981 0.075481 0.022819 -0.031284 -0.084530 -0.141893 -0.198752 -0.254862
3.356869 3.336874 3.309413 3.278212 3.244381 3.200311 3.166462 3.132789 3.100430 3.076205 3.050078 3.016697 2.969324 2.915461 2.845106 2.779627 2.720255 2.682167 2.641157 2.571708 2.491856 2.428677 2.377845 2.309342 2.231312 2.170882 2.100524 2.023589 1.960804 1.885309 1.815336 1.742694 1.672801 1.597928 1.527016 1.456321 1.385553 1.315423 1.246246 1.176938 1.109006 1.042603 0.976607 0.912131 0.848701 0.787206 0.726574 0.667537 0.610197 0.553173 0.498063 0.443766 0.390635 0.338241 0.286365 0.234973 0.183403 0.131925 0.079234 0.025081 -0.028435 -0.086339 -0.143777 -0.201353
3.367439 3.348107 3.321419 3.291006 3.257982 3.214779 3.181824 3.149014 3.117389 3.093704 3.067888 3.034530 2.987069 2.933439 2.863826 2.799674 2.741722 2.704250 2.662874 2.592823 2.513934 2.452606 2.402077 2.332801 2.255889 2.196680 2.125872 2.049985 1.987800 1.912814 1.843488 1.771896 1.702351 1.628251 1.558121 1.488232 1.418484 1.349195 1.281057 1.212795 1.146001 1.080687 1.015927 0.952656 0.890533 0.830260 0.770943 0.713291 0.656663 0.601481 0.547562 0.494523 0.442501 0.390936 0.339686 0.288778 0.237657 0.186129 0.133360 0.079197 0.024972 -0.033325 -0.091742 -0.150725
3.377676 3.358987 3.333100 3.303417 3.271276 3.228821 3.196775 3.164752 3.133880 3.110649 3.085064 3.051793 3.004351 2.950993 2.882113 2.819300 2.762666 2.725697 2.683973 2.613441 2.535524 2.476035 2.425600 2.355716 2.280028 2.221842 2.150633 2.075917 2.014115 1.939645 1.871002 1.800281 1.731247 1.657883 1.588541 1.519376 1.450568 1.382201 1.315064 1.247838 1.182130 1.117949 1.054363 0.992310 0.931421 0.872398 0.814372 0.757877 0.702462 0.648673 0.595936 0.543994 0.492827 0.441942 0.391263 0.340973 0.290091 0.238121 0.185226 0.130832 0.075779 0.016949 -0.042370 -0.103313
3.387605 3.369529 3.344553 3.315538 3.284177 3.242605 3.211363 3.180163 3.149866 3.127167 3.101752 3.068661 3.021058 2.968105 2.900098 2.838497 2.783178 2.746573 2.704539 2.633717 2.556701 2.498860 2.448529 2.378184 2.303770 2.246428 2.174850 2.101287 2.039825 1.965880 1.897827 1.827936 1.759503 1.686868 1.618246 1.549891 1.481920 1.414508 1.348345 1.282169 1.217554 1.154378 1.091959 1.031129 0.971473 0.913590 0.856826 0.801502 0.747837 0.694764 0.643100 0.592181 0.541882 0.491447 0.441347 0.391370 0.340463 0.288219 0.235291 0.180260 0.124174 0.064622 0.004377 -0.058298
3.067056 3.045225 3.016616 2.984992 2.949729 2.906189 2.869787 2.835004 2.801945 2.776071 2.749153 2.716032 2.669968 2.614757 2.543174 2.474766 2.414226 2.374257 2.333807 2.265453 2.182507 2.114230 2.063326 1.995866 1.913567 1.848929 1.778097 1.696720 1.630877 1.551101 1.476995 1.399077 1.323564 1.243230 1.165902 1.088478 1.009790 0.930827 0.852391 0.773447 0.695767 0.617149 0.539997 0.462656 0.387115 0.310052 0.235067 0.161356 0.086299 0.014259 -0.057281 -0.125994 -0.195220 -0.262521 -0.328813 -0.394683 -0.459616 -0.521848 -0.583215 -0.643415 -0.703559 -0.761575 -0.818440 -0.872463
3.134900 3.113343 3.084794 3.052735 3.017476 2.973547 2.937494 2.902457 2.869337 2.843582 2.816730 2.783542 2.737167 2.682272 2.610896 2.542543 2.481609 2.441857 2.401328 2.333052 2.250496 2.182802 2.131671 2.064213 1.982340 1.918505 1.847771 1.766923 1.701410 1.622497 1.549038 1.471988 1.397474 1.318052 1.241896 1.165615 1.088308 1.010940 0.934202 0.857194 0.781281 0.705066 0.630022 0.555006 0.481865 0.408192 0.336048 0.265360 0.194057 0.125525 0.057655 -0.007830 -0.073383 -0.136957 -0.199568 -0.261376 -0.322354 -0.380712 -0.439079 -0.496786 -0.553466 -0.610068 -0.666283 -0.718974
3.195225 3.173888 3.145350 3.113052 3.077793 3.033515 2.997714 2.962592 2.929353 2.903736 2.876921 2.843679 2.797049 2.742420 2.671169 2.602956 2.541777 2.502127 2.461641 2.393379 2.311161 2.243898 2.192623 2.125250 2.043868 1.980514 1.910065 1.829742 1.764684 1.686470 1.613669 1.538051 1.463950 1.385344 1.310346 1.235193 1.159145 1.083433 1.008259 0.932989 0.858708 0.784783 0.711724 0.639036 0.568108 0.497270 0.427949 0.359994 0.292462 0.226458 0.161873 0.099165 0.036867 -0.023512 -0.082849 -0.141531 -0.199169 -0.254619 -0.310713 -0.366873 -0.420917 -0.476938 -0.532734 -0.584851
3.248944 3.227760 3.199250 3.166791 3.131586 3.086947 3.051336 3.016238 2.982876 2.957412 2.930649 2.897321 2.850488 2.796098 2.724877 2.656808 2.595437 2.555893 2.515454 2.447224 2.365384 2.298418 2.247009 2.179777 2.098947 2.035947 1.965844 1.886053 1.821401 1.743942 1.671717 1.596499 1.523805 1.446052 1.372054 1.298042 1.223276 1.149017 1.075417 1.001740 0.929091 0.857230 0.786045 0.715518 0.646616 0.578500 0.511552 0.446073 0.381197 0.318268 0.256497 0.196123 0.136927 0.079226 0.022163 -0.033900 -0.089089 -0.142383 -0.196370 -0.251893 -0.304779 -0.360614 -0.416249 -0.468916
3.297032 3.275921 3.247398 3.214924 3.179786 3.134782 3.099347 3.064234 3.030760 3.005483 2.978788 2.945400 2.898391 2.844113 2.772910 2.705065 2.643473 2.604121 2.563716 2.495506 2.413933 2.347264 2.295821 2.228685 2.148501 2.085714 2.015879 1.936740 1.872535 1.795766 1.724071 1.649847 1.577866 1.500972 1.427958 1.354965 1.281520 1.208619 1.136516 1.064270 0.993163 0.923232 0.853757 0.785412 0.718313 0.652586 0.587942 0.524669 0.462122 0.401821 0.342577 0.284475 0.227594 0.171984 0.117133 0.063095 0.009528 -0.042533 -0.095384 -0.150346 -0.203100 -0.259220 -0.315412 -0.368957
3.340314 3.319298 3.290760 3.258278 3.223210 3.177873 3.142546 3.107551 3.073987 3.048814 3.022137 2.988757 2.941468 2.887518 2.816190 2.748577 2.686886 2.647621 2.607258 2.538984 2.457756 2.391505 2.339938 2.272874 2.193309 2.130721 2.061173 1.982653 1.918930 1.842789 1.771638 1.698522 1.627078 1.551007 1.478918 1.406986 1.334721 1.263137 1.192455 1.121548 1.051936 0.983779 0.915949 0.849497 0.784269 0.720586 0.657948 0.596831 0.537307 0.478346 0.421197 0.365077 0.310186 0.256300 0.202834 0.150390 0.098034 0.046267 -0.006346 -0.060716 -0.113754 -0.170686 -0.227291 -0.283251
3.379777 3.358798 3.330311 3.297853 3.262755 3.217124 3.182012 3.147023 3.113424 3.088344 3.061732 3.028282 2.980845 2.926978 2.855630 2.788317 2.726558 2.687289 2.646991 2.578634 2.497776 2.431884 2.380282 2.313166 2.234330 2.171969 2.102558 2.024789 1.961424 1.885869 1.815286 1.742445 1.672265 1.597035 1.525843 1.454903 1.383851 1.313471 1.244126 1.174491 1.106365 1.039778 0.973597 0.908905 0.845301 0.783571 0.722764 0.663547 0.606128 0.548996 0.493610 0.439170 0.385952 0.333220 0.281021 0.229538 0.178005 0.125992 0.073267 0.019304 -0.035000 -0.093123 -0.150501 -0.208778
3.416221 3.395297 3.366849 3.334364 3.299342 3.253459 3.218467 3.183527 3.149879 3.124944 3.098320 3.064878 3.017175 2.963584 2.892164 2.825049 2.763295 2.724044 2.683834 2.615283 2.534836 2.469372 2.417756 2.350577 2.272378 2.210404 2.140852 2.063823 2.000965 1.925966 1.855873 1.784343 1.714311 1.639901 1.569629 1.499590 1.429749 1.360535 1.292397 1.224033 1.157419 1.092251 1.027580 0.964524 0.902533 0.842497 0.783323 0.725989 0.670091 0.614669 0.560868 0.508162 0.456131 0.404176 0.352852 0.302154 0.250778 0.198332 0.145160 0.091203 0.035119 -0.024248 -0.082734 -0.143484
3.450474 3.429594 3.401293 3.368809 3.333837 3.287629 3.252817 3.217892 3.184238 3.159476 3.132876 3.099283 3.051452 2.998076 2.926457 2.859655 2.797937 2.758685 2.718579 2.649756 2.569747 2.504648 2.453216 2.385800 2.308263 2.246846 2.176953 2.100899 2.038313 1.963849 1.894317 1.823622 1.754108 1.680507 1.611172 1.541920 1.473300 1.405082 1.338193 1.271071 1.205960 1.142009 1.078856 1.017298 0.957015 0.898372 0.840603 0.784950 0.730281 0.676613 0.624030 0.572911 0.521838 0.470600 0.419511 0.369314 0.317838 0.264790 0.211344 0.156830 0.098464 0.037903 -0.022001 -0.084974
3.483264 3.462370 3.434296 3.401910 3.367102 3.320439 3.285794 3.250880 3.217209 3.192784 3.166055 3.132371 3.084389 3.031297 2.959366 2.892832 2.831213 2.792103 2.752086 2.682867 2.603351 2.538528 2.487537 2.419616 2.342856 2.282129 2.211634 2.136780 2.074357 2.000411 1.931356 1.861511 1.792515 1.719672 1.651244 1.582798 1.515444 1.448135 1.382335 1.316543 1.252844 1.190111 1.128377 1.068074 1.009585 0.952043 0.895688 0.841676 0.787920 0.735726 0.684348 0.634913 0.584325 0.533252 0.482466 0.432531 0.380353 0.326694 0.273285 0.217910 0.157148 0.095109 0.033741 -0.032050
3.413785 3.387354 3.351991 3.313219 3.271884 3.219255 3.179014 3.137658 3.098016 3.067612 3.035100 2.994865 2.941256 2.881706 2.803460 2.730275 2.663348 2.618831 2.571494 2.496876 2.410647 2.339091 2.281821 2.207826 2.123155 2.054634 1.978521 1.895302 1.825016 1.743721 1.666148 1.587059 1.509501 1.426903 1.348268 1.269907 1.191020 1.112238 1.034568 0.955775 0.878075 0.802379 0.725959 0.651635 0.577113 0.504964 0.433166 0.362533 0.293902 0.225745 0.158539 0.092612 0.029070 -0.034197 -0.095332 -0.156334 -0.216091 -0.275233 -0.334555 -0.392540 -0.452347 -0.511958 -0.571295 -0.631168
3.399368 3.373927 3.339915 3.302384 3.262311 3.211126 3.171800 3.131729 3.093203 3.063747 3.032329 2.993551 2.941104 2.882633 2.805878 2.733749 2.667673 2.624056 2.578245 2.504971 2.419588 2.348998 2.292772 2.220347 2.136604 2.069137 1.994500 1.911995 1.843083 1.762769 1.686437 1.608089 1.532167 1.450840 1.373451 1.296393 1.218748 1.141391 1.065093 0.987856 0.911775 0.837478 0.762827 0.690077 0.617392 0.546903 0.476932 0.408131 0.340972 0.275367 0.210156 0.146272 0.084486 0.023289 -0.036220 -0.095322 -0.153385 -0.210937 -0.268714 -0.325890 -0.383940 -0.442644 -0.501312 -0.560025
3.385044 3.360616 3.328007 3.291681 3.252780 3.203052 3.164626 3.125857 3.088482 3.059969 3.029728 2.992274 2.941069 2.883645 2.808322 2.737256 2.672136 2.629466 2.585073 2.513059 2.428629 2.358995 2.303876 2.232956 2.150092 2.083788 2.010499 1.928801 1.861188 1.781847 1.706781 1.629955 1.554853 1.474840 1.398727 1.322879 1.246514 1.170635 1.095642 1.019913 0.945461 0.872640 0.799715 0.728379 0.657590 0.588739 0.520638 0.453756 0.388147 0.324578 0.261392 0.199554 0.139527 0.080214 0.022261 -0.035071 -0.091575 -0.147489 -0.203537 -0.260290 -0.316777 -0.374760 -0.432969 -0.490749
3.370799 3.347430 3.316150 3.281047 3.243370 3.195047 3.157536 3.120033 3.083823 3.056288 3.027177 2.991093 2.941130 2.884765 2.810803 2.740793 2.676711 2.635023 2.592003 2.521207 2.437777 2.369104 2.315117 2.245556 2.163671 2.098509 2.026503 1.945715 1.879370 1.801014 1.727194 1.651387 1.577598 1.498828 1.424016 1.349391 1.274333 1.199791 1.126215 1.052029 0.979144 0.907794 0.836529 0.766806 0.697723 0.630530 0.564207 0.499246 0.435446 0.373507 0.312341 0.252410 0.194004 0.136513 0.080086 0.024397 -0.030684 -0.085143 -0.139716 -0.195936 -0.251057 -0.308674 -0.366441 -0.423246
3.356676 3.334346 3.304349 3.270492 3.233982 3.187117 3.150582 3.114203 3.079231 3.052761 3.024801 2.989982 2.941251 2.885962 2.813257 2.744365 2.681351 2.640762 2.599022 2.529382 2.446971 2.379381 2.326506 2.258132 2.177305 2.113314 2.042450 1.962698 1.897608 1.820241 1.747644 1.673056 1.600383 1.522903 1.449339 1.375980 1.302235 1.229042 1.156764 1.084110 1.012778 0.942938 0.873280 0.805076 0.737733 0.672263 0.607618 0.544377 0.482452 0.422113 0.362784 0.304750 0.248064 0.192208 0.137126 0.082968 0.029382 -0.023799 -0.077219 -0.132680 -0.186754 -0.244200 -0.301394 -0.357278
3.342660 3.321434 3.292685 3.260023 3.224714 3.179166 3.143691 3.108496 3.074719 3.049357 3.022547 2.988933 2.941476 2.887258 2.815770 2.747960 2.686109 2.646619 2.606065 2.537577 2.456206 2.389734 2.338038 2.270755 2.191026 2.128215 2.058547 1.979774 1.915891 1.839544 1.768197 1.694902 1.623244 1.547003 1.474696 1.402526 1.330053 1.258262 1.187364 1.116200 1.046361 0.977922 0.909956 0.843212 0.777543 0.713726 0.650820 0.589354 0.529515 0.470316 0.412883 0.356483 0.301301 0.247189 0.193585 0.140775 0.088359 0.036328 -0.016318 -0.070874 -0.124081 -0.181101 -0.237859 -0.293550
3.328747 3.308619 3.281120 3.249664 3.215567 3.171307 3.136926 3.102837 3.070303 3.046075 3.020347 2.987923 2.941769 2.888630 2.818350 2.751614 2.690957 2.652638 2.613195 2.545868 2.465571 2.400272 2.349644 2.283432 2.204804 2.143238 2.074554 1.996965 1.934194 1.858927 1.788801 1.716458 1.646095 1.571134 1.500065 1.429126 1.357958 1.287486 1.217899 1.148224 1.079900 1.012889 0.946449 0.881184 0.817218 0.755034 0.693749 0.634044 0.576018 0.518198 0.462442 0.407602 0.354059 0.301328 0.249228 0.197599 0.146359 0.095317 0.043229 -0.010342 -0.063088 -0.119498 -0.175936 -0.231776
3.314952 3.295982 3.269661 3.239429 3.206478 3.163572 3.130255 3.097197 3.065973 3.042918 3.018350 2.987055 2.942180 2.890059 2.820927 2.755325 2.695940 2.658800 2.620446 2.554199 2.474995 2.410875 2.361413 2.296180 2.218626 2.158376 2.090633 2.014269 1.952550 1.878358 1.809381 1.737918 1.669029 1.595278 1.525413 1.455718 1.385876 1.316671 1.248474 1.180231 1.113282 1.047716 0.982762 0.918937 0.856702 0.796101 0.736446 0.678333 0.621985 0.565694 0.511469 0.458156 0.405997 0.354802 0.304038 0.253478 0.203167 0.152880 0.101290 0.048771 -0.003724 -0.059667 -0.115827 -0.172070
3.301273 3.283498 3.258243 3.229249 3.197428 3.155762 3.123642 3.091623 3.061730 3.039883 3.016449 2.986265 2.942629 2.891618 2.823514 2.759089 2.700953 2.665163 2.627757 2.562541 2.484509 2.421619 2.373318 2.309028 2.232538 2.173602 2.106751 2.031613 1.970965 1.897873 1.830095 1.759978 1.691969 1.619438 1.550804 1.482312 1.413731 1.345845 1.278900 1.212115 1.146605 1.082413 1.018936 0.956493 0.895922 0.836830 0.778748 0.722333 0.667446 0.612593 0.559965 0.507941 0.457115 0.407253 0.357851 0.308294 0.259132 0.209178 0.157856 0.106308 0.053730 -0.001692 -0.057952 -0.115012
3.287712 3.271141 3.246978 3.219140 3.188482 3.148091 3.117150 3.086120 3.057563 3.036976 3.014646 2.985523 2.943210 2.893209 2.826156 2.762837 2.706111 2.671656 2.635166 2.570913 2.494091 2.432519 2.385313 2.321884 2.246479 2.188900 2.122895 2.049067 1.989412 1.917461 1.850848 1.782084 1.714893 1.643657 1.576267 1.508860 1.441615 1.374946 1.309357 1.243903 1.179751 1.117030 1.054907 0.993868 0.934852 0.877318 0.820718 0.765781 0.711841 0.659060 0.607842 0.557023 0.507566 0.458790 0.410527 0.361935 0.313556 0.264041 0.213132 0.162053 0.109503 0.054116 -0.001839 -0.060125
3.343942 3.322955 3.294434 3.261950 3.226873 3.181475 3.146257 3.111171 3.077634 3.052522 3.025840 2.992461 2.945162 2.891146 2.819882 2.752315 2.690677 2.651363 2.611019 2.542704 2.461605 2.395332 2.343881 2.276620 2.197208 2.134775 2.065050 1.986648 1.922863 1.846756 1.775598 1.702645 1.631233 1.555275 1.483218 1.411347 1.339322 1.267823 1.197259 1.126541 1.057128 0.989087 0.921508 0.855231 0.790076 0.726694 0.664284 0.603363 0.544258 0.485459 0.428575 0.372466 0.317779 0.263885 0.210656 0.158262 0.106174 0.053903 0.001172 -0.052850 -0.106746 -0.163918 -0.220666 -0.277366
3.341941 3.320947 3.292411 3.259952 3.224780 3.179480 3.144174 3.109175 3.075601 3.050439 3.023814 2.990398 2.943152 2.889138 2.817839 2.750202 2.688540 2.649287 2.608908 2.540623 2.459428 2.393214 2.341671 2.274481 2.194988 2.132484 2.062824 1.984442 1.920677 1.844537 1.773410 1.700313 1.628912 1.552917 1.480844 1.408950 1.336768 1.265235 1.194562 1.123740 1.054248 0.986135 0.918420 0.851964 0.786718 0.723252 0.660678 0.599588 0.540255 0.481351 0.424224 0.368197 0.313390 0.259390 0.206237 0.153738 0.101434 0.049492 -0.003163 -0.057427 -0.110818 -0.167886 -0.224664 -0.280646
3.337136 3.316066 3.287548 3.255101 3.220028 3.174721 3.139400 3.104396 3.070821 3.045629 3.018951 2.985528 2.938365 2.884310 2.813086 2.745423 2.683724 2.644432 2.604111 2.535829 2.454660 2.388224 2.336717 2.269746 2.190066 2.127438 2.057972 1.979269 1.915531 1.839345 1.768152 1.695005 1.623482 1.547358 1.475214 1.403191 1.330860 1.259166 1.188404 1.117393 1.047692 0.979420 0.911495 0.844910 0.779498 0.715773 0.653008 0.591725 0.532110 0.472998 0.415788 0.359503 0.304500 0.250474 0.197075 0.144476 0.092147 0.040538 -0.011953 -0.066288 -0.119152 -0.175970 -0.232481 -0.287787
3.326655 3.305639 3.277123 3.244729 3.209640 3.164416 3.129100 3.094034 3.060530 3.035344 3.008683 2.975239 2.928115 2.874011 2.802816 2.735099 2.673455 2.634188 2.593846 2.525570 2.444264 2.377829 2.326448 2.259362 2.179439 2.116948 2.047309 1.968438 1.904609 1.828183 1.756908 1.683538 1.611853 1.535521 1.463145 1.390929 1.318325 1.246374 1.175189 1.103956 1.033862 0.965235 0.896932 0.829994 0.764190 0.699993 0.636791 0.575063 0.514647 0.455408 0.397798 0.340993 0.285669 0.231373 0.177803 0.124783 0.072295 0.021032 -0.031352 -0.085742 -0.137968 -0.194120 -0.250273 -0.305167
3.300778 3.279833 3.250924 3.218879 3.183682 3.138811 3.103204 3.068406 3.034964 3.009666 2.983201 2.949561 2.902510 2.848005 2.777104 2.709377 2.647917 2.608757 2.568053 2.499474 2.418157 2.351967 2.300596 2.232935 2.152684 2.090718 2.020238 1.941505 1.877226 1.800417 1.728805 1.654746 1.582762 1.506079 1.433096 1.360198 1.286964 1.214142 1.142068 1.069991 0.998964 0.929171 0.859916 0.791565 0.724681 0.659075 0.594482 0.531442 0.468681 0.408686 0.349839 0.291772 0.235183 0.179807 0.125185 0.071195 0.018158 -0.033958 -0.086320 -0.141099 -0.193160 -0.248695 -0.304725 -0.358797
3.227686 3.207200 3.177460 3.146320 3.110219 3.066689 3.029757 2.996292 2.962673 2.936577 2.910816 2.877363 2.830584 2.774238 2.704071 2.637025 2.575810 2.536306 2.494857 2.425130 2.344142 2.279052 2.227214 2.157426 2.077613 2.016218 1.943716 1.865543 1.799873 1.722646 1.649778 1.575077 1.501224 1.423884 1.349303 1.274875 1.200063 1.124897 1.050914 0.976374 0.902979 0.830236 0.758306 0.686727 0.616952 0.547649 0.479488 0.413016 0.346271 0.282509 0.219852 0.157806 0.097640 0.038660 -0.019369 -0.076768 -0.132193 -0.187827 -0.242355 -0.298537 -0.351369 -0.407985 -0.463857 -0.517531
3.034253 3.015268 2.982930 2.951443 2.913452 2.870919 2.833791 2.800559 2.767250 2.741078 2.716746 2.683149 2.638127 2.578284 2.505662 2.439758 2.380541 2.342062 2.299515 2.225464 2.144404 2.082644 2.032571 1.954397 1.876325 1.817349 1.738596 1.663159 1.595098 1.515821 1.441220 1.364349 1.287417 1.208430 1.131018 1.053366 0.975623 0.895891 0.817651 0.738890 0.659819 0.582027 0.503879 0.426641 0.350450 0.274837 0.199778 0.125528 0.051012 -0.021090 -0.092089 -0.164138 -0.232838 -0.300757 -0.366581 -0.433164 -0.495915 -0.560553 -0.622327 -0.683853 -0.742257 -0.804347 -0.862669 -0.914981
2.586919 2.571404 2.525340 2.486610 2.447259 2.398603 2.372765 2.329002 2.298708 2.282338 2.259891 2.214188 2.178632 2.115359 2.031853 1.963601 1.913599 1.885314 1.836330 1.754808 1.670625 1.616277 1.580491 1.476773 1.399196 1.350433 1.252681 1.189234 1.118408 1.030193 0.958674 0.878653 0.796393 0.713979 0.633503 0.551179 0.469230 0.383393 0.298576 0.214692 0.123787 0.041163 -0.048822 -0.132776 -0.221536 -0.302679 -0.387087 -0.476813 -0.558880 -0.650004 -0.737358 -0.830356 -0.912947 -0.999261 -1.076014 -1.163402 -1.242904 -1.322537 -1.404707 -1.476736 -1.551019 -1.623820 -1.694151 -1.746484
1.699799 1.696238 1.597400 1.532121 1.516037 1.422228 1.444260 1.361331 1.337700 1.360755 1.340422 1.236650 1.236549 1.174597 1.073300 0.983950 0.964647 0.966707 0.894385 0.810187 0.707859 0.674332 0.680190 0.516364 0.433866 0.408747 0.258560 0.237790 0.162724 0.050950 -0.000151 -0.077279 -0.171892 -0.261874 -0.342196 -0.428029 -0.515628 -0.604698 -0.696593 -0.783510 -0.895420 -0.976698 -1.084971 -1.172850 -1.283055 -1.360010 -1.451662 -1.567613 -1.648849 -1.774080 -1.880243 -2.022809 -2.118636 -2.236652 -2.318137 -2.442540 -2.549757 -2.643990 -2.769384 -2.853614 -2.957537 -3.035939 -3.141589 -3.196773
0.223245 0.270346 0.024655 -0.114602 0.093882 -0.272000 -0.116901 -0.288952 -0.310245 -0.197034 -0.211168 -0.466843 -0.370734 -0.425864 -0.544280 -0.702866 -0.640207 -0.590402 -0.702720 -0.776483 -0.953026 -0.911614 -0.832302 -1.115167 -1.206085 -1.198187 -1.478050 -1.376426 -1.464168 -1.621940 -1.619448 -1.679202 -1.798528 -1.907898 -1.978693 -2.063434 -2.162944 -2.242885 -2.339093 -2.423274 -2.568345 -2.632457 -2.765368 -2.849674 -2.991541 -3.041877 -3.130983 -3.286197 -3.345639 -3.523333 -3.646869 -3.881669 -3.975816 -4.138204 -4.196989 -4.372883 -4.511606 -4.599992 -4.801857 -4.885063 -5.024912 -5.078333 -5.257787 -5.314381
3.349936 3.330126 3.301825 3.268140 3.235110 3.186811 3.155468 3.117583 3.083562 3.060744 3.031947 2.998531 2.950463 2.900196 2.826954 2.760510 2.696899 2.659096 2.619258 2.552918 2.472980 2.405083 2.354643 2.288577 2.206872 2.147647 2.076156 2.001644 1.935323 1.858576 1.788223 1.716336 1.643811 1.568686 1.497159 1.424654 1.352875 1.282820 1.210335 1.142468 1.073096 1.005041 0.937409 0.869781 0.806327 0.740113 0.677964 0.615198 0.553066 0.494382 0.434885 0.379690 0.320262 0.266318 0.208140 0.151388 0.096471 0.032920 -0.021177 -0.079399 -0.138767 -0.200634 -0.261888 -0.328127
3.356649 3.333996 3.307493 3.274852 3.239515 3.192305 3.157581 3.123170 3.090457 3.065137 3.038200 3.007165 2.958546 2.904296 2.830567 2.763015 2.703333 2.664090 2.626405 2.553707 2.469525 2.408309 2.355510 2.286890 2.208290 2.149588 2.075641 2.002549 1.936914 1.861015 1.789436 1.716807 1.644478 1.569736 1.497329 1.424554 1.351502 1.280808 1.210282 1.139357 1.070409 1.002422 0.934506 0.867689 0.802965 0.738482 0.676521 0.615365 0.555748 0.496262 0.439499 0.383215 0.328448 0.274911 0.221111 0.167567 0.113569 0.060080 0.007924 -0.045729 -0.101294 -0.156154 -0.213352 -0.271339
3.352175 3.328813 3.303959 3.269899 3.233528 3.187021 3.151672 3.118024 3.084823 3.058776 3.032299 3.001523 2.952974 2.897469 2.822747 2.754865 2.697578 2.658127 2.618574 2.544629 2.459916 2.402374 2.349001 2.276358 2.199013 2.143636 2.064726 1.994071 1.927472 1.851366 1.780173 1.707881 1.635019 1.559940 1.487511 1.415396 1.342815 1.271922 1.201785 1.131246 1.062163 0.995139 0.927592 0.862402 0.797763 0.736112 0.675068 0.615333 0.558953 0.499275 0.443320 0.385914 0.333328 0.280423 0.228592 0.177293 0.125098 0.075758 0.024691 -0.026949 -0.077876 -0.128706 -0.182996 -0.236630
3.346285 3.324950 3.297940 3.264644 3.229049 3.183157 3.148001 3.113799 3.080072 3.055094 3.028787 2.995364 2.947171 2.892324 2.820094 2.752069 2.693669 2.655348 2.612953 2.542096 2.459822 2.398651 2.346892 2.275328 2.196422 2.139497 2.063411 1.989165 1.923508 1.847048 1.776304 1.703738 1.631484 1.555902 1.483744 1.412180 1.340350 1.268791 1.198678 1.128177 1.059040 0.991890 0.924594 0.859854 0.795310 0.734040 0.673172 0.613471 0.557108 0.497617 0.441235 0.383657 0.331276 0.278603 0.227373 0.176425 0.125193 0.076762 0.024691 -0.026236 -0.075274 -0.126545 -0.180473 -0.233296
3.344250 3.323654 3.294917 3.262710 3.227831 3.182232 3.146971 3.112090 3.078605 3.053912 3.027520 2.993354 2.945579 2.891499 2.820591 2.752696 2.691950 2.653773 2.611842 2.543382 2.462359 2.396980 2.346340 2.277733 2.197479 2.137311 2.066143 1.988053 1.924130 1.847485 1.776880 1.703893 1.632352 1.556541 1.484494 1.412985 1.341427 1.269722 1.199411 1.128857 1.059697 0.992131 0.924804 0.859472 0.794675 0.732458 0.670892 0.610613 0.552697 0.493647 0.436748 0.380155 0.326790 0.273680 0.221665 0.169815 0.118494 0.068291 0.015357 -0.037257 -0.087688 -0.142499 -0.198519 -0.252353
3.345238 3.324334 3.295647 3.263332 3.228427 3.182927 3.147698 3.112607 3.079082 3.054087 3.027538 2.993962 2.946535 2.892572 2.821405 2.753778 2.692097 2.653092 2.612558 2.544276 2.463253 2.396868 2.345835 2.278476 2.198661 2.136584 2.067020 1.988411 1.924804 1.848485 1.777562 1.704508 1.633175 1.557297 1.485274 1.413559 1.341724 1.270202 1.199758 1.129066 1.059748 0.991877 0.924356 0.858294 0.793343 0.730160 0.667910 0.607076 0.548117 0.489297 0.432392 0.376274 0.321969 0.268231 0.214909 0.162652 0.110516 0.058957 0.006350 -0.048264 -0.100807 -0.158233 -0.215619 -0.270704
3.345028 3.323978 3.295425 3.262935 3.227858 3.182428 3.147248 3.112130 3.078613 3.053532 3.026915 2.993531 2.946172 2.892157 2.820791 2.753226 2.691612 2.652297 2.611993 2.543611 2.462431 2.396220 2.344786 2.277543 2.198057 2.135623 2.066043 1.987638 1.923963 1.847771 1.776790 1.703711 1.632323 1.556400 1.484416 1.412593 1.340611 1.269149 1.198659 1.127886 1.058497 0.990497 0.922958 0.856736 0.791681 0.728302 0.665879 0.604960 0.545936 0.487134 0.430255 0.374220 0.319543 0.265670 0.211973 0.159557 0.107313 0.055714 0.003024 -0.051901 -0.104835 -0.162673 -0.219962 -0.275252
3.343665 3.322664 3.294105 3.261653 3.226533 3.181175 3.145935 3.110918 3.077356 3.052206 3.025568 2.992140 2.944933 2.890859 2.819615 2.751999 2.690317 2.651040 2.610729 2.542423 2.461318 2.394956 2.343511 2.276414 2.196792 2.134346 2.064839 1.986348 1.922623 1.846408 1.775420 1.702344 1.630948 1.555019 1.482949 1.411162 1.339120 1.267634 1.197086 1.126339 1.056878 0.988900 0.921299 0.855088 0.789916 0.726535 0.664090 0.603174 0.543981 0.485149 0.428235 0.372138 0.317425 0.263646 0.210163 0.157739 0.105473 0.053807 0.001114 -0.053547 -0.106401 -0.163825 -0.220971 -0.276519
3.340675 3.319658 3.291126 3.258677 3.223573 3.178244 3.142922 3.107923 3.074333 3.049181 3.022518 2.989131 2.941873 2.887795 2.816565 2.748950 2.687278 2.647955 2.607595 2.539352 2.458167 2.391882 2.340302 2.273242 2.193685 2.131135 2.061560 1.983046 1.919293 1.843134 1.772007 1.698984 1.627471 1.551434 1.479352 1.407422 1.335190 1.263619 1.192910 1.122066 1.052450 0.984295 0.916494 0.850133 0.784751 0.721192 0.658564 0.597356 0.537934 0.479017 0.421856 0.365723 0.310782 0.256961 0.203625 0.151098 0.098748 0.046937 -0.005495 -0.059998 -0.113118 -0.170144 -0.226818 -0.282464
3.332227 3.311159 3.282604 3.250161 3.215034 3.169771 3.134459 3.099468 3.065917 3.040795 3.014115 2.980681 2.933454 2.879449 2.808190 2.740486 2.678851 2.639552 2.599101 2.530887 2.449667 2.383288 2.331756 2.264773 2.185007 2.122356 2.052833 1.974133 1.910302 1.834028 1.762758 1.689477 1.617939 1.541716 1.469425 1.397305 1.324784 1.253067 1.182068 1.110991 1.041095 0.972604 0.904587 0.837754 0.772164 0.708336 0.645380 0.583920 0.524029 0.464767 0.407342 0.350832 0.295736 0.241545 0.188379 0.135659 0.083467 0.031532 -0.020950 -0.074732 -0.127746 -0.183997 -0.239900 -0.295593
3.350240 3.329602 3.301710 3.269565 3.234931 3.189926 3.154810 3.119989 3.086452 3.061297 3.034598 3.001517 2.954448 2.901028 2.830304 2.762912 2.700926 2.661399 2.621329 2.553709 2.472823 2.406275 2.354724 2.288454 2.208777 2.146284 2.077188 1.998591 1.935011 1.859001 1.788036 1.715056 1.644075 1.568289 1.496556 1.424878 1.353022 1.281797 1.211633 1.141056 1.071945 1.004323 0.937006 0.871215 0.806417 0.743449 0.681422 0.620933 0.562092 0.503659 0.447118 0.391565 0.337168 0.283660 0.230783 0.178577 0.126511 0.074707 0.022187 -0.032000 -0.085357 -0.142453 -0.199245 -0.255624
3.341747 3.320777 3.292333 3.259922 3.224866 3.179592 3.144337 3.109325 3.075785 3.050654 3.024017 2.990641 2.943456 2.889498 2.818300 2.750692 2.688980 2.649682 2.609369 2.541141 2.460050 2.393697 2.342152 2.275125 2.195601 2.133064 2.063543 1.985014 1.921356 1.845209 1.774098 1.700971 1.629607 1.553594 1.481559 1.409703 1.337460 1.265921 1.195332 1.124462 1.054930 0.986824 0.919104 0.852806 0.787460 0.724039 0.661482 0.600398 0.540974 0.482056 0.425039 0.368974 0.314182 0.260331 0.207080 0.154472 0.102281 0.050470 -0.002005 -0.056445 -0.109574 -0.166746 -0.223225 -0.278951
3.333357 3.312007 3.283033 3.250211 3.214734 3.169142 3.133593 3.098396 3.064622 3.039386 3.012566 2.978986 2.931530 2.877166 2.805638 2.737753 2.676093 2.636900 2.596364 2.527798 2.446263 2.379965 2.328509 2.261147 2.181283 2.118754 2.048950 1.970223 1.906452 1.830015 1.758793 1.685398 1.613758 1.537535 1.465184 1.392974 1.320399 1.248585 1.177532 1.106386 1.036380 0.967828 0.899654 0.832844 0.767047 0.702996 0.640000 0.578359 0.518216 0.459015 0.401419 0.344800 0.289580 0.235279 0.181606 0.128694 0.076330 0.024325 -0.028215 -0.082735 -0.135664 -0.192351 -0.248984 -0.304490
3.325284 3.303434 3.273883 3.240499 3.204577 3.158616 3.122642 3.087213 3.053050 3.027594 3.000571 2.966742 2.918979 2.864217 2.792497 2.724197 2.662378 2.623120 2.582525 2.513717 2.431620 2.365168 2.313883 2.246398 2.165981 2.103401 2.033529 1.954399 1.890534 1.813666 1.742325 1.668445 1.596772 1.520262 1.447452 1.375038 1.302080 1.229900 1.158401 1.086905 1.016487 0.947481 0.878807 0.811484 0.745103 0.680695 0.617144 0.554928 0.494076 0.434488 0.376251 0.319122 0.263295 0.208568 0.154569 0.101238 0.048617 -0.003523 -0.056308 -0.110989 -0.163962 -0.220112 -0.276406 -0.331975
3.317552 3.295159 3.264890 3.230917 3.194458 3.148138 3.111563 3.075840 3.041236 3.015496 2.988167 2.954070 2.906007 2.850821 2.778858 2.710089 2.647918 2.608719 2.567954 2.499009 2.416285 2.349491 2.298462 2.230962 2.149757 2.087227 2.017296 1.937507 1.873756 1.796299 1.724907 1.650686 1.578730 1.501983 1.428794 1.356025 1.282714 1.210190 1.138243 1.066397 0.995443 0.925951 0.856779 0.788931 0.721961 0.657043 0.592979 0.530139 0.468250 0.408492 0.349676 0.291961 0.235535 0.180289 0.125838 0.072171 0.019171 -0.033454 -0.086285 -0.141021 -0.193952 -0.249440 -0.305982 -0.361557
3.310172 3.287322 3.256115 3.221556 3.184438 3.137687 3.100500 3.064440 3.029278 3.003258 2.975593 2.941160 2.892783 2.837103 2.764869 2.695471 2.632967 2.593755 2.552854 2.483822 2.400419 2.333095 2.282407 2.214897 2.132871 2.070252 2.000353 1.919856 1.856223 1.778169 1.706734 1.632316 1.559886 1.482908 1.409277 1.336222 1.262519 1.189526 1.117202 1.044931 0.973410 0.903400 0.833698 0.765256 0.697749 0.632232 0.567585 0.504114 0.442343 0.381291 0.321712 0.263306 0.206377 0.150469 0.095653 0.041513 -0.011935 -0.064938 -0.117905 -0.172870 -0.226031 -0.280926 -0.337235 -0.393122
3.303282 3.279974 3.247642 3.212463 3.174613 3.127345 3.089480 3.053107 3.017322 2.991008 2.963098 2.928217 2.879592 2.823177 2.750543 2.680570 2.617612 2.578476 2.537391 2.468168 2.384021 2.316152 2.265809 2.198259 2.115343 2.052553 1.982820 1.901594 1.838125 1.759438 1.688065 1.612775 1.540465 1.463203 1.389180 1.315803 1.241755 1.168281 1.095413 1.022792 0.950645 0.880069 0.809761 0.740732 0.672576 0.606374 0.541124 0.476953 0.414630 0.352711 0.292539 0.233282 0.175572 0.119218 0.063778 0.009107 -0.044581 -0.098073 -0.151695 -0.206484 -0.259584 -0.314199 -0.370548 -0.426532
3.296968 3.273221 3.239447 3.203768 3.165013 3.117212 3.078614 3.041890 3.005493 2.978969 2.950947 2.915428 2.866539 2.809200 2.736061 2.665408 2.602041 2.563116 2.521688 2.452183 2.367311 2.298752 2.248862 2.181056 2.097472 2.034316 1.964684 1.882802 1.819691 1.740323 1.669026 1.593398 1.520639 1.443121 1.368686 1.295068 1.220680 1.146551 1.073154 1.000120 0.927395 0.856150 0.785236 0.715404 0.646587 0.579580 0.513725 0.448733 0.384947 0.322996 0.261895 0.202044 0.143505 0.086513 0.030482 -0.024844 -0.078924 -0.132945 -0.186993 -0.241816 -0.295261 -0.349560 -0.405682 -0.461854
3.291294 3.267175 3.231573 3.195499 3.155721 3.107304 3.068008 3.030857 2.993974 2.967301 2.939302 2.902919 2.853978 2.795381 2.721438 2.650086 2.586372 2.547787 2.505978 2.435982 2.350392 2.281114 2.231657 2.163342 2.079325 2.015551 1.946203 1.863659 1.800993 1.721059 1.649809 1.573968 1.500605 1.422813 1.347999 1.274111 1.199486 1.124654 1.050612 0.977141 0.903786 0.831811 0.760184 0.689501 0.620023 0.551994 0.485332 0.419386 0.355124 0.292062 0.230118 0.169484 0.110160 0.052426 -0.004213 -0.060250 -0.114823 -0.169263 -0.224072 -0.278913 -0.332345 -0.386573 -0.442620 -0.498935
3.286328 3.261984 3.224126 3.187823 3.146797 3.097689 3.057731 3.020162 2.982852 2.956124 2.928415 2.890891 2.842018 2.781849 2.706835 2.634727 2.570754 2.532747 2.490339 2.419596 2.333365 2.263445 2.214346 2.145171 2.061065 1.996461 1.927380 1.844384 1.782198 1.701821 1.630703 1.554344 1.480587 1.402516 1.327360 1.253259 1.178481 1.102813 1.028002 0.954122 0.880080 0.807236 0.734747 0.663235 0.593044 0.523797 0.456251 0.389291 0.323858 0.260007 0.197293 0.135698 0.075582 0.017102 -0.040438 -0.097087 -0.152217 -0.207219 -0.262692 -0.317504 -0.371278 -0.425200 -0.481255 -0.537693
3.367838 3.348189 3.321066 3.290358 3.257162 3.213982 3.181454 3.149284 3.118414 3.095364 3.069503 3.035257 2.986027 2.930534 2.859977 2.797032 2.741766 2.705178 2.661300 2.587576 2.508878 2.451356 2.399914 2.326566 2.251456 2.193270 2.119604 2.045187 1.981764 1.906754 1.836975 1.764995 1.695120 1.620703 1.550224 1.479949 1.409687 1.340104 1.271580 1.202893 1.135651 1.070008 1.004825 0.941086 0.878514 0.817949 0.758256 0.700168 0.643105 0.587595 0.533354 0.479858 0.427508 0.375724 0.324418 0.273231 0.222124 0.170386 0.117607 0.063689 0.009089 -0.048316 -0.106255 -0.165957
3.359300 3.339214 3.311625 3.280333 3.246550 3.202703 3.169296 3.136230 3.104585 3.080871 3.054865 3.020839 2.972233 2.917157 2.846251 2.781772 2.724551 2.687340 2.644726 2.572502 2.492745 2.432569 2.381456 2.309997 2.233079 2.173915 2.101476 2.025530 1.962252 1.886732 1.816638 1.743939 1.673865 1.598975 1.527970 1.457133 1.386288 1.316067 1.246843 1.177462 1.109477 1.043032 0.977040 0.912470 0.849004 0.787544 0.726890 0.667851 0.610555 0.553453 0.498381 0.444166 0.391039 0.338615 0.286618 0.235138 0.183727 0.132034 0.079379 0.025533 -0.028590 -0.085902 -0.143252 -0.201681
3.350980 3.330480 3.302461 3.270691 3.236258 3.191790 3.157521 3.123643 3.091131 3.066847 3.040557 3.006800 2.958848 2.904160 2.833050 2.767078 2.707964 2.669957 2.628363 2.557842 2.477275 2.414429 2.363331 2.293805 2.215487 2.154973 2.083826 2.006686 1.943277 1.867380 1.796869 1.723870 1.653310 1.577903 1.506400 1.435102 1.363596 1.292793 1.222909 1.152898 1.084159 1.016961 0.950188 0.884766 0.820482 0.758123 0.696688 0.636638 0.578363 0.520483 0.464487 0.409357 0.355596 0.302450 0.249918 0.197965 0.146210 0.094595 0.041863 -0.012024 -0.065664 -0.122743 -0.179982 -0.236900
3.342905 3.321987 3.293607 3.261307 3.226319 3.181242 3.146157 3.111409 3.078128 3.053158 3.026620 2.993124 2.945699 2.891534 2.820276 2.753037 2.691981 2.653042 2.612400 2.543515 2.462485 2.397053 2.345649 2.277938 2.198622 2.136617 2.066644 1.988467 1.924834 1.848718 1.777729 1.704733 1.633403 1.557528 1.485550 1.413749 1.341691 1.270364 1.199793 1.129136 1.059724 0.991788 0.924231 0.858123 0.792955 0.729675 0.667316 0.606473 0.547263 0.488519 0.431719 0.375855 0.321106 0.267462 0.214319 0.161834 0.109806 0.058038 0.005423 -0.048859 -0.102034 -0.159061 -0.215770 -0.271858
3.335078 3.313805 3.284982 3.252224 3.216748 3.171029 3.135204 3.099667 3.065518 3.039958 3.013084 2.979798 2.932940 2.879224 2.807977 2.739605 2.676645 2.636573 2.596730 2.529650 2.448348 2.380319 2.328300 2.262515 2.182540 2.118784 2.050064 1.970912 1.906891 1.830728 1.759206 1.685893 1.614161 1.537831 1.465438 1.393202 1.320566 1.248586 1.177494 1.106160 1.036132 0.967531 0.899268 0.832284 0.766445 0.702240 0.639059 0.577309 0.516937 0.457672 0.399947 0.343240 0.287884 0.233436 0.179726 0.126815 0.074242 0.022325 -0.030363 -0.084833 -0.137678 -0.194645 -0.251064 -0.306208
3.327465 3.305867 3.276702 3.243477 3.207499 3.161226 3.124611 3.088299 3.053340 3.027111 2.999940 2.966828 2.920528 2.867397 2.796221 2.726745 2.661873 2.620602 2.581416 2.516133 2.434906 2.364294 2.311396 2.247567 2.167252 2.101450 2.033943 1.954145 1.889488 1.813449 1.741266 1.667479 1.595605 1.518832 1.446032 1.373351 1.300198 1.227686 1.156044 1.084103 1.013498 0.944115 0.875082 0.807446 0.740835 0.675770 0.611803 0.549203 0.487807 0.427848 0.369190 0.311796 0.255580 0.200523 0.146307 0.092795 0.039681 -0.012488 -0.065129 -0.119979 -0.172756 -0.229319 -0.285737 -0.340094
3.320133 3.298177 3.268660 3.235039 3.198583 3.151772 3.114440 3.077328 3.041558 3.014705 2.987177 2.954231 2.908462 2.855958 2.784957 2.714513 2.647807 2.605079 2.566379 2.503008 2.422171 2.348984 2.294821 2.233114 2.152706 2.084624 2.018324 1.938000 1.872635 1.796825 1.723928 1.649994 1.577739 1.500490 1.427326 1.354243 1.280572 1.207515 1.135359 1.062847 0.991633 0.921593 0.851988 0.783515 0.716296 0.650412 0.585553 0.522218 0.459662 0.399093 0.339590 0.281300 0.224420 0.168691 0.113881 0.059823 0.006235 -0.046369 -0.099388 -0.154171 -0.207161 -0.263314 -0.319448 -0.373647
3.313027 3.290778 3.260989 3.226901 3.189965 3.142666 3.104687 3.066791 3.030221 3.002678 2.974773 2.942008 2.896716 2.844884 2.774214 2.702871 2.634358 2.590101 2.551686 2.490257 2.410046 2.334397 2.278664 2.219186 2.138908 2.068312 2.003250 1.922564 1.856274 1.780883 1.707245 1.633366 1.560506 1.482831 1.409373 1.335892 1.261729 1.188218 1.115517 1.042443 0.970673 0.899933 0.829743 0.760647 0.692727 0.625987 0.560344 0.496203 0.432637 0.371448 0.311023 0.251956 0.194349 0.137789 0.082633 0.027721 -0.026310 -0.079388 -0.132792 -0.187587 -0.240625 -0.296309 -0.352213 -0.406376
3.306169 3.283650 3.253495 3.219095 3.181680 3.133929 3.095271 3.056663 3.019296 2.991088 2.962814 2.930103 2.885366 2.834175 2.763905 2.691849 2.621506 2.575543 2.537263 2.477946 2.398596 2.320517 2.262878 2.205725 2.125891 2.052601 1.988633 1.907843 1.840501 1.765668 1.691127 1.616925 1.543939 1.465967 1.392155 1.318257 1.243666 1.169622 1.096485 1.022896 0.950627 0.879273 0.808433 0.738626 0.670165 0.602578 0.536220 0.471309 0.408221 0.344794 0.283571 0.223670 0.165339 0.108165 0.052360 -0.003339 -0.057840 -0.111556 -0.165489 -0.220193 -0.273619 -0.328838 -0.384542 -0.439008
3.299535 3.276758 3.246372 3.211583 3.173740 3.125565 3.086245 3.046976 3.008830 2.979945 2.951199 2.918545 2.874312 2.823886 2.754101 2.681444 2.609318 2.561460 2.523216 2.466002 2.387869 2.307343 2.247495 2.192696 2.113635 2.037425 1.974616 1.893816 1.825205 1.751139 1.675658 1.601408 1.528104 1.449719 1.375621 1.301406 1.226355 1.151869 1.078252 1.004167 0.931423 0.859448 0.788059 0.717633 0.648554 0.580186 0.513058 0.447439 0.382333 0.319236 0.257076 0.196543 0.137455 0.079490 0.023267 -0.033179 -0.088581 -0.142728 -0.197228 -0.252031 -0.305658 -0.360698 -0.416362 -0.471172
3.329144 3.309727 3.282839 3.251959 3.218191 3.174197 3.139877 3.105528 3.072904 3.048165 3.021824 2.988607 2.941552 2.887367 2.815872 2.747711 2.685573 2.645479 2.604414 2.534954 2.452664 2.385125 2.332030 2.263669 2.182322 2.117942 2.046436 1.965724 1.899790 1.821520 1.747844 1.672089 1.598281 1.519406 1.444583 1.369699 1.294341 1.219658 1.145510 1.071387 0.998182 0.926432 0.854945 0.784866 0.715660 0.648144 0.581513 0.516338 0.452810 0.390100 0.329012 0.268769 0.210020 0.152163 0.095600 0.039409 -0.016175 -0.071689 -0.126901 -0.183466 -0.240587 -0.298581 -0.357404 -0.418178
3.331599 3.311840 3.284583 3.253377 3.219312 3.175025 3.140474 3.105999 3.073096 3.048290 3.021882 2.988635 2.941566 2.887358 2.815920 2.747925 2.685835 2.645928 2.605021 2.535829 2.453794 2.386521 2.333808 2.265698 2.184734 2.120759 2.049685 1.969429 1.904015 1.826238 1.753109 1.677992 1.604658 1.526438 1.452211 1.377953 1.303301 1.229339 1.155908 1.082561 1.010165 0.939215 0.868570 0.798799 0.730922 0.664400 0.598707 0.534337 0.471190 0.409859 0.349704 0.290387 0.232556 0.175662 0.119777 0.064411 0.009576 -0.045082 -0.099632 -0.155678 -0.211993 -0.269532 -0.327877 -0.387534
3.334074 3.313971 3.286351 3.254761 3.220428 3.175833 3.141040 3.106450 3.073351 3.048420 3.021955 2.988661 2.941546 2.887385 2.815996 2.748105 2.686143 2.646407 2.605639 2.536726 2.454940 2.387901 2.335527 2.267742 2.187190 2.123598 2.052960 1.973216 1.908271 1.830942 1.758389 1.683913 1.611053 1.533440 1.459830 1.386259 1.312312 1.239012 1.166376 1.093731 1.022151 0.951944 0.882169 0.813710 0.746240 0.680514 0.615703 0.552257 0.490307 0.429618 0.370219 0.311849 0.254904 0.198943 0.143636 0.089129 0.035155 -0.018616 -0.072585 -0.128404 -0.183588 -0.240985 -0.298660 -0.357239
3.336575 3.316117 3.288117 3.256164 3.221506 3.176649 3.141654 3.106878 3.073579 3.048576 3.022056 2.988710 2.941522 2.887387 2.816110 2.748288 2.686465 2.646892 2.606258 2.537629 2.456076 2.389361 2.337311 2.269769 2.189625 2.126473 2.056285 1.976993 1.912559 1.835675 1.763665 1.689722 1.617446 1.540480 1.467475 1.394550 1.321260 1.248712 1.176825 1.104865 1.034062 0.964719 0.895690 0.828070 0.761476 0.696617 0.632634 0.570162 0.509008 0.449190 0.390684 0.333296 0.277096 0.221947 0.167589 0.113735 0.060551 0.007531 -0.045903 -0.101094 -0.155543 -0.212641 -0.270033 -0.327275
3.339050 3.318215 3.289887 3.257593 3.222610 3.177421 3.142275 3.107324 3.073832 3.048732 3.022099 2.988722 2.941516 2.887465 2.816166 2.748498 2.686773 2.647378 2.606938 2.538510 2.457202 2.390777 2.339076 2.271818 2.192083 2.129301 2.059558 1.980767 1.916805 1.840397 1.768981 1.695619 1.623856 1.547505 1.475091 1.402810 1.330255 1.258339 1.187268 1.115954 1.046011 0.977381 0.909245 0.842423 0.776643 0.712689 0.649542 0.587961 0.528004 0.468606 0.411074 0.354527 0.299154 0.244885 0.191154 0.138264 0.085524 0.033393 -0.019384 -0.074091 -0.127405 -0.184477 -0.241646 -0.297785
3.341586 3.320366 3.291691 3.259012 3.223784 3.178251 3.142837 3.107777 3.074112 3.048874 3.022212 2.988772 2.941530 2.887476 2.816271 2.748705 2.687090 2.647871 2.607608 2.539429 2.458361 2.392252 2.340834 2.273914 2.194543 2.132168 2.062821 1.984556 1.921043 1.845150 1.774260 1.701421 1.630235 1.554533 1.482749 1.411105 1.339200 1.267946 1.197649 1.127094 1.057891 0.990105 0.922692 0.856670 0.791773 0.728596 0.666386 0.605653 0.546555 0.488053 0.431280 0.375609 0.321142 0.267633 0.214699 0.162522 0.110529 0.059114 0.006785 -0.047288 -0.100104 -0.156880 -0.213192 -0.268508
3.344119 3.322483 3.293427 3.260405 3.224866 3.179067 3.143474 3.108215 3.074382 3.049048 3.022267 2.988798 2.941497 2.887540 2.816334 2.748883 2.687386 2.648347 2.608278 2.540290 2.459530 2.393704 2.342590 2.276021 2.197016 2.135056 2.066124 1.988357 1.925332 1.849866 1.779563 1.707199 1.636653 1.561575 1.490347 1.419386 1.348185 1.277648 1.208076 1.138193 1.069796 1.002772 0.936220 0.870881 0.806784 0.744471 0.683139 0.623252 0.565054 0.507305 0.451404 0.396429 0.342913 0.290146 0.238134 0.186600 0.135348 0.084498 0.032671 -0.020448 -0.072780 -0.129177 -0.185128 -0.239784
3.346621 3.324618 3.295156 3.261845 3.225981 3.179911 3.144138 3.108651 3.074661 3.049250 3.022386 2.988891 2.941518 2.887559 2.816414 2.749114 2.687736 2.648854 2.608945 2.541229 2.460731 2.395145 2.344341 2.278157 2.199483 2.137925 2.069428 1.992182 1.929625 1.854641 1.784893 1.713012 1.643053 1.568539 1.498007 1.427706 1.357153 1.287271 1.218493 1.149253 1.081634 1.015416 0.949620 0.885137 0.821884 0.760396 0.699885 0.640801 0.583426 0.526433 0.471383 0.417188 0.364367 0.312477 0.261348 0.210553 0.159932 0.109635 0.058287 0.005968 -0.045924 -0.101473 -0.156770 -0.211165
3.349181 3.326771 3.296942 3.263268 3.227100 3.180746 3.144739 3.109076 3.074950 3.049423 3.022459 2.988921 2.941521 2.887600 2.816541 2.749294 2.688065 2.649329 2.609602 2.542151 2.461860 2.396600 2.346146 2.280351 2.201966 2.140817 2.072755 1.996005 1.933881 1.859431 1.790218 1.718750 1.649476 1.575606 1.505637 1.435983 1.366064 1.296911 1.228861 1.160349 1.093470 1.028031 0.962988 0.899206 0.836792 0.776134 0.716452 0.658306 0.601698 0.545563 0.491226 0.437836 0.385829 0.334618 0.284571 0.234290 0.184452 0.134453 0.083611 0.032402 -0.019390 -0.074212 -0.128491 -0.183340
3.351743 3.328900 3.298660 3.264684 3.228203 3.181538 3.145375 3.109560 3.075229 3.049613 3.022557 2.989024 2.941524 2.887651 2.816564 2.749530 2.688435 2.649844 2.610313 2.543073 2.463049 2.398115 2.347897 2.282527 2.204426 2.143727 2.076021 1.999794 1.938186 1.864176 1.795503 1.724537 1.655877 1.582638 1.513258 1.444291 1.375049 1.306536 1.239278 1.171410 1.105272 1.040589 0.976310 0.913324 0.851684 0.791820 0.733005 0.675594 0.619865 0.564499 0.510992 0.458346 0.407074 0.356703 0.307394 0.257839 0.208640 0.159164 0.108760 0.058267 0.006912 -0.046964 -0.100736 -0.155670
