# mean(lg_P) also median/mode
4.105625 4.086912 4.058554 4.025877 3.992462 3.937493 3.906149 3.871816 3.836796 3.814352 3.788337 3.754720 3.700803 3.652852 3.581999 3.521412 3.457803 3.420941 3.382214 3.313592 3.245048 3.189980 3.138755 3.077659 3.017223 2.964050 2.902718 2.848884 2.792743 2.740050 2.688229 2.638074 2.587119 2.538092 2.490344 2.444005 2.399870 2.356354 2.312918 2.271284 2.230277 2.189922 2.148179 2.105852 2.063125 2.019130 1.972932 1.924283 1.873717 1.820229 1.764002 1.705049 1.643645 1.579492 1.512967 1.444429 1.373939 1.301765 1.228099 1.153002 1.077168 1.000113 0.921658 0.841866
4.174934 4.147862 4.109715 4.066877 4.024710 3.960351 3.925700 3.890396 3.856219 3.836124 3.811428 3.774035 3.709491 3.648115 3.565306 3.502791 3.446964 3.417196 3.371870 3.288316 3.214996 3.168203 3.116962 3.045126 2.985364 2.933493 2.866829 2.813112 2.753920 2.700047 2.646299 2.594182 2.541211 2.490467 2.440568 2.392377 2.346252 2.301040 2.255645 2.212189 2.169231 2.127265 2.084124 2.040403 1.996115 1.950918 1.903697 1.854189 1.802880 1.748680 1.691761 1.632077 1.569761 1.504445 1.436833 1.367969 1.296056 1.223374 1.149836 1.072952 0.995228 0.917129 0.837596 0.757125
4.129845 4.105335 4.070502 4.031143 3.991618 3.930433 3.895915 3.859317 3.822864 3.799920 3.773158 3.736527 3.676546 3.621191 3.542689 3.479522 3.417698 3.383068 3.340699 3.264131 3.191111 3.138004 3.086384 3.019024 2.956893 2.903040 2.837796 2.782198 2.723285 2.668398 2.613850 2.561340 2.507766 2.456179 2.405903 2.357271 2.310896 2.265232 2.219933 2.176565 2.134125 2.092656 2.050222 2.007609 1.964801 1.921119 1.875717 1.828084 1.778960 1.727085 1.672935 1.615879 1.556430 1.493991 1.429200 1.362000 1.292663 1.221855 1.148940 1.074144 0.998650 0.921929 0.843028 0.763620
4.109857 4.093665 4.068407 4.039176 4.009281 3.958043 3.930372 3.899267 3.867534 3.847327 3.821936 3.788503 3.734184 3.686930 3.619134 3.563537 3.505305 3.470525 3.430231 3.360049 3.295392 3.245968 3.195790 3.133828 3.076813 3.026800 2.966360 2.915807 2.861560 2.811147 2.762022 2.714192 2.665758 2.619354 2.574026 2.530066 2.488004 2.446542 2.404818 2.364578 2.324401 2.284576 2.243570 2.201010 2.157660 2.112740 2.065348 2.015090 1.962635 1.907486 1.849019 1.788080 1.724812 1.659312 1.591457 1.522077 1.450928 1.378468 1.305396 1.229398 1.153179 1.076275 0.998486 0.918919
4.142604 4.126276 4.100530 4.070486 4.039483 3.986060 3.956398 3.922569 3.887848 3.865322 3.839005 3.806431 3.754009 3.709777 3.641889 3.583252 3.518547 3.480203 3.442301 3.376853 3.311853 3.256581 3.205003 3.146613 3.088745 3.036323 2.976764 2.925978 2.870917 2.820669 2.771265 2.723193 2.674749 2.628566 2.583132 2.539039 2.496913 2.455379 2.413624 2.373426 2.333176 2.293269 2.252299 2.209952 2.166468 2.121638 2.074497 2.024566 1.972239 1.917167 1.859329 1.798891 1.735692 1.670316 1.602726 1.533380 1.462437 1.388979 1.314492 1.239096 1.162502 1.084511 1.005254 0.925035
3.985564 3.970729 3.947170 3.919252 3.889771 3.841015 3.811216 3.777883 3.743338 3.720013 3.693582 3.662205 3.614585 3.573004 3.508419 3.449344 3.382568 3.340654 3.303897 3.243477 3.178516 3.117848 3.063685 3.007674 2.947169 2.889736 2.829930 2.773051 2.717271 2.662554 2.608781 2.557417 2.504481 2.453100 2.403936 2.355828 2.310192 2.265113 2.220861 2.178459 2.136808 2.095825 2.054050 2.012433 1.970483 1.927787 1.882908 1.836327 1.788376 1.737254 1.683955 1.627711 1.568882 1.506728 1.442441 1.375532 1.306702 1.236050 1.162739 1.089434 1.014390 0.938473 0.860665 0.781714
4.016008 3.990616 3.955195 3.915687 3.875324 3.816285 3.781288 3.745606 3.711177 3.689502 3.663628 3.626728 3.566497 3.506778 3.426716 3.362954 3.305190 3.273153 3.228647 3.147766 3.071528 3.021123 2.969833 2.897155 2.832900 2.778472 2.709912 2.649775 2.590062 2.530966 2.472446 2.416748 2.359222 2.302720 2.249082 2.196738 2.146792 2.097744 2.049406 2.003119 1.957925 1.914428 1.870534 1.827823 1.785741 1.743000 1.699774 1.655275 1.609986 1.563291 1.514128 1.463076 1.409583 1.352767 1.293882 1.232879 1.168979 1.103987 1.036628 0.966801 0.896035 0.823285 0.748069 0.672510
4.132814 4.113795 4.085588 4.053254 4.020635 3.966429 3.937216 3.905038 3.872530 3.851766 3.825708 3.790190 3.732381 3.681454 3.610182 3.553960 3.496876 3.462670 3.419554 3.345244 3.279240 3.231221 3.179905 3.114949 3.057814 3.007097 2.944670 2.893747 2.837919 2.786822 2.736439 2.687683 2.638246 2.591017 2.544830 2.499996 2.457291 2.415290 2.373198 2.332763 2.292590 2.253048 2.212325 2.170570 2.128140 2.084477 2.038563 1.990170 1.939448 1.885982 1.829561 1.770695 1.709411 1.645816 1.579923 1.512243 1.442607 1.371383 1.299231 1.225283 1.150139 1.074330 0.995693 0.917090
4.002553 3.980951 3.949551 3.913431 3.876272 3.819153 3.783828 3.746661 3.709675 3.686087 3.660666 3.628252 3.576564 3.526982 3.452943 3.385726 3.317549 3.279403 3.243625 3.176845 3.102657 3.040291 2.988804 2.928354 2.862410 2.804280 2.741576 2.680724 2.622604 2.564761 2.507677 2.452895 2.396774 2.341568 2.289045 2.237836 2.188809 2.140701 2.093319 2.047830 2.003160 1.959700 1.915837 1.872958 1.829991 1.786511 1.741972 1.696084 1.649249 1.600129 1.549089 1.495236 1.438720 1.379069 1.317401 1.252826 1.185741 1.117244 1.046568 0.973945 0.899322 0.823825 0.746803 0.668845
4.198383 4.181754 4.155417 4.124631 4.093406 4.038574 4.009545 3.976355 3.942266 3.920725 3.895110 3.862374 3.808262 3.763510 3.694385 3.637051 3.574125 3.537684 3.499806 3.432464 3.368460 3.315951 3.265553 3.207050 3.150782 3.100787 3.041733 2.993970 2.939339 2.891387 2.843912 2.797255 2.750949 2.707001 2.662766 2.620582 2.579466 2.538887 2.497895 2.457855 2.416604 2.375522 2.333398 2.289171 2.242755 2.194846 2.144383 2.090963 2.035294 1.976343 1.914724 1.850559 1.784042 1.715639 1.645002 1.573018 1.499830 1.424906 1.348762 1.271823 1.193634 1.114129 1.034849 0.953717
4.085809 4.072070 4.049377 4.022537 3.994443 3.945036 3.917044 3.884353 3.850114 3.827036 3.800153 3.767938 3.718324 3.677706 3.614346 3.558150 3.492764 3.451395 3.413407 3.351716 3.289828 3.232844 3.179530 3.123039 3.065849 3.012108 2.953324 2.901735 2.847080 2.796180 2.746396 2.698023 2.648889 2.601925 2.556171 2.511381 2.468889 2.426827 2.384789 2.344043 2.303497 2.263384 2.221929 2.179219 2.135701 2.090667 2.043117 1.992942 1.939883 1.884073 1.825525 1.764429 1.700587 1.634429 1.566408 1.496834 1.425252 1.352629 1.279029 1.202637 1.126462 1.048939 0.971103 0.890573
4.187316 4.161018 4.123835 4.081827 4.040307 3.976103 3.941401 3.905237 3.869905 3.848564 3.822850 3.785614 3.722037 3.662504 3.580639 3.517719 3.459370 3.428062 3.383662 3.302115 3.228810 3.179847 3.128689 3.058651 2.997880 2.945580 2.879580 2.825804 2.766693 2.712958 2.659408 2.607606 2.554862 2.504633 2.454990 2.407226 2.361513 2.316568 2.271799 2.228911 2.186485 2.145020 2.102622 2.059525 2.015935 1.971442 1.925039 1.876202 1.825371 1.771664 1.715676 1.656854 1.595442 1.531284 1.464607 1.396113 1.325152 1.252928 1.179756 1.104345 1.027966 0.950798 0.871665 0.791671
4.099407 4.073440 4.038215 3.998451 3.958431 3.897808 3.862993 3.826722 3.790717 3.768021 3.741196 3.703738 3.642781 3.585023 3.505889 3.442613 3.382218 3.348673 3.304423 3.225492 3.151090 3.099218 3.047238 2.977395 2.914335 2.859967 2.793167 2.735823 2.676056 2.619387 2.563266 2.509086 2.453867 2.400003 2.348262 2.297791 2.249583 2.202448 2.155349 2.110438 2.066475 2.023742 1.979876 1.936303 1.893006 1.848565 1.802832 1.755234 1.706406 1.654957 1.601200 1.544602 1.485233 1.422593 1.358069 1.291314 1.222105 1.150792 1.077957 1.002749 0.926155 0.848122 0.769019 0.688800
4.077931 4.060513 4.033973 4.003457 3.972348 3.920829 3.892516 3.861506 3.830056 3.810038 3.784721 3.750363 3.694818 3.645163 3.575689 3.519928 3.463271 3.429177 3.387326 3.314688 3.248630 3.200080 3.149444 3.085074 3.027114 2.976480 2.914379 2.861811 2.806859 2.754701 2.703743 2.654524 2.604199 2.555853 2.509035 2.463236 2.419766 2.377034 2.334195 2.292997 2.252331 2.212327 2.170881 2.128498 2.085862 2.041867 1.995586 1.946639 1.895810 1.842066 1.785160 1.725720 1.663849 1.599452 1.532812 1.463940 1.393051 1.320827 1.248089 1.172569 1.095791 1.018084 0.939507 0.858984
4.144123 4.128420 4.103124 4.073533 4.042927 3.989837 3.960337 3.926692 3.891967 3.869521 3.843652 3.811628 3.760298 3.717800 3.650764 3.592581 3.527195 3.488100 3.451183 3.387383 3.323748 3.267967 3.216027 3.158889 3.102079 3.049852 2.990965 2.940996 2.886331 2.836813 2.788094 2.740504 2.692716 2.647135 2.602146 2.558607 2.516802 2.475526 2.433915 2.393854 2.353308 2.313149 2.271782 2.228673 2.184419 2.138415 2.090022 2.038733 1.985040 1.928091 1.868862 1.806662 1.742054 1.675206 1.606152 1.535485 1.463366 1.389433 1.314370 1.237551 1.161155 1.083188 1.004909 0.924165
4.023491 4.008500 3.984376 3.956229 3.926704 3.876983 3.847433 3.814483 3.780512 3.758073 3.732593 3.701368 3.653024 3.610511 3.545497 3.486353 3.420877 3.380829 3.344425 3.282973 3.217835 3.159102 3.106534 3.049922 2.990459 2.935114 2.876184 2.821307 2.766338 2.713264 2.661527 2.611474 2.560559 2.511256 2.463947 2.417677 2.373842 2.330595 2.287722 2.246722 2.206579 2.166988 2.126533 2.085780 2.044836 2.002749 1.958743 1.912498 1.864736 1.813857 1.760753 1.704722 1.646332 1.585191 1.522173 1.456635 1.388927 1.319570 1.248260 1.176612 1.103068 1.028787 0.952554 0.874987
4.076282 4.051701 4.017268 3.978295 3.939155 3.879650 3.845850 3.810876 3.776804 3.756143 3.731339 3.695373 3.635687 3.578098 3.499387 3.436256 3.378646 3.347000 3.304388 3.225448 3.151332 3.101404 3.051259 2.981547 2.919205 2.866374 2.800401 2.743631 2.685301 2.629250 2.574051 2.520846 2.466354 2.413348 2.362536 2.312991 2.265677 2.219435 2.173357 2.129481 2.086369 2.044475 2.001420 1.958735 1.916131 1.872531 1.827479 1.780567 1.732120 1.681110 1.627702 1.571473 1.512740 1.450746 1.386370 1.319965 1.250672 1.179714 1.107525 1.033643 0.957528 0.880657 0.802170 0.723217
4.195145 4.173162 4.141061 4.104688 4.068527 4.009337 3.978069 3.943813 3.908940 3.886731 3.859362 3.822058 3.760585 3.707088 3.632081 3.574175 3.515459 3.480771 3.436207 3.359256 3.291980 3.243137 3.190831 3.124489 3.066758 3.015510 2.952015 2.901169 2.843770 2.792529 2.741535 2.692021 2.641905 2.594504 2.547077 2.501781 2.457882 2.414885 2.371572 2.329629 2.287506 2.246041 2.203364 2.159298 2.113901 2.067359 2.018448 1.966821 1.912705 1.855717 1.795656 1.732787 1.667459 1.599915 1.530148 1.459037 1.385682 1.311390 1.236529 1.158875 1.079996 1.000971 0.920888 0.838526
4.002006 3.978388 3.946171 3.909053 3.870830 3.813200 3.777655 3.739859 3.702752 3.678648 3.652357 3.618481 3.564936 3.513256 3.437704 3.371101 3.303895 3.266140 3.228077 3.158776 3.083652 3.022634 2.970984 2.907479 2.841215 2.783573 2.719035 2.658600 2.599218 2.540428 2.482811 2.427399 2.370470 2.314684 2.261740 2.210244 2.160736 2.112282 2.064678 2.018995 1.974516 1.931425 1.887994 1.846002 1.803974 1.761992 1.719602 1.676346 1.632142 1.585956 1.537853 1.487047 1.434244 1.378383 1.320737 1.260256 1.198250 1.131822 1.061457 0.992551 0.922004 0.848066 0.774082 0.698946
4.051414 4.033600 4.006507 3.975112 3.942583 3.889595 3.858291 3.823948 3.788670 3.765295 3.738565 3.705118 3.652961 3.606517 3.537309 3.476608 3.411628 3.372502 3.333925 3.267542 3.198996 3.141256 3.088762 3.028450 2.966892 2.911543 2.850097 2.793572 2.737168 2.682602 2.629053 2.577421 2.524655 2.473449 2.424325 2.376309 2.330705 2.285794 2.241123 2.198672 2.156934 2.115905 2.073921 2.031952 1.989738 1.946509 1.901355 1.854195 1.805614 1.753877 1.699926 1.643167 1.583787 1.521318 1.456580 1.389357 1.320196 1.248697 1.175559 1.101779 1.026533 0.949885 0.871414 0.793084
4.128184 4.117619 4.098493 4.075382 4.050971 4.004768 3.980579 3.951444 3.921235 3.901917 3.877374 3.847363 3.798636 3.759743 3.698531 3.646186 3.585673 3.548558 3.512161 3.450132 3.391359 3.339943 3.290068 3.235300 3.181475 3.132570 3.076276 3.029821 2.978169 2.931617 2.886388 2.841788 2.797464 2.754932 2.713391 2.672825 2.633884 2.595422 2.556301 2.517885 2.478470 2.439080 2.398406 2.355540 2.311117 2.264348 2.215376 2.163315 2.108679 2.051656 1.991323 1.929030 1.864191 1.797505 1.729063 1.659589 1.588126 1.515177 1.440780 1.366021 1.289562 1.211857 1.134677 1.055580
4.111507 4.087259 4.053244 4.014767 3.976329 3.917071 3.884470 3.850616 3.817565 3.797606 3.772657 3.735906 3.674746 3.616488 3.538198 3.477687 3.422639 3.391613 3.346702 3.265992 3.194364 3.148007 3.096753 3.025824 2.966705 2.915181 2.849050 2.795029 2.737028 2.682723 2.629189 2.577522 2.524740 2.473744 2.424291 2.376651 2.331033 2.286298 2.241790 2.199287 2.157761 2.117292 2.075747 2.034133 1.992133 1.949319 1.904849 1.858638 1.810754 1.760262 1.707438 1.651505 1.593276 1.532097 1.468761 1.403314 1.335826 1.265798 1.194321 1.120900 1.046928 0.971614 0.894883 0.816970
4.120832 4.093543 4.055570 4.012546 3.969268 3.904046 3.865722 3.826042 3.786900 3.762746 3.736496 3.700673 3.641537 3.584718 3.502802 3.433046 3.366424 3.331043 3.291474 3.216003 3.137699 3.078970 3.027817 2.960911 2.894681 2.838070 2.772056 2.712856 2.652156 2.594689 2.537504 2.482353 2.425926 2.371053 2.318194 2.266679 2.217560 2.169394 2.121520 2.075796 2.030967 1.987326 1.942863 1.898850 1.854951 1.810212 1.764243 1.716327 1.667129 1.615846 1.561969 1.505367 1.446492 1.384310 1.319674 1.252596 1.183001 1.111583 1.037413 0.962125 0.885332 0.807279 0.728300 0.647959
4.135546 4.116762 4.088492 4.056045 4.023203 3.968203 3.937892 3.904152 3.869523 3.847027 3.820064 3.785180 3.729152 3.680638 3.610102 3.551832 3.490198 3.453573 3.412704 3.341996 3.275243 3.222794 3.171278 3.108915 3.050320 2.998262 2.936755 2.884836 2.828911 2.777430 2.726818 2.677649 2.627934 2.580499 2.533830 2.488741 2.445633 2.403231 2.360595 2.319795 2.279334 2.239306 2.198309 2.156099 2.113299 2.069138 2.022830 1.973829 1.922787 1.868741 1.812275 1.752878 1.691137 1.627016 1.560607 1.492248 1.422121 1.349494 1.276245 1.201844 1.125707 1.048802 0.970751 0.891400
3.985659 3.969293 3.944396 3.915141 3.884677 3.835139 3.805286 3.772709 3.739210 3.716957 3.691093 3.658537 3.608317 3.562914 3.495915 3.436729 3.373654 3.334998 3.296768 3.231314 3.163747 3.106766 3.054745 2.995036 2.933107 2.877894 2.816625 2.759275 2.703526 2.648166 2.594165 2.542261 2.489088 2.437079 2.387663 2.339237 2.293264 2.247918 2.203337 2.160532 2.118867 2.077938 2.036293 1.995105 1.953758 1.911646 1.867919 1.822612 1.775848 1.726468 1.674669 1.620207 1.563327 1.503280 1.441385 1.376861 1.309929 1.241221 1.170503 1.098258 1.025366 0.951334 0.874182 0.796848
4.132086 4.118685 4.096246 4.069598 4.041958 3.992248 3.965437 3.934262 3.901894 3.881191 3.855989 3.824603 3.774022 3.732410 3.667927 3.612509 3.550385 3.512954 3.475992 3.411993 3.350057 3.296946 3.246489 3.189411 3.133624 3.083502 3.025535 2.976932 2.923562 2.875064 2.827748 2.781404 2.734859 2.690320 2.646521 2.603976 2.563145 2.522873 2.481992 2.442053 2.401458 2.361132 2.319537 2.275601 2.230338 2.183225 2.133564 2.080771 2.025576 1.967379 1.906123 1.842382 1.776249 1.708405 1.638492 1.567071 1.494092 1.420248 1.344680 1.268009 1.190263 1.111615 1.033113 0.952714
4.042988 4.016399 3.979726 3.938982 3.898255 3.838341 3.804223 3.769424 3.735740 3.714307 3.687356 3.647780 3.583571 3.521133 3.440625 3.379946 3.325733 3.293507 3.244007 3.159285 3.085925 3.039202 2.985049 2.909628 2.848224 2.793605 2.723831 2.665073 2.604589 2.546007 2.487576 2.431934 2.374765 2.318743 2.265137 2.213068 2.163408 2.114721 2.066622 2.020649 1.975731 1.932485 1.888724 1.845941 1.803589 1.760781 1.717175 1.672510 1.626955 1.579540 1.530056 1.478775 1.425191 1.368695 1.309591 1.247590 1.183207 1.117436 1.050087 0.980418 0.908494 0.835683 0.759858 0.684462
4.136966 4.114167 4.081598 4.044358 4.007038 3.947560 3.914624 3.878919 3.843134 3.820707 3.794438 3.758785 3.700481 3.647913 3.571951 3.510068 3.448261 3.413254 3.372186 3.298017 3.227159 3.174101 3.122987 3.057608 2.996926 2.944091 2.880392 2.826699 2.768828 2.715420 2.662630 2.611453 2.559395 2.509409 2.460443 2.413040 2.367762 2.323123 2.278560 2.235659 2.193416 2.151732 2.108929 2.065272 2.021093 1.975912 1.928579 1.878775 1.826903 1.772097 1.714726 1.654012 1.591226 1.525588 1.457523 1.387764 1.315302 1.240992 1.165761 1.089703 1.011469 0.932123 0.852911 0.772120
4.100409 4.078435 4.047284 4.011577 3.975425 3.917823 3.884552 3.848673 3.812289 3.788751 3.761649 3.726403 3.669983 3.618978 3.545051 3.482582 3.418694 3.381387 3.340923 3.269363 3.198218 3.142473 3.090386 3.026477 2.964421 2.909717 2.846514 2.790526 2.732600 2.677836 2.623939 2.571567 2.518452 2.467044 2.417252 2.368944 2.322762 2.277431 2.232451 2.189331 2.147215 2.105782 2.063351 2.020862 1.978164 1.934518 1.889338 1.841933 1.793185 1.741411 1.687144 1.629884 1.570448 1.507862 1.443298 1.376440 1.307774 1.235387 1.163055 1.088940 1.012991 0.936262 0.858261 0.779212
4.166841 4.150746 4.124839 4.094571 4.063351 4.009002 3.978863 3.944458 3.909006 3.886101 3.859919 3.828003 3.776318 3.733457 3.665968 3.606625 3.540237 3.501113 3.464454 3.400732 3.336506 3.280024 3.228301 3.171479 3.114295 3.062076 3.003311 2.953482 2.898696 2.849564 2.800940 2.753304 2.705936 2.660649 2.615713 2.572441 2.530867 2.489676 2.448242 2.408312 2.367792 2.327507 2.286289 2.243253 2.198803 2.152749 2.104432 2.053224 1.999371 1.942576 1.883281 1.821463 1.757059 1.690746 1.622070 1.551902 1.479580 1.405816 1.331249 1.255698 1.179357 1.101391 1.021964 0.942322
4.043628 4.031824 4.011152 3.986460 3.960331 3.913807 3.887419 3.857103 3.825890 3.805757 3.781671 3.752031 3.705023 3.664799 3.602620 3.546715 3.484300 3.446355 3.410934 3.350156 3.287900 3.232682 3.182045 3.126963 3.069581 3.017469 2.960145 2.908357 2.855727 2.805413 2.756522 2.708990 2.660828 2.614389 2.569637 2.525695 2.484044 2.442957 2.401774 2.362185 2.322650 2.283510 2.243075 2.201267 2.159066 2.115211 2.068671 2.019432 1.968234 1.913952 1.856445 1.796420 1.734260 1.669559 1.602834 1.534403 1.463725 1.392650 1.320039 1.245285 1.170038 1.093424 1.016744 0.937649
4.219761 4.193159 4.156020 4.114288 4.073692 4.009866 3.976980 3.942313 3.907952 3.887038 3.860137 3.820577 3.753487 3.692929 3.612527 3.554271 3.499841 3.467880 3.418805 3.335037 3.266373 3.221406 3.167599 3.096902 3.039865 2.987908 2.922322 2.871207 2.812122 2.760055 2.708048 2.657378 2.606287 2.557936 2.509474 2.463304 2.418761 2.375095 2.331295 2.289197 2.247208 2.206038 2.163771 2.120621 2.076434 2.031236 1.984045 1.934136 1.881882 1.826944 1.769259 1.708580 1.645569 1.580028 1.511999 1.442187 1.370140 1.296688 1.222292 1.146356 1.068831 0.990047 0.909892 0.828995
4.122075 4.100893 4.069830 4.034416 3.998412 3.940858 3.908480 3.873719 3.838858 3.817049 3.791380 3.756550 3.699522 3.647309 3.572684 3.511000 3.449867 3.415440 3.374953 3.301318 3.230415 3.177853 3.127457 3.062429 3.001375 2.948938 2.885563 2.831450 2.774228 2.720739 2.668040 2.616991 2.565045 2.514980 2.466385 2.419092 2.373971 2.329663 2.285417 2.242855 2.200866 2.159611 2.117259 2.074294 2.030885 1.986232 1.939569 1.890498 1.839525 1.785540 1.728939 1.669483 1.607417 1.542623 1.475507 1.406591 1.335126 1.262594 1.188804 1.112656 1.035086 0.957100 0.878683 0.797910
4.009832 3.989382 3.959796 3.925703 3.890503 3.835986 3.803036 3.768033 3.732703 3.709909 3.683829 3.650082 3.596916 3.547068 3.474482 3.411762 3.347935 3.310504 3.271839 3.202796 3.130889 3.073584 3.021856 2.959250 2.895745 2.839686 2.776889 2.717710 2.660569 2.603650 2.547978 2.494528 2.439750 2.386021 2.334796 2.284871 2.237080 2.190374 2.144235 2.100028 2.056665 2.014509 1.971386 1.929153 1.886708 1.843832 1.799241 1.753072 1.705892 1.655933 1.603691 1.548625 1.491513 1.430897 1.367841 1.302302 1.235012 1.165089 1.092676 1.019709 0.945411 0.869591 0.792588 0.713708
4.094994 4.080848 4.057685 4.030535 4.002452 3.953178 3.926096 3.895147 3.862965 3.842025 3.816609 3.784239 3.732909 3.689831 3.624645 3.569565 3.508458 3.471272 3.432886 3.367427 3.304458 3.251961 3.200953 3.142550 3.085762 3.034762 2.975799 2.925354 2.871621 2.821694 2.773190 2.725783 2.677925 2.632178 2.587501 2.543958 2.502530 2.461563 2.420484 2.380757 2.341105 2.301737 2.261293 2.219261 2.176351 2.131990 2.085297 2.035540 1.983768 1.928734 1.871050 1.810921 1.748331 1.683632 1.616472 1.547844 1.477394 1.405146 1.330557 1.256619 1.181658 1.104906 1.025940 0.947630
4.105248 4.091622 4.068561 4.041203 4.012534 3.961953 3.933048 3.899861 3.865403 3.842860 3.817284 3.787010 3.739175 3.699696 3.635908 3.577818 3.510502 3.469304 3.433857 3.374500 3.312740 3.254339 3.201186 3.147032 3.090471 3.036730 2.979038 2.928389 2.874238 2.824511 2.775630 2.728033 2.680181 2.634253 2.589330 2.545663 2.503987 2.462715 2.421364 2.381535 2.341594 2.301934 2.261196 2.218793 2.175486 2.130639 2.083434 2.033201 1.980754 1.925076 1.867143 1.806445 1.743382 1.678140 1.610646 1.541248 1.470031 1.397336 1.322900 1.247534 1.171611 1.094495 1.015716 0.936519
4.029789 4.004408 3.969790 3.930841 3.891833 3.833686 3.800255 3.765465 3.730995 3.708545 3.680933 3.641432 3.579086 3.519649 3.441599 3.381185 3.325179 3.290749 3.242583 3.160708 3.087969 3.039104 2.985063 2.911641 2.849682 2.794645 2.725671 2.666745 2.606527 2.547824 2.489603 2.433989 2.376983 2.320788 2.267413 2.215243 2.165347 2.116539 2.068274 2.022181 1.976986 1.933313 1.889044 1.845702 1.802709 1.759199 1.714863 1.669355 1.622820 1.574217 1.523501 1.470473 1.414894 1.356258 1.295140 1.231205 1.164769 1.097122 1.026802 0.954694 0.881039 0.805600 0.727290 0.649339
4.156524 4.134669 4.102792 4.066346 4.029758 3.970816 3.938444 3.903477 3.868363 3.846515 3.820589 3.785531 3.727401 3.675363 3.599780 3.538877 3.477405 3.443021 3.402418 3.328522 3.258545 3.206293 3.155547 3.091198 3.031149 2.979095 2.916155 2.863536 2.806376 2.754092 2.702339 2.652137 2.601235 2.552683 2.504735 2.458643 2.414312 2.370762 2.327076 2.285263 2.243556 2.202612 2.160542 2.117433 2.073511 2.028445 1.981198 1.931277 1.879365 1.824424 1.766757 1.706192 1.643313 1.577940 1.509978 1.440380 1.368912 1.295556 1.220945 1.144783 1.067496 0.988899 0.910108 0.829277
4.205160 4.185804 4.156542 4.122755 4.088665 4.030863 4.000069 3.965423 3.930132 3.908002 3.881765 3.847599 3.790912 3.742535 3.670438 3.611225 3.548399 3.512828 3.473285 3.402666 3.336184 3.284014 3.233430 3.171776 3.114782 3.064025 3.003257 2.954382 2.898408 2.849130 2.800269 2.752400 2.704683 2.659512 2.614062 2.570605 2.528603 2.487112 2.445255 2.404743 2.363231 2.322062 2.280288 2.236375 2.190727 2.143803 2.094371 2.042444 1.987713 1.930340 1.870324 1.807023 1.741720 1.674109 1.604424 1.533239 1.460689 1.385323 1.309659 1.232087 1.154642 1.075789 0.995964 0.914910
4.066496 4.050327 4.024862 3.995188 3.964366 3.912861 3.883429 3.850898 3.818062 3.797157 3.772347 3.740623 3.689201 3.643018 3.574633 3.515372 3.453704 3.418099 3.381005 3.313866 3.246263 3.192171 3.142847 3.082806 3.022516 2.970770 2.910535 2.856707 2.802362 2.749968 2.699055 2.649717 2.599496 2.551215 2.504484 2.458906 2.415684 2.372924 2.330494 2.289967 2.249982 2.210599 2.170086 2.128840 2.087394 2.044708 1.999778 1.952232 1.902707 1.850452 1.795215 1.737881 1.677742 1.615261 1.550207 1.483225 1.413946 1.344285 1.273639 1.199635 1.125462 1.050648 0.972558 0.894502
4.078016 4.062163 4.036969 4.007453 3.976427 3.924196 3.893557 3.859198 3.823932 3.800932 3.775298 3.744522 3.695726 3.653832 3.587353 3.527011 3.459033 3.418320 3.382737 3.321944 3.257045 3.197176 3.144023 3.088466 3.029553 2.974233 2.915297 2.861827 2.806588 2.754590 2.703457 2.654037 2.603739 2.555370 2.508418 2.462648 2.419270 2.376212 2.333340 2.292393 2.251843 2.211751 2.170516 2.128330 2.085846 2.041967 1.995683 1.946899 1.896235 1.842317 1.785898 1.726567 1.664853 1.600294 1.533631 1.464990 1.394418 1.322863 1.249936 1.174525 1.098428 1.021443 0.944085 0.863996
4.066521 4.039269 4.001740 3.959466 3.917015 3.854467 3.817954 3.780960 3.745279 3.723625 3.698416 3.662277 3.601750 3.542043 3.459481 3.393222 3.332776 3.301110 3.259045 3.179138 3.101459 3.048591 2.998257 2.927704 2.862532 2.807908 2.740530 2.681174 2.621346 2.563270 2.505789 2.450548 2.393927 2.338604 2.285521 2.234049 2.184751 2.136513 2.088820 2.043168 1.998501 1.955278 1.911433 1.868373 1.825596 1.782258 1.737960 1.692147 1.645476 1.596514 1.545449 1.491855 1.436102 1.376946 1.315851 1.251809 1.185550 1.116997 1.046716 0.973897 0.899890 0.825071 0.747799 0.670179
4.172137 4.149055 4.115196 4.076573 4.037697 3.975635 3.940369 3.902950 3.865523 3.842643 3.817358 3.783751 3.727065 3.675252 3.597998 3.532476 3.466278 3.431156 3.393380 3.322188 3.249479 3.192873 3.142402 3.080109 3.018019 2.964255 2.901966 2.847900 2.790230 2.737304 2.684632 2.633685 2.582040 2.532878 2.484057 2.437226 2.392425 2.347939 2.303717 2.261114 2.218813 2.177228 2.134715 2.091104 2.046778 2.001220 1.953553 1.903389 1.851189 1.796026 1.738453 1.677654 1.614617 1.548948 1.481120 1.411123 1.339533 1.265283 1.190226 1.113189 1.034831 0.955973 0.876349 0.795150
4.074240 4.057587 4.031787 4.002068 3.971469 3.920271 3.891535 3.859676 3.826995 3.805783 3.779857 3.745912 3.691869 3.644003 3.575806 3.518900 3.459516 3.423608 3.382855 3.312829 3.246523 3.195215 3.144218 3.081525 3.022625 2.970896 2.909467 2.856300 2.801030 2.748470 2.697263 2.647715 2.597148 2.548381 2.501432 2.455399 2.411615 2.368701 2.325730 2.284322 2.243665 2.203432 2.162055 2.119834 2.077265 2.033475 1.987182 1.938594 1.887730 1.834409 1.778022 1.718965 1.657363 1.593075 1.526514 1.458050 1.387638 1.315179 1.242017 1.166711 1.090669 1.012933 0.935050 0.855525
4.108951 4.093536 4.069369 4.040995 4.011713 3.960979 3.933116 3.901184 3.868678 3.847563 3.822033 3.789674 3.737810 3.693669 3.626534 3.570482 3.508908 3.472104 3.433842 3.367394 3.303347 3.250609 3.199971 3.140638 3.083847 3.032467 2.972850 2.922444 2.868356 2.818323 2.769336 2.721862 2.673816 2.628065 2.583136 2.539648 2.498238 2.457336 2.416319 2.377127 2.337889 2.299003 2.259079 2.218069 2.176228 2.132914 2.087328 2.038822 1.988313 1.934807 1.878541 1.820028 1.759224 1.696289 1.630831 1.564155 1.495542 1.425186 1.353020 1.279750 1.206323 1.131057 1.054545 0.976962
4.087123 4.072571 4.049037 4.021267 3.992471 3.942355 3.914197 3.881972 3.848450 3.826544 3.800794 3.768640 3.718269 3.675627 3.610565 3.553239 3.489869 3.451024 3.413486 3.349616 3.285595 3.230304 3.178781 3.121301 3.062911 3.010458 2.951321 2.899563 2.845028 2.794094 2.744442 2.696044 2.646994 2.599896 2.554263 2.509477 2.466965 2.425018 2.382985 2.342237 2.301993 2.262007 2.220649 2.178090 2.134895 2.090205 2.043057 1.993102 1.940762 1.885479 1.827216 1.766564 1.703342 1.637718 1.569968 1.500288 1.428480 1.355536 1.280843 1.205841 1.128434 1.050561 0.971372 0.890650
4.002225 3.973303 3.933948 3.889986 3.845441 3.782116 3.743486 3.704880 3.667781 3.644556 3.618143 3.580679 3.519596 3.457328 3.372575 3.303257 3.241185 3.208332 3.165327 3.083661 3.001744 2.945862 2.894923 2.821952 2.752394 2.695118 2.624985 2.560375 2.498575 2.435907 2.374013 2.314734 2.253933 2.193332 2.136164 2.080221 2.026490 1.973904 1.921902 1.871811 1.822623 1.775326 1.728406 1.683130 1.638509 1.593721 1.549377 1.504171 1.458441 1.412068 1.363651 1.314401 1.262693 1.209112 1.153188 1.094139 1.031960 0.968036 0.900789 0.831782 0.759995 0.686261 0.611627 0.535723
4.228442 4.207198 4.175460 4.139283 4.103341 4.043586 4.012504 3.978620 3.944553 3.923740 3.898095 3.862854 3.802727 3.750343 3.675058 3.616869 3.557890 3.525017 3.483374 3.408030 3.341064 3.292511 3.242356 3.178226 3.121689 3.072044 3.010498 2.961954 2.906032 2.856989 2.808218 2.760493 2.713029 2.668253 2.622687 2.579703 2.537710 2.496314 2.454676 2.414420 2.373000 2.331908 2.289901 2.246276 2.200392 2.153381 2.103791 2.051427 1.996427 1.938340 1.877954 1.814675 1.748935 1.681429 1.611913 1.540599 1.467188 1.393311 1.318812 1.242256 1.164646 1.086517 1.006697 0.926306
3.973237 3.954979 3.927666 3.896375 3.863821 3.812453 3.781262 3.747819 3.713843 3.691323 3.665318 3.631672 3.579562 3.530948 3.461277 3.400886 3.338496 3.301132 3.261839 3.193454 3.123246 3.067022 3.015514 2.952797 2.889639 2.834402 2.771702 2.712691 2.656270 2.599277 2.543879 2.490657 2.436196 2.382733 2.332009 2.282432 2.235174 2.188820 2.143253 2.099372 2.056836 2.015297 1.973290 1.932224 1.891172 1.849375 1.806614 1.762384 1.717278 1.669736 1.619866 1.567466 1.512592 1.454300 1.394102 1.331205 1.266210 1.199349 1.131087 1.060295 0.988546 0.915426 0.840422 0.764096
4.152499 4.136810 4.111615 4.082287 4.052232 3.999746 3.971259 3.939004 3.905743 3.884427 3.858820 3.826153 3.773191 3.728977 3.661472 3.605049 3.542972 3.506069 3.467964 3.401201 3.337592 3.285198 3.234416 3.175432 3.119284 3.068796 3.009652 2.960572 2.906397 2.857562 2.809555 2.762480 2.715450 2.670592 2.626104 2.583152 2.541827 2.501091 2.459737 2.419818 2.379222 2.339015 2.297521 2.254160 2.209515 2.163153 2.114334 2.062516 2.008352 1.951059 1.891126 1.828349 1.763366 1.696406 1.627027 1.556081 1.484006 1.409630 1.334683 1.257874 1.181337 1.103264 1.025251 0.944583
4.122895 4.109526 4.086868 4.060155 4.032262 3.982139 3.954415 3.922382 3.889140 3.867846 3.842589 3.811704 3.762231 3.721110 3.657126 3.600164 3.536155 3.497612 3.461508 3.399446 3.336914 3.281632 3.230666 3.175074 3.118403 3.066877 3.009485 2.959593 2.906272 2.857239 2.809341 2.762515 2.715446 2.670436 2.626265 2.583162 2.542179 2.501581 2.460535 2.420866 2.380624 2.340756 2.299487 2.256351 2.211999 2.166065 2.117415 2.066004 2.011508 1.954458 1.894293 1.832017 1.766974 1.700358 1.631294 1.560953 1.488411 1.416102 1.342868 1.265600 1.188474 1.110670 1.032812 0.952592
4.119244 4.082779 4.034076 3.980824 3.929516 3.858421 3.819565 3.783182 3.749154 3.729079 3.702477 3.658256 3.582711 3.506271 3.413169 3.350248 3.301113 3.272540 3.214741 3.116902 3.039879 2.997874 2.938971 2.855571 2.794653 2.736750 2.662146 2.602035 2.536625 2.476178 2.414393 2.355482 2.295008 2.235287 2.178381 2.122664 2.069681 2.017701 1.966093 1.916683 1.868163 1.821849 1.775153 1.729550 1.684253 1.639047 1.593258 1.546974 1.500215 1.451946 1.402178 1.350172 1.296100 1.238351 1.178377 1.115341 1.051938 0.985995 0.915001 0.844088 0.770795 0.694599 0.617702 0.540673
4.121438 4.089639 4.046713 3.999120 3.952440 3.885255 3.848021 3.811216 3.776079 3.754895 3.728431 3.687520 3.618453 3.550375 3.462678 3.398725 3.344368 3.314148 3.263395 3.173669 3.096885 3.050363 2.995838 2.918387 2.855889 2.800402 2.729276 2.670600 2.608008 2.549360 2.490401 2.434033 2.376069 2.319483 2.265114 2.212202 2.161793 2.112372 2.063332 2.016504 1.970550 1.926319 1.881384 1.837246 1.793292 1.748953 1.703674 1.657087 1.609614 1.560112 1.508667 1.454742 1.398510 1.339112 1.277364 1.212764 1.146188 1.077574 1.006188 0.933417 0.858584 0.782105 0.703974 0.626062
4.120186 4.092650 4.054598 4.011949 3.969490 3.906051 3.870423 3.833876 3.798228 3.776314 3.750000 3.711775 3.648072 3.586980 3.504426 3.440584 3.382315 3.350250 3.304635 3.222074 3.146688 3.096730 3.044690 2.972415 2.909729 2.855589 2.787756 2.730456 2.670186 2.613394 2.556871 2.502542 2.446904 2.392945 2.340798 2.290290 2.241989 2.194683 2.147751 2.102812 2.058764 2.016179 1.972547 1.929313 1.886214 1.842231 1.797057 1.749927 1.701557 1.650861 1.597945 1.542127 1.484052 1.422814 1.359281 1.293189 1.224878 1.154904 1.083094 1.008424 0.933482 0.856864 0.778463 0.699956
4.116054 4.092326 4.058511 4.020228 3.981648 3.921736 3.887733 3.851902 3.816214 3.793926 3.767728 3.731661 3.672388 3.617210 3.539579 3.476620 3.415548 3.381558 3.339521 3.263195 3.190108 3.137629 3.086494 3.019231 2.957012 2.903495 2.838555 2.782666 2.724228 2.669219 2.614805 2.562274 2.508713 2.457010 2.406765 2.358156 2.311680 2.266170 2.220868 2.177418 2.134829 2.093323 2.050719 2.008066 1.965240 1.921380 1.875944 1.828311 1.779057 1.727180 1.672756 1.615511 1.555847 1.493118 1.428131 1.360719 1.291355 1.220412 1.147888 1.073066 0.997493 0.920677 0.841869 0.762819
4.109575 4.089265 4.059205 4.024778 3.989703 3.933148 3.900893 3.865986 3.830720 3.808226 3.782179 3.747809 3.692259 3.642089 3.569062 3.507570 3.444632 3.408672 3.369100 3.298121 3.227973 3.173566 3.122603 3.059534 2.998451 2.945209 2.882803 2.828199 2.771421 2.717982 2.665372 2.614465 2.562692 2.512817 2.464370 2.417257 2.372460 2.328302 2.284278 2.242150 2.200608 2.159910 2.117992 2.075631 2.032847 1.989018 1.943083 1.894750 1.844562 1.791617 1.735977 1.677548 1.616681 1.552907 1.486786 1.418538 1.348376 1.276621 1.203204 1.128304 1.052492 0.975125 0.896962 0.817322
4.101306 4.084072 4.057345 4.026364 3.994540 3.941097 3.910674 3.876878 3.842233 3.819822 3.793856 3.760950 3.708458 3.662720 3.593868 3.534248 3.470177 3.432385 3.394342 3.327902 3.261032 3.205420 3.153929 3.094530 3.034942 2.981749 2.921394 2.868230 2.812722 2.760759 2.709734 2.660210 2.610001 2.561754 2.514800 2.469080 2.425621 2.382687 2.339751 2.298672 2.257963 2.217794 2.176413 2.134094 2.091279 2.047215 2.000741 1.951804 1.900703 1.846801 1.790043 1.730652 1.668781 1.604277 1.537471 1.468684 1.397915 1.325236 1.251255 1.176384 1.100426 1.023047 0.944846 0.865420
4.091778 4.077272 4.053629 4.025787 3.996803 3.946429 3.917817 3.885202 3.851381 3.829222 3.803390 3.771749 3.721893 3.679974 3.614966 3.557383 3.492751 3.453352 3.416241 3.353615 3.290063 3.233863 3.181675 3.125135 3.067274 3.014139 2.955476 2.903701 2.849338 2.798582 2.748966 2.700770 2.651910 2.605071 2.559447 2.514951 2.472635 2.430762 2.388959 2.348561 2.308465 2.268756 2.227747 2.185473 2.142509 2.098056 2.051183 2.001551 1.949671 1.894739 1.837107 1.776833 1.714169 1.649031 1.581690 1.512427 1.441492 1.368352 1.294248 1.218998 1.143089 1.065287 0.986907 0.907606
4.081482 4.069399 4.048594 4.023622 3.997238 3.949773 3.922994 3.891596 3.858728 3.836983 3.811345 3.780770 3.733204 3.694574 3.633050 3.577689 3.512948 3.472232 3.435749 3.376160 3.315816 3.259471 3.206654 3.152058 3.096227 3.043427 2.985947 2.935519 2.882161 2.832616 2.784260 2.737216 2.689502 2.643842 2.599448 2.556051 2.514848 2.473944 2.432901 2.393412 2.353701 2.314326 2.273659 2.231183 2.188144 2.143371 2.095971 2.045635 1.993014 1.937233 1.878901 1.817884 1.754520 1.688844 1.620715 1.551239 1.480353 1.407392 1.332397 1.256935 1.181530 1.103477 1.025130 0.945880
4.070876 4.061084 4.042786 4.020471 3.996574 3.951786 3.926580 3.896634 3.864796 3.843587 3.818207 3.788753 3.743211 3.707359 3.649014 3.595754 3.531265 3.489760 3.453626 3.396385 3.338979 3.283093 3.229860 3.176368 3.122639 3.070300 3.013786 2.964724 2.912234 2.863749 2.816565 2.770549 2.724071 2.679436 2.636166 2.593644 2.553419 2.513476 2.473198 2.434343 2.394952 2.355797 2.315304 2.272898 2.229419 2.184353 2.136430 2.085503 2.032228 1.975552 1.916630 1.855025 1.791306 1.725354 1.656967 1.587443 1.516917 1.443653 1.367871 1.291957 1.216878 1.138947 1.060704 0.981554
4.060435 4.052794 4.036666 4.016718 3.995151 3.952960 3.929042 3.900784 3.870157 3.849571 3.824639 3.796231 3.752637 3.718728 3.663398 3.612213 3.548325 3.506550 3.470720 3.415105 3.360256 3.305358 3.251925 3.199411 3.147243 3.095680 3.039931 2.992100 2.940489 2.892925 2.846984 2.802059 2.756578 2.712825 2.670623 2.628878 2.589600 2.550369 2.510818 2.472498 2.433068 2.394333 2.354105 2.311379 2.267641 2.222232 2.173455 2.122064 2.068204 2.010491 1.951133 1.889351 1.825934 1.760430 1.692886 1.624623 1.554882 1.477850 1.400415 1.329633 1.249984 1.171742 1.093234 1.015037
4.113356 4.096766 4.071034 4.041499 4.011601 3.960075 3.931991 3.900400 3.867319 3.845125 3.817525 3.782106 3.726065 3.678575 3.611233 3.556639 3.497370 3.460323 3.417537 3.346593 3.282747 3.232402 3.180119 3.117452 3.060259 3.008816 2.947505 2.895813 2.840794 2.789540 2.739381 2.690704 2.641221 2.593991 2.547750 2.502903 2.460081 2.417857 2.375386 2.334500 2.293878 2.253798 2.212569 2.169837 2.126553 2.081778 2.034960 1.985274 1.933449 1.878711 1.821241 1.761072 1.698427 1.633729 1.566405 1.497359 1.426614 1.353538 1.280811 1.205405 1.129302 1.052426 0.973190 0.893575
4.111675 4.094589 4.068325 4.038111 4.007456 3.955251 3.926566 3.894413 3.861017 3.838791 3.811523 3.776409 3.720753 3.673145 3.605014 3.549253 3.489212 3.452229 3.410290 3.339716 3.274801 3.223665 3.171642 3.109196 3.051281 2.999592 2.938240 2.886113 2.830837 2.779263 2.728778 2.679775 2.630023 2.582475 2.535871 2.490745 2.447650 2.405145 2.362514 2.321528 2.280848 2.240713 2.199413 2.156918 2.113705 2.069167 2.022471 1.973041 1.921371 1.867030 1.809782 1.749819 1.687451 1.622850 1.555749 1.486695 1.416088 1.343121 1.269983 1.194847 1.118878 1.042031 0.962745 0.883700
4.110023 4.092483 4.065677 4.034821 4.003416 3.950540 3.921138 3.888483 3.854688 3.832433 3.805466 3.770738 3.715566 3.667807 3.598869 3.541930 3.481017 3.444148 3.402978 3.332833 3.266923 3.214898 3.163057 3.100959 3.042395 2.990308 2.928885 2.876399 2.820885 2.769033 2.718215 2.668897 2.618849 2.570870 2.524039 2.478544 2.435237 2.392441 2.349611 2.308499 2.267726 2.227574 2.186090 2.143679 2.100616 2.056316 2.009813 1.960577 1.909322 1.855114 1.798151 1.738397 1.676290 1.611775 1.544894 1.475939 1.405271 1.332519 1.259023 1.183853 1.107960 1.030838 0.952615 0.873152
4.108439 4.090449 4.063087 4.031593 3.999491 3.945871 3.915812 3.882549 3.848366 3.826063 3.799454 3.765098 3.710313 3.662522 3.592832 3.534659 3.472859 3.436005 3.395631 3.326040 3.259153 3.206107 3.154549 3.092657 3.033507 2.981068 2.919666 2.866693 2.810891 2.758759 2.707609 2.657995 2.607663 2.559310 2.512181 2.466358 2.422789 2.379743 2.336660 2.295413 2.254586 2.214309 2.172847 2.130464 2.087522 2.043249 1.996896 1.947949 1.896948 1.842962 1.786247 1.726822 1.664922 1.600578 1.533857 1.464977 1.394315 1.321830 1.248222 1.173151 1.097384 1.020525 0.941591 0.862161
4.106897 4.088484 4.060581 4.028446 3.995625 3.941301 3.910534 3.876658 3.842070 3.819674 3.793356 3.759448 3.705106 3.657249 3.586890 3.527417 3.464615 3.427782 3.388365 3.319208 3.251429 3.197318 3.145983 3.084448 3.024656 2.971803 2.910432 2.857011 2.801000 2.748569 2.697094 2.647112 2.596458 2.547704 2.500251 2.454204 2.410293 2.366999 2.323746 2.282281 2.241310 2.201072 2.159481 2.117156 2.074287 2.030131 1.983882 1.935112 1.884371 1.830667 1.774286 1.715049 1.653417 1.589072 1.522545 1.453883 1.383352 1.310871 1.237089 1.162276 1.086240 1.009274 0.930626 0.851561
4.105390 4.086583 4.058133 4.025409 3.991845 3.936758 3.905281 3.870860 3.835737 3.813297 3.787292 3.753795 3.699925 3.652021 3.581026 3.520219 3.456454 3.419542 3.380976 3.312451 3.243803 3.188500 3.137343 3.076322 3.015773 2.962511 2.901186 2.847251 2.791095 2.738397 2.686456 2.636250 2.585217 2.536210 2.488429 2.441955 2.397789 2.354282 2.310753 2.269138 2.228036 2.187612 2.145964 2.103670 2.060838 2.016835 1.970665 1.922142 1.871559 1.818183 1.761994 1.703128 1.641725 1.577562 1.511145 1.442683 1.372129 1.299875 1.226530 1.151168 1.074991 0.998120 0.920013 0.840385
4.103910 4.084764 4.055783 4.022381 3.988130 3.932219 3.900073 3.865009 3.829482 3.806873 3.781171 3.748156 3.694771 3.646777 3.575263 3.513072 3.448276 3.411266 3.373557 3.305713 3.236200 3.179670 3.128686 3.068157 3.006955 2.953220 2.891989 2.837582 2.781165 2.728135 2.675934 2.625364 2.574025 2.524605 2.476494 2.429734 2.385355 2.341457 2.297896 2.255929 2.214685 2.174143 2.132391 2.090070 2.047257 2.003482 1.957455 1.909051 1.858650 1.805359 1.749486 1.690924 1.629783 1.565813 1.499503 1.431231 1.360825 1.288700 1.215492 1.140296 1.064328 0.986936 0.908913 0.828905
4.102471 4.082962 4.053442 4.019439 3.984504 3.927830 3.894903 3.859203 3.823176 3.800470 3.775045 3.742510 3.689628 3.641576 3.569611 3.505990 3.440058 3.402912 3.366161 3.298997 3.228701 3.170832 3.119990 3.060012 2.998207 2.943910 2.882833 2.827773 2.771253 2.717916 2.665366 2.614540 2.562851 2.513055 2.464654 2.417633 2.372875 2.328718 2.284729 2.242642 2.201223 2.160532 2.118716 2.076364 2.033704 1.989806 1.943964 1.895727 1.845541 1.792467 1.736986 1.678465 1.617571 1.553903 1.487890 1.419651 1.349492 1.277352 1.204289 1.128923 1.053104 0.975489 0.896991 0.817689
4.101070 4.081179 4.051162 4.016565 3.980940 3.923466 3.889780 3.853371 3.816885 3.794021 3.768852 3.736865 3.684498 3.636485 3.563979 3.498916 3.431807 3.394546 3.358722 3.292337 3.221260 3.162003 3.111288 3.051779 2.989434 2.934635 2.873672 2.817977 2.761448 2.707757 2.654858 2.603753 2.551649 2.501502 2.452766 2.405399 2.360367 2.315882 2.271601 2.229400 2.187807 2.147025 2.105004 2.062529 2.019855 1.976177 1.930313 1.882255 1.832268 1.779433 1.724094 1.665966 1.605347 1.541852 1.475981 1.408033 1.337840 1.266001 1.193350 1.117978 1.041538 0.964659 0.885661 0.806084
4.099702 4.079458 4.048955 4.013756 3.977467 3.919160 3.884697 3.847565 3.810544 3.787521 3.762664 3.731144 3.679406 3.631332 3.558457 3.491943 3.423574 3.386149 3.351253 3.285666 3.213875 3.153131 3.102553 3.043580 2.980727 2.925305 2.864556 2.808232 2.751546 2.697583 2.644343 2.592893 2.540482 2.489933 2.440905 2.393232 2.347823 2.303081 2.258545 2.216042 2.174232 2.133289 2.091165 2.048627 2.005990 1.962368 1.916560 1.868547 1.818692 1.766143 1.711097 1.653175 1.592732 1.529680 1.463863 1.396206 1.326059 1.254497 1.182057 1.106634 1.030450 0.953338 0.874267 0.793988
4.049993 4.027735 3.996030 3.959489 3.921910 3.863097 3.826859 3.787857 3.748318 3.722227 3.694436 3.661102 3.608666 3.561080 3.488245 3.420995 3.349349 3.307076 3.269789 3.205511 3.133410 3.068769 3.013773 2.954576 2.890385 2.830605 2.767886 2.708317 2.649173 2.592181 2.535495 2.480691 2.425002 2.370337 2.318052 2.267239 2.218662 2.170890 2.123616 2.078503 2.034572 1.991483 1.947772 1.904668 1.861664 1.817990 1.773217 1.726634 1.678815 1.628702 1.576352 1.521190 1.463562 1.402862 1.339635 1.273574 1.204976 1.135547 1.064871 0.991387 0.915811 0.839405 0.762970 0.683716
4.063169 4.041790 4.010815 3.975162 3.938467 3.880708 3.845648 3.807813 3.769461 3.744302 3.716989 3.683509 3.630723 3.582919 3.510171 3.444778 3.375099 3.334386 3.296802 3.231236 3.159764 3.097529 3.043710 2.984077 2.920396 2.862251 2.799845 2.741541 2.683093 2.627026 2.571433 2.517926 2.463267 2.410022 2.358797 2.309080 2.261657 2.214908 2.168564 2.124466 2.081385 2.039145 1.995975 1.953224 1.910489 1.866884 1.821894 1.774990 1.726563 1.675712 1.622534 1.566523 1.507996 1.446365 1.382307 1.315546 1.246328 1.175918 1.103787 1.029558 0.954341 0.877602 0.800396 0.720939
4.075865 4.055294 4.025098 3.990322 3.954516 3.897638 3.863748 3.826993 3.789719 3.765391 3.738531 3.704936 3.651780 3.603929 3.531479 3.467688 3.399838 3.360468 3.322561 3.255916 3.185175 3.125197 3.072257 3.012211 2.949331 2.892702 2.830624 2.773605 2.715807 2.660715 2.606220 2.553753 2.500138 2.448228 2.398107 2.349367 2.302991 2.257280 2.211855 2.168605 2.126202 2.084642 2.042065 1.999486 1.956862 1.913233 1.867897 1.820593 1.771724 1.719970 1.666060 1.609045 1.549748 1.487231 1.422399 1.354931 1.285522 1.214168 1.141145 1.066712 0.991296 0.914440 0.837157 0.757191
4.088109 4.068297 4.038817 4.004935 3.970070 3.913998 3.881176 3.845471 3.809130 3.785597 3.759094 3.725487 3.671977 3.624070 3.552144 3.489687 3.423670 3.385398 3.347201 3.279600 3.209724 3.151816 3.099659 3.038637 2.977168 2.922022 2.860229 2.804356 2.747407 2.693250 2.639841 2.588381 2.535858 2.485115 2.436035 2.388274 2.342832 2.297977 2.253246 2.210912 2.169116 2.128074 2.086007 2.043574 2.001004 1.957304 1.911638 1.863778 1.814225 1.761850 1.706974 1.649173 1.589039 1.525726 1.460152 1.392295 1.322372 1.250606 1.177153 1.102283 1.026713 0.950081 0.871475 0.792274
4.099898 4.080820 4.052098 4.019021 3.985127 3.929808 3.897927 3.863170 3.827744 3.804948 3.778753 3.745183 3.691321 3.643448 3.572187 3.511044 3.446638 3.409335 3.370770 3.302498 3.233444 3.177482 3.125960 3.065027 3.004142 2.950321 2.888811 2.834333 2.777876 2.724701 2.672393 2.621787 2.570318 2.520730 2.472576 2.425828 2.381180 2.337276 2.293577 2.251611 2.210274 2.169654 2.127904 2.085619 2.042900 1.999012 1.952959 1.904656 1.854504 1.801276 1.745607 1.686968 1.625852 1.562060 1.495904 1.427446 1.357261 1.284993 1.211502 1.136498 1.060664 0.983821 0.905384 0.825904
4.111256 4.092886 4.064923 4.032661 3.999685 3.945082 3.914190 3.880305 3.845718 3.823571 3.797634 3.764091 3.710001 3.662159 3.591682 3.531658 3.468798 3.432318 3.393425 3.324517 3.256498 3.202277 3.151325 3.090144 3.030196 2.977611 2.916413 2.863163 2.807345 2.755101 2.703854 2.654096 2.603630 2.555141 2.507884 2.461971 2.418223 2.375072 2.331986 2.290728 2.249803 2.209554 2.168048 2.125677 2.082897 2.038743 1.992341 1.943509 1.892559 1.838661 1.782003 1.722653 1.660828 1.596556 1.529764 1.460998 1.390314 1.317820 1.244444 1.169349 1.093239 1.016066 0.937738 0.857968
4.122198 4.104503 4.077277 4.045849 4.013805 3.959899 3.929910 3.896807 3.862987 3.841446 3.815737 3.782250 3.727935 3.680286 3.610522 3.551690 3.490259 3.454380 3.415187 3.345845 3.278818 3.226251 3.175691 3.114470 3.055474 3.003979 2.943089 2.891122 2.835856 2.784549 2.734257 2.685272 2.635830 2.588335 2.542002 2.496972 2.453957 2.411651 2.369169 2.328361 2.287824 2.247800 2.206544 2.164103 2.120963 2.076496 2.029748 1.980294 1.928561 1.874095 1.816577 1.756506 1.694038 1.629142 1.561964 1.492913 1.421840 1.349285 1.275898 1.200638 1.124554 1.047109 0.968332 0.889125
4.132741 4.115722 4.089281 4.058664 4.027445 3.974218 3.945152 3.912820 3.879742 3.858719 3.833209 3.799779 3.745280 3.697942 3.628823 3.571219 3.510958 3.475712 3.436265 3.366516 3.300622 3.249478 3.199273 3.137906 3.080052 3.029517 2.968984 2.918174 2.863423 2.812996 2.763649 2.715450 2.666895 2.620455 2.574903 2.530717 2.488533 2.446903 2.405078 2.364751 2.324396 2.284535 2.243475 2.200880 2.157513 2.112651 2.065475 2.015392 1.962910 1.907967 1.849505 1.788802 1.725684 1.660273 1.592695 1.523555 1.452079 1.379254 1.306214 1.230770 1.154409 1.077061 0.999015 0.918853
4.142906 4.126594 4.100949 4.071164 4.040688 3.988168 3.960019 3.928307 3.895926 3.875467 3.850035 3.816726 3.762089 3.715127 3.646548 3.590277 3.531117 3.496411 3.456655 3.386636 3.321887 3.271991 3.222106 3.160801 3.103974 3.054258 2.994065 2.944400 2.890182 2.840578 2.792024 2.744653 2.696984 2.651525 2.606771 2.563388 2.521841 2.480987 2.439729 2.399884 2.359694 2.319970 2.278988 2.236380 2.192559 2.147245 2.099547 2.048940 1.995741 1.940032 1.880944 1.819645 1.756014 1.690185 1.622309 1.552905 1.481073 1.408371 1.335137 1.259526 1.183017 1.105250 1.027541 0.947269
4.152726 4.137124 4.112272 4.083342 4.053523 4.001822 3.974496 3.943425 3.911688 3.891748 3.866375 3.833172 3.778458 3.731934 3.663752 3.609001 3.550698 3.516499 3.476512 3.406323 3.342652 3.293933 3.244324 3.182790 3.127367 3.078302 3.018380 2.969891 2.916034 2.867296 2.819502 2.773046 2.726135 2.681643 2.637635 2.595028 2.554245 2.514017 2.473405 2.433983 2.393843 2.354182 2.313244 2.270493 2.226397 2.180596 2.132292 2.081094 2.027298 1.970815 1.911328 1.849345 1.785288 1.719087 1.650902 1.581319 1.509338 1.436677 1.362912 1.286875 1.210578 1.132925 1.055016 0.974999
3.834705 3.814518 3.786138 3.753273 3.719638 3.669193 3.635543 3.602045 3.567390 3.543803 3.517879 3.484031 3.433245 3.382433 3.312003 3.247312 3.184892 3.146132 3.107175 3.037941 2.963607 2.904236 2.851633 2.787624 2.720594 2.660418 2.595967 2.528851 2.471176 2.408439 2.347041 2.288029 2.228235 2.167489 2.110885 2.055525 2.001477 1.948958 1.897916 1.848306 1.799389 1.752089 1.705490 1.661211 1.615823 1.571345 1.526625 1.482530 1.438553 1.393099 1.346283 1.296833 1.245378 1.190658 1.132940 1.071318 1.011438 0.945941 0.875278 0.807907 0.738101 0.665053 0.590487 0.517552
3.901992 3.882203 3.853943 3.821177 3.787451 3.735945 3.703052 3.669038 3.634309 3.611116 3.584997 3.551190 3.499643 3.449591 3.378768 3.315277 3.252351 3.214070 3.175121 3.106155 3.032999 2.974374 2.922261 2.858862 2.793084 2.734621 2.670654 2.606875 2.549349 2.488944 2.429833 2.373157 2.315239 2.257361 2.202937 2.149871 2.098439 2.048410 1.999460 1.952377 1.905963 1.860912 1.816073 1.772926 1.729296 1.685731 1.641460 1.596909 1.552137 1.505232 1.456611 1.405260 1.351501 1.294409 1.234727 1.171522 1.107780 1.039936 0.968967 0.899114 0.827215 0.752650 0.676399 0.600592
3.961817 3.942408 3.914119 3.881471 3.847703 3.795224 3.762881 3.728574 3.693829 3.670868 3.644716 3.610973 3.558720 3.509297 3.438369 3.375772 3.312493 3.274656 3.235681 3.166934 3.095003 3.037158 2.985361 2.922667 2.858177 2.801242 2.737894 2.677007 2.619743 2.561515 2.504510 2.449869 2.393770 2.338356 2.286016 2.234844 2.185746 2.137803 2.090662 2.045388 2.001107 1.957883 1.914273 1.871852 1.829147 1.786137 1.741864 1.696522 1.650628 1.602013 1.551499 1.498117 1.442127 1.382830 1.321368 1.256595 1.189976 1.120886 1.049109 0.977432 0.903808 0.828229 0.751341 0.673803
4.015086 3.995956 3.967656 3.934988 3.901364 3.847971 3.816011 3.781650 3.746762 3.724008 3.697912 3.664206 3.611362 3.562488 3.491502 3.429695 3.366230 3.328774 3.289848 3.221184 3.150335 3.093462 3.041922 2.979734 2.916578 2.861050 2.798412 2.740108 2.683196 2.626947 2.571858 2.518889 2.464582 2.411556 2.361017 2.311538 2.264425 2.218221 2.172470 2.128769 2.085955 2.044167 2.001474 1.959254 1.917059 1.874054 1.829320 1.783060 1.735708 1.685473 1.632887 1.577598 1.519689 1.458407 1.395055 1.328978 1.260582 1.190170 1.117559 1.044660 0.969679 0.893560 0.815678 0.737394
4.062720 4.043824 4.015472 3.982829 3.949278 3.895100 3.863450 3.829062 3.794137 3.771545 3.745514 3.711821 3.658394 3.610018 3.539091 3.477916 3.414370 3.377182 3.338383 3.269784 3.200087 3.144131 3.092742 3.030836 2.969318 2.915071 2.853070 2.796955 2.740538 2.686213 2.632796 2.581273 2.528706 2.477770 2.428753 2.380903 2.335417 2.290650 2.245957 2.203610 2.161943 2.120969 2.078949 2.036783 1.994526 1.951097 1.905818 1.858406 1.809310 1.757473 1.703089 1.645792 1.586021 1.523265 1.458203 1.390870 1.321294 1.249849 1.176885 1.102603 1.027251 0.950451 0.872101 0.793267
4.105630 4.086913 4.058545 4.025877 3.992464 3.937511 3.906156 3.871801 3.836792 3.814338 3.788319 3.754707 3.700794 3.652879 3.581969 3.521422 3.457843 3.420911 3.382207 3.313587 3.245092 3.189973 3.138744 3.077670 3.017253 2.964047 2.902744 2.848836 2.792745 2.740011 2.688214 2.638090 2.587095 2.538142 2.490446 2.444039 2.399877 2.356387 2.312947 2.271372 2.230232 2.189831 2.148213 2.105852 2.063082 2.019055 1.972966 1.924350 1.873760 1.820227 1.763996 1.705164 1.643640 1.579594 1.513086 1.444464 1.374028 1.301743 1.228016 1.152953 1.077373 0.999892 0.921629 0.841833
4.144711 4.126130 4.097789 4.065102 4.031797 3.976121 3.945064 3.910734 3.875656 3.853332 3.827275 3.793777 3.739358 3.691956 3.621063 3.561058 3.497496 3.460817 3.422223 3.353592 3.286190 3.231922 3.180905 3.120351 3.061272 3.009064 2.948306 2.896444 2.840647 2.789501 2.739063 2.690095 2.640673 2.593433 2.546904 2.501940 2.458889 2.416472 2.373841 2.333074 2.292333 2.252045 2.210693 2.168096 2.124569 2.079725 2.032539 1.982794 1.930709 1.875633 1.817887 1.757382 1.694527 1.629288 1.561635 1.491890 1.420695 1.347646 1.273440 1.198005 1.121764 1.044107 0.965752 0.886116
4.180726 4.162383 4.134116 4.101408 4.068220 4.011800 3.981113 3.946756 3.911633 3.889372 3.863326 3.829921 3.775008 3.728125 3.657228 3.597755 3.534206 3.497724 3.459241 3.390521 3.324288 3.270802 3.220027 3.159774 3.102205 3.050910 2.990548 2.940666 2.885221 2.835542 2.786333 2.738442 2.690452 2.644783 2.599223 2.555703 2.513585 2.472073 2.430312 2.390153 2.349396 2.309039 2.267851 2.224855 2.180437 2.134637 2.086487 2.035400 1.982053 1.925562 1.866629 1.804869 1.740725 1.674383 1.605597 1.535034 1.462986 1.389348 1.314941 1.238502 1.162117 1.084154 1.005458 0.925232
4.214383 4.196431 4.168278 4.135640 4.102523 4.045409 4.015113 3.980692 3.945462 3.923201 3.897287 3.863841 3.808583 3.762256 3.691299 3.632333 3.568767 3.532571 3.494130 3.425360 3.360149 3.307462 3.257052 3.196946 3.140937 3.090513 3.030407 2.982550 2.927279 2.878984 2.830835 2.783913 2.737312 2.693236 2.648458 2.606276 2.565084 2.524404 2.483377 2.443793 2.402892 2.362191 2.321055 2.277748 2.232359 2.185378 2.136159 2.084180 2.029599 1.971875 1.911772 1.849158 1.784001 1.716686 1.646792 1.575402 1.502547 1.428520 1.353721 1.277001 1.199963 1.121774 1.042566 0.962216
4.246273 4.229088 4.201110 4.168548 4.135548 4.077716 4.047789 4.013389 3.977999 3.955572 3.930014 3.896451 3.840847 3.795140 3.724163 3.665561 3.601999 3.566093 3.527782 3.458764 3.394674 3.342622 3.292865 3.232935 3.178144 3.128728 3.068717 3.022894 2.967801 2.920775 2.873532 2.827471 2.782194 2.739593 2.695491 2.654785 2.614367 2.574496 2.534168 2.495104 2.454015 2.412720 2.371549 2.328054 2.281548 2.233376 2.183356 2.130375 2.074635 2.015766 1.954814 1.891807 1.825902 1.757586 1.686764 1.614228 1.540493 1.466685 1.391598 1.314633 1.236960 1.158291 1.078878 0.997755
4.178815 4.154564 4.120486 4.081293 4.042284 3.979063 3.943595 3.903730 3.862070 3.834144 3.803740 3.763575 3.703308 3.650875 3.575907 3.509388 3.442528 3.400232 3.355587 3.282362 3.209301 3.151234 3.095760 3.029284 2.966134 2.909412 2.843357 2.788142 2.725594 2.669598 2.614411 2.560036 2.505152 2.451991 2.400738 2.350319 2.302360 2.255375 2.208488 2.163507 2.119608 2.076889 2.032535 1.988382 1.943708 1.898384 1.851634 1.803124 1.752464 1.699854 1.643685 1.584393 1.522178 1.454957 1.385826 1.313580 1.240442 1.163115 1.085134 1.009070 0.928642 0.847871 0.766249 0.684795
4.164575 4.141340 4.108349 4.070433 4.032458 3.970916 3.936182 3.897400 3.857098 3.830216 3.800536 3.761804 3.702725 3.651099 3.576837 3.511608 3.445140 3.403983 3.360584 3.288253 3.216123 3.158508 3.103797 3.038433 2.975846 2.919779 2.854675 2.799449 2.738402 2.683053 2.628480 2.574951 2.520820 2.468482 2.417881 2.368279 2.321083 2.274870 2.228513 2.184247 2.140980 2.098662 2.054846 2.011052 1.966801 1.921654 1.875018 1.826301 1.775526 1.722548 1.666278 1.607107 1.544926 1.478760 1.410156 1.339059 1.266454 1.190093 1.113484 1.037132 0.957794 0.878177 0.796435 0.715677
4.150340 4.128187 4.096263 4.059632 4.022735 3.962833 3.928861 3.891127 3.852151 3.826301 3.797413 3.760049 3.702180 3.651447 3.577862 3.513873 3.447926 3.407846 3.365661 3.294211 3.222996 3.165882 3.112052 3.047805 2.985692 2.930183 2.866126 2.810999 2.751331 2.696628 2.642619 2.589972 2.536582 2.485084 2.435163 2.386276 2.339888 2.294248 2.248420 2.205054 2.162341 2.120461 2.077258 2.033752 1.989913 1.944991 1.898386 1.849680 1.798749 1.745583 1.689297 1.630109 1.568160 1.502691 1.434707 1.364484 1.292425 1.216993 1.141090 1.064907 0.986923 0.907637 0.826739 0.745821
4.136151 4.115085 4.084264 4.048929 4.013081 3.954768 3.921630 3.884951 3.847294 3.822478 3.794434 3.758332 3.701676 3.651825 3.579073 3.516227 3.450905 3.411861 3.370818 3.300248 3.229912 3.173341 3.120367 3.057254 2.995569 2.940756 2.877643 2.822763 2.764326 2.710266 2.656917 2.605072 2.552432 2.501763 2.452492 2.404456 2.358752 2.313853 2.268916 2.225988 2.183739 2.142320 2.099637 2.056506 2.013022 1.968452 1.921997 1.873179 1.822282 1.768834 1.712692 1.653567 1.591871 1.526961 1.459520 1.389841 1.318334 1.244091 1.168750 1.092688 1.015746 0.937082 0.856942 0.776296
4.122017 4.102034 4.072351 4.038232 4.003499 3.946798 3.914441 3.878840 3.842408 3.818702 3.791552 3.756641 3.701203 3.652251 3.580341 3.518588 3.453981 3.415976 3.376027 3.306392 3.236887 3.180932 3.128784 3.066725 3.005526 2.951448 2.889166 2.834740 2.777381 2.723915 2.671296 2.620244 2.568320 2.518469 2.469939 2.422733 2.377752 2.333477 2.289258 2.246918 2.205234 2.164233 2.122060 2.079328 2.036046 1.991829 1.945474 1.896721 1.845957 1.792497 1.736234 1.677228 1.615584 1.551218 1.484284 1.415177 1.344148 1.270849 1.196244 1.120777 1.044294 0.966427 0.886922 0.806781
4.107973 4.089059 4.060527 4.027656 3.994050 3.938826 3.907307 3.872773 3.837611 3.814956 3.788773 3.754984 3.700826 3.652783 3.581752 3.521013 3.457271 3.420191 3.381312 3.312560 3.243893 3.188680 3.137344 3.076092 3.015566 2.962293 2.900834 2.846847 2.790542 2.737737 2.685788 2.635462 2.584472 2.535317 2.487425 2.440975 2.396710 2.353060 2.309516 2.267883 2.226692 2.186214 2.144492 2.102055 2.059261 2.015218 1.969028 1.920442 1.869711 1.816308 1.760050 1.701115 1.639536 1.575480 1.508981 1.440353 1.369733 1.297221 1.223618 1.148551 1.072283 0.995565 0.916877 0.837144
4.094020 4.076171 4.048748 4.017159 3.984644 3.930929 3.900290 3.866834 3.832876 3.811301 3.786121 3.753393 3.700497 3.653361 3.583293 3.523480 3.460701 3.424581 3.386660 3.318761 3.250916 3.196504 3.146014 3.085542 3.025698 2.973167 2.912477 2.859121 2.803765 2.751596 2.700425 2.650822 2.600550 2.552171 2.505055 2.459302 2.415762 2.372765 2.329957 2.288837 2.248158 2.208195 2.166862 2.124854 2.082342 2.038642 1.992623 1.944063 1.893680 1.840096 1.783892 1.724935 1.663650 1.599666 1.533531 1.465345 1.395068 1.323521 1.250787 1.175973 1.100708 1.024265 0.946449 0.867202
4.080208 4.063344 4.037105 4.006739 3.975386 3.923083 3.893350 3.860988 3.828168 3.807725 3.783587 3.751918 3.700299 3.653974 3.584954 3.526015 3.464290 3.429026 3.392145 3.325078 3.257988 3.204511 3.154718 3.095104 3.035912 2.984158 2.924235 2.871555 2.817061 2.765540 2.715132 2.666265 2.616760 2.569095 2.522753 2.477727 2.434870 2.392586 2.350251 2.309787 2.269613 2.230087 2.189331 2.147584 2.105455 2.061991 2.016046 1.967944 1.917542 1.864016 1.807824 1.748778 1.687640 1.623662 1.557734 1.489931 1.420302 1.349489 1.277358 1.203305 1.128025 1.052662 0.975810 0.897652
4.066566 4.050650 4.025602 3.996437 3.966160 3.915311 3.886519 3.855224 3.823575 3.804183 3.781218 3.750482 3.700214 3.654692 3.586717 3.528566 3.468094 3.433649 3.397651 3.331455 3.265141 3.212591 3.163576 3.104679 3.046209 2.995305 2.936113 2.884126 2.830445 2.779516 2.729956 2.681735 2.633004 2.586058 2.540498 2.496168 2.454024 2.412329 2.370691 2.330769 2.291091 2.252095 2.211733 2.170351 2.128443 2.085245 2.039484 1.991481 1.941477 1.887864 1.831588 1.772357 1.711391 1.647409 1.581768 1.514384 1.445036 1.374898 1.304057 1.230182 1.155160 1.081096 1.004960 0.927900
4.053118 4.038025 4.014184 3.986223 3.957079 3.907642 3.879859 3.849515 3.819078 3.800765 3.779022 3.749152 3.700204 3.655416 3.588720 3.531238 3.472009 3.438347 3.403262 3.337877 3.272292 3.220799 3.172521 3.114296 3.056562 3.006532 2.948005 2.896910 2.843830 2.793626 2.744884 2.697296 2.649434 2.603115 2.558301 2.514699 2.473232 2.432082 2.391197 2.351765 2.312589 2.274103 2.234064 2.193037 2.151469 2.108541 2.062991 2.015033 1.965219 1.911639 1.855192 1.795813 1.734858 1.670793 1.605277 1.538218 1.469317 1.399966 1.330458 1.256708 1.182259 1.109107 1.033992 0.957676
4.135275 4.116688 4.088360 4.055698 4.022338 3.966795 3.935773 3.901422 3.866284 3.843876 3.817873 3.784316 3.729965 3.682517 3.611592 3.551496 3.487811 3.451050 3.412467 3.343771 3.276151 3.221531 3.170534 3.109833 3.050220 2.997745 2.936758 2.884541 2.828491 2.776947 2.726126 2.676761 2.626809 2.579048 2.532166 2.486579 2.443056 2.400275 2.357237 2.315869 2.274613 2.233849 2.192016 2.148878 2.104978 2.059689 2.012064 1.961829 1.909120 1.853646 1.795412 1.734254 1.670687 1.604564 1.536234 1.466287 1.394224 1.320973 1.246669 1.169631 1.092429 1.014248 0.935374 0.855342
4.116332 4.097679 4.069327 4.036684 4.003220 3.948080 3.916840 3.882467 3.847470 3.825055 3.799028 3.765416 3.711310 3.663621 3.592709 3.532222 3.468655 3.431807 3.393162 3.324460 3.256243 3.201409 3.150242 3.089212 3.029174 2.976271 2.914997 2.861718 2.805651 2.753348 2.701887 2.652011 2.601477 2.552830 2.505383 2.459368 2.415491 2.372172 2.328931 2.287425 2.246319 2.205783 2.164110 2.121496 2.078345 2.033858 1.987242 1.938014 1.886816 1.832485 1.775528 1.715736 1.653608 1.588790 1.521492 1.452342 1.381274 1.308314 1.234131 1.158568 1.082549 1.004676 0.926139 0.846217
4.088770 4.069904 4.041584 4.008949 3.975463 3.920834 3.889341 3.854998 3.820035 3.797512 3.771436 3.737864 3.684143 3.636051 3.565161 3.504388 3.440792 3.403787 3.364974 3.296487 3.227528 3.172033 3.120770 3.059499 2.998595 2.944928 2.883448 2.828693 2.772503 2.719202 2.666799 2.616203 2.564704 2.515029 2.466877 2.420097 2.375503 2.331652 2.287878 2.246081 2.205004 2.164645 2.123117 2.081218 2.038970 1.995582 1.950163 1.902463 1.852987 1.800548 1.745625 1.687839 1.627634 1.564536 1.499297 1.431950 1.362481 1.291078 1.218213 1.143932 1.068946 0.992010 0.913998 0.835317
4.047436 4.028549 4.000218 3.967704 3.934106 3.880219 3.848486 3.814126 3.779284 3.756616 3.730593 3.696978 3.643820 3.595215 3.524228 3.463005 3.399495 3.362312 3.323473 3.254860 3.184894 3.128611 3.077322 3.015591 2.953177 2.898716 2.836635 2.780046 2.723521 2.668661 2.614841 2.563082 2.510180 2.458920 2.409596 2.361655 2.316009 2.271123 2.226746 2.184194 2.142733 2.102141 2.060701 2.019514 1.978163 1.935888 1.892135 1.846295 1.799053 1.749198 1.696851 1.641923 1.584418 1.523859 1.461173 1.396237 1.329124 1.260502 1.189900 1.117245 1.043789 0.969284 0.892431 0.814226
3.980813 3.961536 3.932987 3.900430 3.866823 3.814214 3.781773 3.747573 3.713042 3.690234 3.664462 3.630382 3.578031 3.528537 3.457559 3.395650 3.332476 3.295146 3.255862 3.187034 3.115547 3.058666 3.007118 2.944086 2.879714 2.824417 2.761048 2.701193 2.644501 2.587070 2.530962 2.477181 2.422026 2.368000 2.316594 2.266459 2.218691 2.171643 2.125413 2.081115 2.038132 1.996337 1.954177 1.913000 1.871818 1.830237 1.787642 1.744124 1.699646 1.652703 1.603547 1.551808 1.498093 1.440956 1.381112 1.318666 1.254768 1.193810 1.129232 1.058186 0.989425 0.918632 0.844544 0.769103
3.855823 3.835159 3.805953 3.772965 3.739674 3.689350 3.654798 3.621477 3.588146 3.564979 3.539080 3.505180 3.453481 3.402241 3.331272 3.268318 3.205933 3.168684 3.128305 3.058516 2.985188 2.928175 2.875529 2.810237 2.742656 2.686078 2.620237 2.555281 2.497696 2.436177 2.376453 2.318464 2.259648 2.200146 2.144502 2.090399 2.037741 1.985917 1.935354 1.886155 1.838709 1.792739 1.747366 1.703749 1.659996 1.617053 1.573774 1.531831 1.489908 1.445748 1.400103 1.351647 1.303536 1.252649 1.198250 1.141205 1.083174 1.030369 0.973860 0.909136 0.847207 0.783738 0.714988 0.642528
3.597358 3.574894 3.544348 3.509747 3.476252 3.427896 3.391342 3.359075 3.327077 3.303494 3.278052 3.244423 3.193913 3.139672 3.069609 3.001119 2.942690 2.905390 2.864399 2.790420 2.713928 2.657776 2.605316 2.532003 2.461664 2.404778 2.332282 2.264601 2.201379 2.133915 2.069060 2.002498 1.938117 1.868998 1.806049 1.743863 1.680967 1.620331 1.559957 1.500197 1.443424 1.387778 1.333111 1.280521 1.229465 1.179255 1.131630 1.088283 1.047517 1.005710 0.963620 0.918458 0.874814 0.830051 0.784149 0.737837 0.694370 0.623739 0.555588 0.509529 0.451804 0.390067 0.328621 0.261693
3.077324 3.043023 3.010726 2.969129 2.933250 2.879679 2.848335 2.814825 2.776298 2.753642 2.739403 2.692165 2.647884 2.590838 2.531366 2.440265 2.399421 2.356326 2.316029 2.235040 2.151096 2.098667 2.051828 1.956723 1.888222 1.838050 1.748484 1.698088 1.611503 1.536606 1.468239 1.385821 1.315103 1.232605 1.161592 1.083254 1.001746 0.928047 0.850452 0.820824 0.702787 0.633173 0.560736 0.488368 0.425792 0.357924 0.301973 0.251611 0.216443 0.179469 0.143039 0.090766 0.042249 -0.087897 -0.226698 -0.273036 -0.359088 -0.441021 -0.468306 -0.535838 -0.601826 -0.636548 -0.692392 -0.742951
2.136028 2.042032 2.010552 1.944501 1.902648 1.822989 1.815818 1.779264 1.705763 1.689864 1.717656 1.609009 1.588436 1.531904 1.518370 1.359454 1.371975 1.303066 1.262248 1.182184 1.084824 1.048009 1.005709 0.863394 0.816041 0.790488 0.661901 0.684107 0.531487 0.451945 0.388091 0.280250 0.201081 0.113304 0.038661 -0.068411 -0.179277 -0.266275 -0.367968 0.451133 -0.547108 -0.618383 -0.706291 -0.819397 -0.886299 -0.987872 -1.052463 -1.119659 -1.097206 -1.115100 -1.128307 -1.256267 -1.326053 -1.696289 -2.791086 -2.247806 -2.991845 -3.035225 -2.583767 -2.973259 -3.024563 -2.819687 -2.848190 -2.815351
0.670498 0.398766 0.385929 0.257643 0.195403 0.052703 0.098212 0.074445 -0.094347 -0.084526 0.015931 -0.224370 -0.182522 -0.238164 -0.136658 -0.460693 -0.331279 -0.454612 -0.496300 -0.558488 -0.671491 -0.644651 -0.723494 -0.969320 -0.933655 -0.902443 -1.116872 -0.922325 -1.218960 -1.287727 -1.337130 -1.472337 -1.603990 -1.634047 -1.707485 -1.855822 -2.008663 -2.101464 -2.229195 0.583419 -2.414959 -2.432554 -2.497117 -2.712230 -2.758317 -2.925599 -2.981996 -3.102988 -2.784604 -2.745629 -2.663612 -3.129139 -3.266945 -3.696213 -6.215677 -4.177074 -5.134839 -6.275485 -5.769487 -6.516251 -6.450134 -6.006571 -5.920464 -5.733255
4.172324 4.150715 4.124443 4.090585 4.060430 4.000390 3.975185 3.939037 3.900198 3.878095 3.855401 3.819834 3.765461 3.720255 3.649121 3.591975 3.524353 3.490326 3.453585 3.384226 3.316545 3.262474 3.217029 3.151814 3.092871 3.048183 2.981333 2.937287 2.880658 2.826904 2.777128 2.728608 2.678742 2.633354 2.588345 2.543854 2.499659 2.457838 2.413251 2.373208 2.329562 2.286980 2.244193 2.195423 2.146552 2.096331 2.043804 1.988295 1.927822 1.857594 1.796304 1.729835 1.665878 1.605637 1.543035 1.478515 1.408886 1.365754 1.300545 1.216615 1.150619 1.081230 1.003072 0.920969
4.175308 4.156982 4.128560 4.095455 4.061470 4.004198 3.975587 3.941397 3.907099 3.884822 3.858131 3.826734 3.772282 3.724579 3.649437 3.590270 3.524412 3.494051 3.456467 3.381952 3.315226 3.262769 3.214750 3.149728 3.092055 3.043645 2.980034 2.927834 2.874382 2.823017 2.771083 2.723690 2.673630 2.627893 2.580617 2.536171 2.492584 2.450592 2.406998 2.367660 2.324230 2.282498 2.239534 2.195120 2.148103 2.100129 2.049726 1.998220 1.943717 1.887104 1.828562 1.765876 1.698503 1.629943 1.556559 1.482218 1.409422 1.336044 1.257709 1.180224 1.105565 1.028320 0.948836 0.869941
4.169210 4.149517 4.121744 4.088359 4.052060 3.995782 3.966314 3.932478 3.899033 3.876642 3.847572 3.818312 3.763476 3.714912 3.638048 3.577852 3.515374 3.483777 3.444715 3.370179 3.302533 3.251983 3.202283 3.136693 3.079607 3.030916 2.966297 2.915922 2.860724 2.809610 2.757707 2.710600 2.660423 2.614264 2.569277 2.523310 2.480046 2.438620 2.396639 2.357520 2.315475 2.275425 2.232598 2.190465 2.147712 2.103609 2.056617 2.007951 1.955118 1.904183 1.846846 1.785024 1.718140 1.647919 1.572896 1.498072 1.424191 1.337296 1.253579 1.181448 1.095778 1.013065 0.930935 0.852542
4.159701 4.139117 4.111380 4.078021 4.042971 3.987174 3.957215 3.923227 3.888947 3.866529 3.839279 3.806822 3.751741 3.703921 3.630739 3.571054 3.509617 3.474749 3.434325 3.363524 3.296157 3.244561 3.193511 3.130870 3.072096 3.022108 2.959270 2.908940 2.853020 2.802047 2.751196 2.703314 2.653600 2.606775 2.562311 2.516005 2.472974 2.431509 2.389590 2.349584 2.308751 2.269472 2.227025 2.185282 2.144600 2.101433 2.055580 2.007067 1.954192 1.902039 1.843578 1.781734 1.716746 1.648253 1.575387 1.502186 1.428585 1.344926 1.264867 1.193617 1.107747 1.024592 0.942123 0.862492
4.150518 4.131095 4.102783 4.069775 4.036310 3.980714 3.950017 3.915833 3.880937 3.858613 3.832997 3.798708 3.743816 3.696681 3.625976 3.566403 3.503836 3.467203 3.427729 3.358810 3.291695 3.238324 3.187172 3.126794 3.066885 3.015556 2.954623 2.903399 2.847482 2.796463 2.746358 2.697577 2.648250 2.601118 2.555644 2.509903 2.466801 2.424778 2.382392 2.341342 2.300566 2.260607 2.218369 2.175812 2.133738 2.089254 2.042372 1.992508 1.939102 1.884145 1.824726 1.762883 1.698553 1.631630 1.561246 1.489415 1.416053 1.339778 1.263438 1.189239 1.108713 1.029018 0.948255 0.867601
4.143892 4.125262 4.096894 4.064141 4.030889 3.975206 3.944258 3.909909 3.874828 3.852475 3.826739 3.792834 3.738363 3.691200 3.620424 3.560471 3.497034 3.460148 3.421592 3.352949 3.285470 3.231128 3.180255 3.119837 3.060168 3.008192 2.947401 2.895571 2.839652 2.788373 2.737983 2.688809 2.639220 2.591799 2.545248 2.499927 2.456639 2.414060 2.371125 2.329807 2.288656 2.248034 2.206012 2.162708 2.118892 2.073349 2.025496 1.974922 1.921765 1.865628 1.806724 1.745034 1.680930 1.614517 1.545497 1.474605 1.401780 1.328173 1.252970 1.176596 1.098698 1.020000 0.940722 0.859805
4.135507 4.116864 4.088608 4.055804 4.022392 3.966819 3.935845 3.901460 3.866402 3.843982 3.818023 3.784350 3.730002 3.682694 3.611699 3.551492 3.487915 3.451089 3.412572 3.343858 3.276159 3.221521 3.170567 3.109940 3.050258 2.997897 2.936852 2.884648 2.828578 2.777019 2.726209 2.676840 2.626829 2.579027 2.532127 2.486627 2.443175 2.400242 2.357289 2.315873 2.274708 2.233927 2.192098 2.148851 2.104930 2.059576 2.012105 1.961848 1.909265 1.853655 1.795650 1.734478 1.670872 1.604982 1.536712 1.466664 1.394568 1.320866 1.245592 1.169671 1.092033 1.013605 0.933594 0.853020
4.123692 4.105080 4.076728 4.043993 4.010554 3.955290 3.924125 3.889790 3.854732 3.832321 3.806342 3.772733 3.718537 3.670980 3.600021 3.539726 3.476134 3.439257 3.400680 3.332032 3.263958 3.209154 3.158128 3.097304 3.037309 2.984631 2.923507 2.870640 2.814552 2.762531 2.711452 2.661760 2.611378 2.563178 2.515988 2.470195 2.426427 2.383369 2.340104 2.298736 2.257594 2.217005 2.175232 2.132489 2.089019 2.044350 1.997395 1.947868 1.896075 1.841341 1.783936 1.723664 1.661113 1.595924 1.528334 1.458812 1.387466 1.314424 1.240469 1.164457 1.087818 1.010259 0.931388 0.850955
4.107110 4.088405 4.060057 4.027392 3.993970 3.938984 3.907622 3.873289 3.838268 3.815834 3.789790 3.756221 3.702255 3.654400 3.583469 3.522926 3.459281 3.422436 3.383690 3.315114 3.246625 3.191538 3.140330 3.079303 3.018903 2.965733 2.904441 2.850655 2.794542 2.741840 2.690147 2.639973 2.589076 2.540126 2.492485 2.446160 2.402032 2.358560 2.315186 2.273581 2.232457 2.192050 2.150417 2.108028 2.065231 2.021149 1.975004 1.926321 1.875544 1.821893 1.765619 1.706547 1.645054 1.580837 1.514287 1.445728 1.375060 1.302782 1.229176 1.153877 1.078052 1.001038 0.922536 0.842961
4.080571 4.061687 4.033380 4.000804 3.967217 3.912794 3.881292 3.846944 3.812001 3.789503 3.763451 3.729863 3.676233 3.628004 3.557089 3.496193 3.432656 3.395645 3.356852 3.288202 3.219050 3.163497 3.112244 3.050483 2.989585 2.935778 2.874160 2.819074 2.762838 2.709100 2.656461 2.605596 2.553824 2.503828 2.455541 2.408380 2.363592 2.319583 2.275701 2.233794 2.192615 2.152149 2.110623 2.068757 2.026666 1.983482 1.938325 1.890952 1.841810 1.789876 1.735375 1.678002 1.617994 1.555269 1.490388 1.423182 1.353993 1.282685 1.210143 1.136212 1.061050 0.984480 0.907019 0.828543
4.116966 4.098819 4.071018 4.038990 4.005933 3.951358 3.920376 3.886068 3.851312 3.828906 3.802832 3.769619 3.715856 3.668652 3.597764 3.537957 3.473950 3.437022 3.398585 3.330470 3.262433 3.207196 3.156112 3.095663 3.035436 2.982465 2.921338 2.868162 2.812237 2.760001 2.708594 2.658866 2.608361 2.559925 2.512685 2.466695 2.423029 2.379886 2.336712 2.295425 2.254410 2.214043 2.172536 2.130161 2.087228 2.042942 1.996469 1.947419 1.896375 1.842281 1.785670 1.726242 1.664463 1.599947 1.533271 1.464368 1.393605 1.321339 1.247320 1.172558 1.095434 1.018752 0.940756 0.860083
4.107198 4.088581 4.060301 4.027732 3.994354 3.939439 3.908185 3.873841 3.838895 3.816449 3.790417 3.756891 3.702943 3.655148 3.584296 3.523802 3.460192 3.423286 3.384607 3.316081 3.247615 3.192526 3.141368 3.080278 3.019959 2.966790 2.905490 2.851723 2.795638 2.743039 2.691268 2.641157 2.590255 2.541327 2.493695 2.447433 2.403339 2.359903 2.316455 2.274968 2.233825 2.193466 2.151867 2.109490 2.066629 2.022716 1.976406 1.927715 1.877191 1.823550 1.767323 1.708190 1.646756 1.582520 1.516073 1.447571 1.376925 1.304631 1.231227 1.155948 1.079951 1.002571 0.924641 0.845116
4.098059 4.078837 4.050043 4.016894 3.983072 3.927821 3.896134 3.861626 3.826431 3.803829 3.777641 3.743876 3.689682 3.641352 3.570151 3.509274 3.445678 3.408738 3.369853 3.301030 3.232062 3.176777 3.125559 3.064123 3.003338 2.949918 2.888396 2.834033 2.777716 2.724660 2.672449 2.621950 2.570632 2.521242 2.473144 2.426513 2.381991 2.338227 2.294665 2.252707 2.211390 2.171032 2.129341 2.087086 2.044457 2.000682 1.954686 1.906377 1.856124 1.802948 1.747166 1.688521 1.627470 1.563587 1.497400 1.429091 1.358851 1.286823 1.213137 1.138154 1.062509 0.985620 0.907339 0.827905
4.089559 4.069637 4.040217 4.006501 3.972100 3.916521 3.884312 3.849561 3.814005 3.791094 3.764690 3.730639 3.676177 3.627322 3.555529 3.494480 3.430491 3.393530 3.354516 3.285420 3.215932 3.160194 3.108895 3.046952 2.985829 2.932002 2.870293 2.815195 2.758672 2.705044 2.652396 2.601491 2.549806 2.499749 2.451370 2.404222 2.359309 2.315099 2.271085 2.228950 2.187484 2.147031 2.105234 2.063003 2.020650 1.976941 1.931374 1.883391 1.833563 1.780741 1.725441 1.667272 1.606704 1.543229 1.477406 1.409315 1.339597 1.267420 1.193412 1.119035 1.043329 0.966870 0.888683 0.809814
4.081714 4.061006 4.030902 3.996497 3.961447 3.905547 3.872718 3.837586 3.801670 3.778367 3.751687 3.717287 3.662475 3.613071 3.540569 3.479329 3.414957 3.377737 3.338628 3.269394 3.199252 3.142869 3.091550 3.029416 2.967555 2.913263 2.851339 2.795629 2.738709 2.684554 2.631441 2.579991 2.527866 2.477252 2.428421 2.380855 2.335419 2.290818 2.246233 2.203901 2.162288 2.121651 2.079738 2.037535 1.995411 1.951916 1.906646 1.859067 1.809618 1.757250 1.702388 1.644786 1.584686 1.521530 1.456158 1.388575 1.319122 1.247386 1.173010 1.098994 1.023178 0.947207 0.869519 0.790854
4.074595 4.052922 4.022047 3.987003 3.951157 3.894879 3.861337 3.825824 3.789416 3.765680 3.738766 3.703933 3.648674 3.598714 3.525555 3.463971 3.399065 3.361663 3.322415 3.252966 3.182129 3.125071 3.073644 3.011868 2.948691 2.893934 2.831862 2.775631 2.718094 2.663329 2.609820 2.557751 2.505274 2.453933 2.404768 2.356681 2.310633 2.265673 2.220935 2.177825 2.135934 2.095144 2.053034 2.010803 1.968932 1.925624 1.880715 1.833509 1.784599 1.732625 1.678245 1.621205 1.561560 1.498792 1.433871 1.366546 1.297647 1.226525 1.152109 1.077699 1.003502 0.927450 0.849758 0.771697
4.068191 4.045396 4.013780 3.977925 3.941304 3.884569 3.850209 3.814275 3.777358 3.753171 3.726001 3.690690 3.634963 3.584252 3.510607 3.448459 3.383139 3.345404 3.306032 3.236278 3.164739 3.106986 3.055444 2.993558 2.929488 2.874243 2.812047 2.755190 2.697097 2.641701 2.587830 2.535065 2.482231 2.430154 2.380584 2.331959 2.285323 2.239753 2.194525 2.150980 2.108721 2.067669 2.025545 1.983199 1.941431 1.898310 1.853751 1.807007 1.758739 1.707323 1.653283 1.596817 1.537506 1.475233 1.410492 1.343536 1.275466 1.204673 1.130663 1.055312 0.983568 0.907996 0.830396 0.752343
4.062548 4.038461 4.005987 3.969340 3.931858 3.874617 3.839341 3.803059 3.765496 3.740882 3.713659 3.677583 3.621412 3.569848 3.496053 3.432813 3.367246 3.329125 3.289544 3.219394 3.147089 3.088853 3.037032 2.974675 2.910025 2.854404 2.792125 2.734453 2.675852 2.619834 2.565761 2.512070 2.459032 2.406106 2.356003 2.306931 2.259522 2.213544 2.167696 2.123546 2.080970 2.039586 1.997355 1.954867 1.913095 1.870116 1.825910 1.779709 1.732239 1.681373 1.627821 1.571735 1.513023 1.450784 1.386241 1.319639 1.252789 1.182541 1.108528 1.031604 0.963413 0.886978 0.809498 0.732352
4.057680 4.032075 3.998787 3.961187 3.922883 3.865023 3.828793 3.792100 3.753905 3.728865 3.701791 3.664793 3.608128 3.555524 3.481988 3.417033 3.351583 3.312983 3.273128 3.202383 3.129266 3.070859 3.018620 2.955900 2.890523 2.834616 2.772312 2.713931 2.654696 2.597982 2.543867 2.489239 2.435927 2.382036 2.331606 2.281976 2.233635 2.187067 2.140725 2.095810 2.052791 2.010988 1.968768 1.925928 1.884094 1.841207 1.797452 1.751846 1.705467 1.655368 1.601920 1.546323 1.487893 1.425735 1.361394 1.295014 1.229536 1.159874 1.085520 1.007168 0.941792 0.863950 0.787702 0.711321
4.053615 4.026300 3.992168 3.953566 3.914343 3.855891 3.818496 3.781577 3.742654 3.717283 3.690568 3.652410 3.595184 3.541353 3.468683 3.401230 3.336384 3.297151 3.257044 3.185375 3.111413 3.053229 3.000454 2.937170 2.871190 2.815189 2.752898 2.693877 2.633834 2.576466 2.522437 2.466569 2.413201 2.358346 2.307344 2.257337 2.208088 2.160737 2.113798 2.067926 2.024514 1.982226 1.940002 1.896660 1.854681 1.811980 1.768479 1.723645 1.678473 1.629382 1.575920 1.520768 1.462697 1.400440 1.335654 1.269635 1.206103 1.137140 1.061493 0.981785 0.918575 0.838382 0.762775 0.688878
4.132754 4.115324 4.088491 4.057451 4.026039 3.972919 3.944194 3.912565 3.880317 3.859857 3.834325 3.800114 3.744022 3.695059 3.624834 3.568709 3.510480 3.476127 3.434631 3.362253 3.296537 3.247653 3.196826 3.133506 3.076203 3.025969 2.964466 2.913813 2.858670 2.808084 2.758493 2.710195 2.661392 2.614785 2.568893 2.524610 2.482198 2.440385 2.398399 2.358054 2.317636 2.277784 2.236617 2.194007 2.150524 2.105719 2.058399 2.008386 1.956111 1.900654 1.842507 1.781773 1.718576 1.652957 1.585147 1.515597 1.444547 1.371366 1.297906 1.222139 1.145809 1.068843 0.989389 0.908607
4.124323 4.106497 4.079175 4.047627 4.015569 3.961852 3.932311 3.899869 3.866769 3.845741 3.820098 3.786125 3.730648 3.681955 3.611432 3.553839 3.493979 3.459027 3.418488 3.347157 3.280381 3.229636 3.178900 3.116231 3.057728 3.006766 2.945271 2.893591 2.838178 2.786898 2.736620 2.687792 2.638243 2.590904 2.544516 2.499552 2.456640 2.414323 2.371892 2.331146 2.290525 2.250547 2.209284 2.166797 2.123567 2.079006 2.032070 1.982526 1.930819 1.876074 1.818407 1.758214 1.695480 1.630446 1.563093 1.493931 1.422928 1.350064 1.276560 1.201123 1.125308 1.047928 0.968699 0.888512
4.116129 4.097909 4.070148 4.038085 4.005407 3.951165 3.920825 3.887540 3.853603 3.831985 3.806198 3.772395 3.717600 3.669245 3.598472 3.539510 3.478107 3.442347 3.402673 3.332465 3.264801 3.212174 3.161410 3.099333 3.039932 2.988038 2.926592 2.873950 2.818253 2.766334 2.715435 2.665979 2.615773 2.567769 2.520787 2.475165 2.431830 2.388910 2.346019 2.305001 2.264191 2.224049 2.182541 2.140216 2.097152 2.052887 2.006274 1.957223 1.905983 1.851806 1.794799 1.735049 1.672955 1.608209 1.541321 1.472461 1.401703 1.329193 1.255477 1.180258 1.104311 1.026951 0.948564 0.868549
4.108180 4.089578 4.061366 4.028848 3.995596 3.940792 3.909688 3.875638 3.840886 3.818612 3.792634 3.759020 3.704853 3.656815 3.585954 3.525770 3.462706 3.426152 3.387145 3.318169 3.249798 3.195333 3.144288 3.082866 3.022747 2.969893 2.908534 2.854937 2.798904 2.746384 2.694841 2.644811 2.594035 2.545326 2.497766 2.451537 2.407625 2.364274 2.320969 2.279493 2.238442 2.198132 2.156544 2.114250 2.071405 2.027330 1.981073 1.932278 1.881625 1.827884 1.771524 1.712349 1.650759 1.586525 1.519839 1.451309 1.380762 1.308323 1.234793 1.159664 1.083942 1.006401 0.928177 0.848462
4.100454 4.081485 4.052837 4.019898 3.986090 3.930820 3.898956 3.864071 3.828526 3.805637 3.779449 3.745946 3.692453 3.644844 3.573932 3.512569 3.447918 3.410305 3.371987 3.304273 3.235449 3.179116 3.127528 3.067000 3.006180 2.952244 2.890984 2.836564 2.780163 2.727130 2.674870 2.624324 2.572918 2.523487 2.475407 2.428678 2.384193 2.340277 2.296718 2.254741 2.213484 2.172898 2.131170 2.088907 2.046148 2.002320 1.956373 1.907948 1.857684 1.804464 1.748787 1.690130 1.628999 1.565099 1.498960 1.430611 1.360200 1.287876 1.214509 1.139750 1.063486 0.986456 0.908015 0.828837
4.092978 4.073641 4.044614 4.011228 3.976920 3.921159 3.888606 3.852944 3.816594 3.793065 3.766622 3.733237 3.680360 3.633198 3.562340 3.499999 3.433672 3.394929 3.357142 3.290763 3.221720 3.163479 3.111211 3.051389 2.990250 2.935100 2.873987 2.818722 2.762043 2.708461 2.655525 2.604472 2.552529 2.502358 2.453736 2.406452 2.361458 2.317097 2.272911 2.230717 2.189235 2.148421 2.106514 2.064198 2.021635 1.977941 1.932235 1.884097 1.834192 1.781394 1.726346 1.668190 1.607618 1.544146 1.478415 1.410343 1.340032 1.267968 1.194216 1.119785 1.044035 0.966887 0.889192 0.809547
4.085741 4.066029 4.036641 4.002946 3.968070 3.911858 3.878582 3.842187 3.805042 3.780865 3.754184 3.720843 3.668636 3.621913 3.551200 3.487914 3.420021 3.380015 3.342607 3.277639 3.208568 3.148431 3.095330 3.036273 2.975053 2.918588 2.857578 2.801556 2.744454 2.690384 2.636857 2.585352 2.532786 2.481991 2.432758 2.384971 2.339481 2.294553 2.249667 2.207427 2.165586 2.124556 2.082463 2.040126 1.997580 1.954013 1.908498 1.860761 1.811263 1.758933 1.704332 1.646701 1.586683 1.523633 1.458130 1.390558 1.320242 1.248314 1.174645 1.100467 1.024728 0.947923 0.870198 0.790508
4.078736 4.058680 4.028967 3.994889 3.959559 3.902959 3.868998 3.831807 3.793923 3.769087 3.742061 3.708853 3.657196 3.611041 3.540567 3.476403 3.406888 3.365491 3.328432 3.264922 3.196064 3.134021 3.079836 3.022096 2.960457 2.902513 2.841734 2.785140 2.727538 2.673020 2.618903 2.566845 2.513731 2.462219 2.412548 2.364196 2.318249 2.272769 2.227849 2.184848 2.142720 2.101466 2.058975 2.016636 1.974154 1.930702 1.885309 1.837795 1.788572 1.736793 1.682768 1.625579 1.566184 1.503441 1.438461 1.370940 1.301018 1.229243 1.155715 1.081834 1.006219 0.928896 0.851561 0.772572
4.071970 4.051541 4.021562 3.987154 3.951403 3.894377 3.859756 3.821859 3.783228 3.757701 3.730297 3.697221 3.646120 3.600514 3.530435 3.465524 3.394387 3.351447 3.314529 3.252599 3.184176 3.120208 3.064693 3.008398 2.946484 2.886999 2.826447 2.769344 2.711136 2.656236 2.601538 2.549002 2.495341 2.443150 2.392942 2.344185 2.297620 2.251745 2.206214 2.163008 2.120548 2.079008 2.036354 1.993840 1.951393 1.907973 1.862754 1.815540 1.766548 1.715141 1.661586 1.604932 1.546064 1.483731 1.419122 1.351939 1.282191 1.210528 1.136716 1.063230 0.987773 0.910906 0.833080 0.754126
4.065440 4.044691 4.014435 3.979749 3.943532 3.886148 3.850894 3.812307 3.772917 3.746742 3.718916 3.685924 3.635413 3.590382 3.520717 3.455141 3.382401 3.337814 3.300978 3.240681 3.172901 3.106988 3.049944 2.994968 2.933161 2.872031 2.811722 2.754110 2.695396 2.640113 2.584794 2.531817 2.477628 2.424838 2.374114 2.324763 2.277812 2.231371 2.185441 2.141916 2.099088 2.057241 2.014255 1.971627 1.929258 1.885804 1.840621 1.793581 1.744978 1.693964 1.640951 1.584789 1.526290 1.464398 1.400075 1.333361 1.263809 1.192389 1.118494 1.045351 0.970173 0.893303 0.815305 0.737192
4.094398 4.077314 4.050724 4.019743 3.987675 3.934245 3.903829 3.869993 3.835943 3.813911 3.788245 3.754989 3.701443 3.652921 3.581912 3.520878 3.456922 3.419667 3.380172 3.310818 3.241499 3.185599 3.133534 3.071459 3.010027 2.955630 2.893397 2.838410 2.781335 2.727328 2.674392 2.623180 2.570950 2.520671 2.471986 2.424440 2.379231 2.334820 2.290597 2.247864 2.205833 2.164466 2.121974 2.078782 2.035178 1.990352 1.943455 1.894028 1.842513 1.788240 1.731284 1.671173 1.608803 1.543359 1.475688 1.405808 1.333902 1.260602 1.185933 1.108477 1.030709 0.951775 0.871452 0.789921
4.096905 4.079438 4.052431 4.021098 3.988756 3.934937 3.904291 3.870422 3.836121 3.813978 3.788259 3.754894 3.701285 3.652904 3.581936 3.520996 3.457113 3.419924 3.380613 3.311434 3.242297 3.186530 3.134651 3.072829 3.011638 2.957511 2.895486 2.840711 2.783865 2.730184 2.677502 2.626429 2.574574 2.524540 2.476091 2.428802 2.383819 2.339635 2.295702 2.253124 2.211230 2.170083 2.127747 2.084846 2.041350 1.996754 1.949920 1.900734 1.849401 1.795330 1.738526 1.678711 1.616417 1.551331 1.483973 1.414444 1.342800 1.269683 1.195060 1.118396 1.040865 0.962640 0.882800 0.801077
4.099396 4.081598 4.054160 4.022443 3.989770 3.935669 3.904798 3.870757 3.836304 3.814085 3.788255 3.754849 3.701109 3.652909 3.581930 3.521118 3.457308 3.420173 3.381063 3.312054 3.243092 3.187484 3.135869 3.074224 3.013239 2.959363 2.897509 2.843021 2.786371 2.732953 2.680551 2.629784 2.578164 2.528394 2.480149 2.433136 2.388358 2.344405 2.300587 2.258293 2.216616 2.175679 2.133570 2.090781 2.047585 2.003126 1.956539 1.907479 1.856336 1.802412 1.745855 1.686148 1.624135 1.559372 1.492268 1.422958 1.351709 1.278862 1.204104 1.127978 1.051276 0.973053 0.893474 0.813028
4.101907 4.083711 4.055924 4.023826 3.990814 3.936375 3.905310 3.871167 3.836477 3.814163 3.788286 3.754772 3.700937 3.652891 3.581940 3.521233 3.457508 3.420436 3.381504 3.312628 3.243876 3.188527 3.137038 3.075598 3.014818 2.961279 2.899596 2.845326 2.788958 2.735788 2.683629 2.633099 2.581729 2.532320 2.484249 2.437500 2.392934 2.349190 2.305434 2.263483 2.222103 2.181328 2.139406 2.096843 2.053807 2.009518 1.963123 1.914168 1.863290 1.809560 1.753173 1.693731 1.631938 1.567314 1.500525 1.431518 1.360703 1.287993 1.213772 1.138234 1.061529 0.983918 0.904841 0.824794
4.104396 4.085835 4.057693 4.025193 3.991932 3.937107 3.905874 3.871608 3.836724 3.814305 3.788296 3.754746 3.700819 3.652876 3.581985 3.521323 3.457686 3.420763 3.381967 3.313280 3.244658 3.189505 3.138151 3.076981 3.016468 2.963128 2.901693 2.847696 2.791452 2.738609 2.686682 2.636397 2.585341 2.536172 2.488316 2.441847 2.397563 2.353944 2.310434 2.268713 2.227542 2.186991 2.145228 2.102846 2.060000 2.015939 1.969658 1.920978 1.870259 1.816586 1.760359 1.701282 1.639748 1.575403 1.508858 1.440200 1.369446 1.297261 1.223289 1.147998 1.072023 0.994611 0.916104 0.836175
4.106869 4.087964 4.059429 4.026583 3.992989 3.937849 3.906436 3.872000 3.836936 3.814427 3.788305 3.754726 3.700770 3.652894 3.582024 3.521474 3.457911 3.421107 3.382423 3.313894 3.245473 3.190479 3.139387 3.078369 3.018068 2.964987 2.903782 2.850084 2.794039 2.741466 2.689786 2.639696 2.588897 2.540059 2.492390 2.446207 2.402193 2.358744 2.315455 2.273932 2.232976 2.192703 2.151149 2.108921 2.066265 2.022318 1.976271 1.927678 1.877220 1.823786 1.767793 1.708824 1.647559 1.583598 1.517232 1.448871 1.378544 1.306312 1.232842 1.158112 1.082214 1.005614 0.927043 0.848144
4.109322 4.090062 4.061139 4.027970 3.994093 3.938607 3.906998 3.872482 3.837168 3.814575 3.788360 3.754767 3.700692 3.652882 3.582066 3.521612 3.458143 3.421436 3.382900 3.314522 3.246283 3.191489 3.140527 3.079770 3.019663 2.966873 2.905880 2.852443 2.796579 2.744275 2.692823 2.643007 2.592486 2.543915 2.496539 2.450649 2.406884 2.363578 2.320438 2.279209 2.238466 2.198306 2.156977 2.114970 2.072449 2.028703 1.982896 1.934472 1.884180 1.831028 1.774985 1.716420 1.655368 1.591648 1.525642 1.457533 1.387535 1.315621 1.242543 1.168123 1.093009 1.016405 0.938858 0.860146
4.111761 4.092142 4.062903 4.029345 3.995166 3.939374 3.907618 3.872928 3.837451 3.814703 3.788428 3.754842 3.700683 3.652906 3.582136 3.521760 3.458352 3.421791 3.383355 3.315161 3.247055 3.192482 3.141729 3.081121 3.021330 2.968822 2.907944 2.854765 2.799161 2.747150 2.695974 2.646379 2.596102 2.547849 2.500678 2.454982 2.411402 2.368471 2.325431 2.284416 2.243932 2.204034 2.162880 2.121075 2.078733 2.035112 1.989456 1.941379 1.891216 1.838228 1.782371 1.724060 1.663268 1.599686 1.534009 1.466320 1.396626 1.324918 1.252521 1.178326 1.103615 1.027350 0.950061 0.872189
4.114166 4.094230 4.064591 4.030751 3.996280 3.940129 3.908234 3.873357 3.837724 3.814901 3.788500 3.754913 3.700709 3.652934 3.582180 3.521858 3.458550 3.422203 3.383801 3.315809 3.247896 3.193460 3.142954 3.082565 3.022975 2.970704 2.910056 2.857188 2.801688 2.749998 2.699035 2.649692 2.599727 2.551772 2.504773 2.459418 2.416057 2.373231 2.330479 2.289747 2.249421 2.209772 2.168785 2.127088 2.085005 2.041483 1.996165 1.948131 1.898122 1.845372 1.789718 1.731712 1.671081 1.607873 1.542435 1.475063 1.405825 1.334355 1.261972 1.188624 1.114377 1.039004 0.961978 0.883879
4.116576 4.096312 4.066299 4.032104 3.997397 3.940885 3.908822 3.873810 3.837992 3.815071 3.788578 3.755001 3.700741 3.652959 3.582237 3.522023 3.458801 3.422573 3.384291 3.316426 3.248670 3.194454 3.144144 3.083944 3.024602 2.972611 2.912171 2.859580 2.804306 2.752841 2.702092 2.653023 2.603322 2.555638 2.508867 2.463812 2.420662 2.378067 2.335567 2.295031 2.254898 2.215439 2.174734 2.133241 2.091288 2.048005 2.002828 1.955000 1.905204 1.852470 1.797144 1.739388 1.679042 1.616014 1.550864 1.483932 1.414828 1.343592 1.271745 1.198861 1.124958 1.050248 0.973280 0.896109
