# mean(lg_P) also median/mode
3.581205 3.560646 3.532153 3.499715 3.465020 3.417495 3.383091 3.348298 3.314318 3.289966 3.263480 3.229902 3.181223 3.128519 3.057258 2.991152 2.928713 2.889867 2.850052 2.781391 2.702829 2.638941 2.587133 2.521028 2.445869 2.384844 2.317119 2.243076 2.182083 2.110916 2.043737 1.976507 1.910223 1.840079 1.774727 1.709472 1.645398 1.582175 1.520155 1.458798 1.398944 1.340830 1.283562 1.227893 1.173840 1.121008 1.069275 1.019105 0.969046 0.920057 0.871378 0.822914 0.774462 0.725159 0.674831 0.623204 0.569847 0.514417 0.456525 0.396264 0.333467 0.268091 0.200471 0.130889
3.627233 3.597810 3.559396 3.516868 3.473040 3.417017 3.378494 3.342309 3.309466 3.287616 3.262180 3.224299 3.164861 3.097053 3.012228 2.943651 2.890197 2.859918 2.812672 2.724756 2.639101 2.588079 2.537097 2.453606 2.379740 2.323651 2.244617 2.172591 2.107607 2.034234 1.964366 1.894227 1.825301 1.752377 1.683750 1.616000 1.548448 1.482470 1.416915 1.351945 1.288920 1.227097 1.166182 1.106685 1.048909 0.992730 0.937567 0.883595 0.830706 0.778834 0.727514 0.677016 0.627025 0.576460 0.525421 0.474162 0.421111 0.366498 0.311012 0.252867 0.191768 0.128771 0.063810 -0.003870
3.624578 3.598110 3.563180 3.524001 3.483229 3.429592 3.391562 3.354350 3.318945 3.294227 3.266882 3.229903 3.174688 3.114002 3.034703 2.965536 2.905109 2.869125 2.825342 2.746875 2.662934 2.603045 2.551331 2.476463 2.399981 2.340301 2.266474 2.192068 2.128298 2.055118 1.985642 1.916075 1.847639 1.775130 1.707647 1.639892 1.573516 1.507573 1.442832 1.378780 1.316362 1.255608 1.195483 1.137090 1.080234 1.024829 0.970540 0.917622 0.865487 0.813412 0.763247 0.713420 0.663937 0.613844 0.563025 0.511149 0.458037 0.402900 0.346219 0.287277 0.225542 0.161651 0.095470 0.027281
3.575064 3.557211 3.531763 3.502699 3.471571 3.428022 3.397405 3.366176 3.335585 3.313459 3.288126 3.254512 3.205751 3.153786 3.085652 3.025296 2.968997 2.932508 2.890676 2.819789 2.745315 2.688846 2.637902 2.568919 2.498458 2.441512 2.372500 2.302291 2.243108 2.173925 2.109189 2.044390 1.980297 1.912830 1.849872 1.787494 1.726199 1.665724 1.606615 1.548242 1.491519 1.436470 1.382354 1.329714 1.278527 1.228469 1.179493 1.131877 1.084088 1.037193 0.990235 0.942957 0.894972 0.845729 0.794959 0.742068 0.687467 0.631128 0.570763 0.508574 0.444332 0.377520 0.307496 0.236141
3.626742 3.608660 3.582701 3.552686 3.520486 3.474678 3.441923 3.407930 3.374165 3.349732 3.323128 3.290468 3.243448 3.194478 3.126539 3.062329 2.998475 2.957694 2.918719 2.853976 2.778863 2.713686 2.660452 2.598203 2.525209 2.463110 2.397899 2.325397 2.265393 2.196562 2.130930 2.065967 2.001610 1.933852 1.871234 1.808243 1.747177 1.686458 1.627275 1.569212 1.512478 1.457721 1.403480 1.351221 1.300326 1.250088 1.201131 1.153432 1.105569 1.058369 1.010945 0.963260 0.914764 0.864733 0.813131 0.759361 0.703671 0.645815 0.584859 0.521583 0.455735 0.387254 0.316437 0.244107
3.452774 3.436356 3.412805 3.385033 3.354693 3.312439 3.280108 3.246383 3.212949 3.187631 3.161052 3.129838 3.087039 3.041474 2.977522 2.913642 2.848215 2.804076 2.766032 2.707589 2.634966 2.565063 2.509158 2.451244 2.378570 2.311737 2.248072 2.173897 2.111590 2.041572 1.972815 1.905372 1.838279 1.767174 1.700648 1.634059 1.568642 1.503507 1.439945 1.376658 1.314575 1.254404 1.195084 1.137361 1.081159 1.026263 0.972590 0.920524 0.869177 0.818588 0.769853 0.720653 0.671597 0.622666 0.573213 0.523653 0.471938 0.418524 0.363684 0.306456 0.246185 0.184443 0.120017 0.053306
3.537670 3.510498 3.475070 3.435301 3.393939 3.341102 3.303435 3.267053 3.233722 3.210334 3.184015 3.146863 3.090609 3.026792 2.945603 2.877097 2.821157 2.788350 2.742556 2.659712 2.574348 2.519453 2.468445 2.388334 2.312153 2.254929 2.177129 2.103367 2.038064 1.963005 1.892348 1.820800 1.750577 1.676063 1.606150 1.535892 1.467147 1.398233 1.330546 1.263298 1.197411 1.133023 1.069478 1.007440 0.946680 0.888190 0.830492 0.773932 0.719488 0.666198 0.612766 0.561138 0.510177 0.459427 0.408778 0.358397 0.307143 0.254673 0.201896 0.146683 0.089041 0.030277 -0.030764 -0.093843
3.636650 3.616025 3.587566 3.555350 3.521384 3.474548 3.442399 3.410039 3.378437 3.355888 3.329548 3.293726 3.240953 3.185038 3.113199 3.052067 2.996794 2.961038 2.916108 2.839893 2.764040 2.710244 2.657856 2.584267 2.514690 2.457777 2.385630 2.316343 2.255204 2.186103 2.120384 2.055266 1.990549 1.922639 1.859625 1.796628 1.735090 1.674294 1.614758 1.556356 1.499525 1.444405 1.389965 1.337370 1.286204 1.235901 1.186679 1.138792 1.090845 1.043484 0.996366 0.948473 0.900346 0.850528 0.799294 0.745605 0.690266 0.633071 0.572505 0.509471 0.444300 0.376735 0.306141 0.234388
3.470962 3.447672 3.416136 3.380319 3.341827 3.291458 3.253160 3.215233 3.179379 3.153862 3.127822 3.095761 3.048837 2.994748 2.920247 2.847730 2.780433 2.740692 2.704262 2.638384 2.555185 2.483575 2.432365 2.369401 2.289091 2.223854 2.157206 2.078390 2.015474 1.941032 1.870724 1.799280 1.729813 1.655320 1.585470 1.515799 1.446607 1.377909 1.310190 1.242798 1.176797 1.112326 1.048280 0.986301 0.925029 0.865879 0.807660 0.750945 0.695308 0.641277 0.588436 0.535345 0.483757 0.432911 0.382270 0.331596 0.279991 0.227965 0.174739 0.119502 0.062461 0.003548 -0.056888 -0.119936
3.645375 3.626744 3.600309 3.569748 3.537144 3.490935 3.458352 3.425025 3.392014 3.368604 3.342749 3.309812 3.261740 3.211337 3.142254 3.078601 3.016878 2.978147 2.938886 2.871657 2.796080 2.733762 2.681984 2.617588 2.545432 2.485678 2.419396 2.348226 2.288757 2.220618 2.155785 2.091934 2.028184 1.961417 1.899812 1.838197 1.777926 1.718273 1.660202 1.603238 1.547801 1.494198 1.441124 1.389778 1.339807 1.290574 1.242363 1.195181 1.147834 1.101701 1.053988 1.005686 0.956897 0.906559 0.854364 0.799305 0.742616 0.683724 0.621353 0.556578 0.489743 0.420041 0.348132 0.274389
3.535770 3.520167 3.497510 3.470739 3.441685 3.399776 3.368892 3.336093 3.302890 3.277837 3.250860 3.218776 3.174741 3.129535 3.066907 3.005377 2.941294 2.897199 2.857708 2.797678 2.727299 2.660169 2.603951 2.544797 2.474193 2.409331 2.345456 2.273247 2.212354 2.143693 2.077192 2.011790 1.946818 1.878214 1.814314 1.750532 1.688276 1.626318 1.566021 1.506425 1.448130 1.391665 1.336198 1.282329 1.230035 1.178510 1.128304 1.079846 1.030934 0.983571 0.935346 0.887669 0.839529 0.790476 0.739946 0.687790 0.634097 0.577672 0.518363 0.456885 0.393193 0.326594 0.257940 0.186587
3.674165 3.645549 3.608082 3.566231 3.523122 3.466921 3.428385 3.391493 3.357202 3.334177 3.307771 3.269858 3.210965 3.145558 3.061986 2.992850 2.936325 2.904171 2.858011 2.772732 2.687193 2.633088 2.581932 2.501307 2.426071 2.369002 2.291741 2.218976 2.154579 2.081522 2.012086 1.942626 1.874261 1.802034 1.734716 1.667495 1.601201 1.535892 1.471547 1.407996 1.346198 1.285933 1.226426 1.168496 1.112344 1.057332 1.003616 0.950960 0.899001 0.848763 0.797148 0.747292 0.697806 0.647627 0.596399 0.543796 0.489997 0.434194 0.376304 0.316094 0.253495 0.188417 0.120988 0.051762
3.565034 3.537655 3.502044 3.462492 3.421188 3.367964 3.329743 3.292765 3.257995 3.233319 3.205744 3.168132 3.111805 3.048915 2.968570 2.899542 2.841280 2.806210 2.760505 2.679193 2.593862 2.536124 2.484108 2.405889 2.328790 2.269492 2.192843 2.117819 2.052597 1.977470 1.906485 1.834548 1.764435 1.689666 1.619832 1.549571 1.480699 1.411811 1.344097 1.276774 1.211075 1.146899 1.083354 1.021371 0.960779 0.902263 0.844445 0.787877 0.733009 0.679799 0.625997 0.573758 0.522406 0.471165 0.419685 0.368330 0.315905 0.262325 0.208016 0.151299 0.091497 0.030838 -0.031943 -0.097808
3.538546 3.519416 3.492715 3.462404 3.429973 3.385888 3.354688 3.323382 3.293130 3.271149 3.245654 3.211313 3.160958 3.106524 3.036672 2.976150 2.921720 2.886240 2.842674 2.768867 2.693218 2.638747 2.587618 2.515503 2.444893 2.388361 2.317095 2.246547 2.186044 2.115626 2.049634 1.983345 1.917898 1.848837 1.784168 1.720048 1.656760 1.594480 1.533361 1.472807 1.413976 1.356573 1.300417 1.245385 1.192118 1.140224 1.089449 1.039870 0.990601 0.942783 0.894969 0.847396 0.799647 0.750737 0.700604 0.649421 0.596373 0.541492 0.483068 0.423076 0.360605 0.295409 0.228106 0.159010
3.600882 3.583232 3.557959 3.528478 3.496692 3.451525 3.418891 3.384976 3.351301 3.326927 3.300751 3.268835 3.223262 3.175622 3.108953 3.044791 2.980356 2.938713 2.900608 2.838163 2.764531 2.698042 2.644112 2.583641 2.511932 2.448827 2.384635 2.312841 2.252598 2.184525 2.118840 2.054431 1.990190 1.922653 1.860181 1.797462 1.736438 1.675829 1.616896 1.558853 1.502076 1.447308 1.393299 1.340882 1.290087 1.239913 1.190905 1.143498 1.095724 1.048689 1.001563 0.953985 0.905671 0.856299 0.805319 0.751933 0.696831 0.639484 0.578904 0.515768 0.450541 0.382391 0.311868 0.239708
3.527109 3.510627 3.486511 3.458499 3.427927 3.384732 3.352810 3.319545 3.286496 3.262331 3.236564 3.205644 3.162130 3.115864 3.051013 2.987342 2.922915 2.880763 2.843420 2.783446 2.710574 2.642706 2.588700 2.530429 2.457828 2.393522 2.330736 2.257440 2.197295 2.128315 2.062160 1.996636 1.931566 1.862922 1.798520 1.735095 1.672430 1.610699 1.550195 1.490601 1.431924 1.375314 1.319673 1.265581 1.213242 1.161744 1.111578 1.063062 1.014834 0.967408 0.920071 0.873197 0.825827 0.777099 0.727416 0.676367 0.623677 0.568768 0.511032 0.451609 0.389336 0.324385 0.257510 0.188404
3.547334 3.521025 3.486331 3.447555 3.407072 3.354946 3.317917 3.282319 3.249553 3.227097 3.201694 3.165715 3.110919 3.048157 2.968062 2.900040 2.844220 2.811826 2.767975 2.686612 2.602122 2.546639 2.497534 2.419210 2.343233 2.286695 2.210988 2.136941 2.074007 1.999642 1.930610 1.860137 1.791437 1.718353 1.649756 1.581375 1.513828 1.447004 1.381007 1.315573 1.251665 1.189221 1.127574 1.067511 1.008783 0.952181 0.896222 0.841537 0.788630 0.736876 0.685135 0.634401 0.584341 0.534166 0.484010 0.433860 0.382027 0.329302 0.274904 0.217969 0.158615 0.097777 0.034502 -0.030908
3.641359 3.617100 3.584880 3.548786 3.511097 3.460457 3.425474 3.390736 3.357029 3.332922 3.305060 3.267176 3.211105 3.151392 3.075504 3.011449 2.954661 2.918296 2.871296 2.791562 2.712424 2.657280 2.603663 2.526888 2.455135 2.396529 2.321804 2.250513 2.186921 2.115638 2.047232 1.979437 1.912400 1.841718 1.775879 1.710203 1.645561 1.581719 1.519123 1.457129 1.397019 1.338654 1.280729 1.224629 1.170142 1.116823 1.064660 1.013624 0.963143 0.913207 0.863832 0.814507 0.765414 0.715338 0.664046 0.611322 0.556845 0.500473 0.441582 0.380220 0.316409 0.249677 0.181271 0.110530
3.539132 3.514532 3.481934 3.444788 3.405698 3.354090 3.315693 3.277491 3.241310 3.215410 3.188535 3.154702 3.105305 3.049625 2.973779 2.902073 2.836170 2.796478 2.757841 2.688644 2.604863 2.536491 2.484555 2.418058 2.338743 2.275092 2.205763 2.128843 2.065479 1.991436 1.921594 1.851041 1.781652 1.708105 1.639054 1.570260 1.502120 1.434818 1.368320 1.302617 1.237732 1.175040 1.112881 1.052254 0.993264 0.936200 0.880080 0.825182 0.772552 0.719910 0.668758 0.618372 0.568132 0.518041 0.468147 0.418963 0.367613 0.315653 0.262639 0.207421 0.149524 0.090532 0.029410 -0.033881
3.531996 3.512382 3.485152 3.453972 3.420370 3.374286 3.340118 3.305194 3.270945 3.245636 3.218501 3.185169 3.137849 3.086949 3.017721 2.951772 2.887856 2.846826 2.806959 2.741255 2.663698 2.597149 2.543736 2.479956 2.404289 2.340829 2.274042 2.198687 2.136795 2.064911 1.996532 1.928120 1.860880 1.789322 1.722699 1.655790 1.590502 1.525255 1.461510 1.398202 1.336477 1.276394 1.217130 1.159544 1.103408 1.048721 0.995205 0.943186 0.891663 0.841865 0.791643 0.742349 0.693313 0.643847 0.593646 0.542952 0.490323 0.435932 0.379711 0.321400 0.259906 0.196294 0.130949 0.062995
3.597882 3.585668 3.566418 3.543369 3.517983 3.479516 3.452717 3.423802 3.394817 3.373564 3.349498 3.319473 3.276761 3.233508 3.172998 3.115979 3.057238 3.017848 2.980304 2.919855 2.851779 2.791377 2.739606 2.680627 2.613255 2.554339 2.492377 2.424094 2.367806 2.302878 2.241398 2.180826 2.120533 2.057358 1.999172 1.940895 1.884561 1.828800 1.774412 1.721466 1.669767 1.620025 1.570822 1.522886 1.476519 1.430420 1.384904 1.340347 1.295353 1.249376 1.203470 1.155950 1.107116 1.056204 1.003261 0.947375 0.889340 0.828588 0.764959 0.698847 0.630183 0.559141 0.486483 0.411554
3.622336 3.596465 3.561965 3.523473 3.483696 3.431525 3.395876 3.361530 3.329558 3.307873 3.282509 3.245432 3.188768 3.125455 3.045623 2.980404 2.927255 2.895289 2.848894 2.764985 2.683502 2.632648 2.581244 2.500759 2.429459 2.373692 2.296939 2.226899 2.163532 2.091995 2.024047 1.956081 1.888914 1.818203 1.752120 1.686156 1.621309 1.557388 1.494507 1.432286 1.371772 1.312730 1.254723 1.198097 1.143276 1.089892 1.037576 0.986358 0.936518 0.887167 0.837768 0.789588 0.741202 0.691699 0.641868 0.591108 0.538465 0.484156 0.427741 0.369246 0.307527 0.243566 0.177957 0.109446
3.586400 3.556988 3.518768 3.475952 3.431288 3.373715 3.331704 3.291031 3.253113 3.227084 3.199894 3.164003 3.109788 3.047506 2.964092 2.887919 2.821932 2.785394 2.745268 2.668423 2.578422 2.510986 2.460826 2.388318 2.305177 2.242502 2.169654 2.089987 2.025161 1.948411 1.876504 1.803197 1.732128 1.655930 1.584563 1.513285 1.442717 1.372913 1.303741 1.234947 1.167733 1.102090 1.036976 0.973439 0.911271 0.850999 0.791559 0.733579 0.676972 0.622049 0.567470 0.514282 0.461523 0.409413 0.357041 0.305068 0.252185 0.198021 0.143651 0.087016 0.028161 -0.031878 -0.094573 -0.159198
3.629500 3.609028 3.580589 3.548445 3.514291 3.466840 3.433496 3.399491 3.365726 3.341430 3.314186 3.278990 3.228218 3.174747 3.103900 3.040200 2.979882 2.941089 2.898715 2.827237 2.750517 2.690074 2.637488 2.568585 2.496000 2.436210 2.367008 2.295115 2.234189 2.164153 2.097901 2.031980 1.966726 1.897973 1.833953 1.770479 1.708003 1.646531 1.586275 1.526980 1.469185 1.413270 1.357810 1.304372 1.252372 1.201191 1.151325 1.102732 1.054261 1.006591 0.958647 0.910690 0.862337 0.812740 0.761622 0.708485 0.653614 0.596603 0.536562 0.474303 0.409682 0.342099 0.272424 0.201101
3.480368 3.462663 3.437462 3.408384 3.376935 3.333693 3.301456 3.268377 3.235887 3.211688 3.185624 3.153172 3.107660 3.058101 2.991259 2.927661 2.865990 2.825603 2.786058 2.721437 2.646128 2.581272 2.528646 2.465192 2.391188 2.328937 2.262607 2.188534 2.127503 2.056214 1.988662 1.920935 1.854262 1.783362 1.717250 1.650980 1.586176 1.521242 1.457995 1.395256 1.333751 1.274062 1.215174 1.157992 1.102285 1.047937 0.994741 0.943048 0.892190 0.842883 0.793510 0.744750 0.696303 0.647318 0.597987 0.548422 0.496658 0.443301 0.388209 0.330969 0.270540 0.208559 0.144295 0.077731
3.568850 3.553636 3.531136 3.504749 3.475968 3.434431 3.404596 3.373366 3.342243 3.319488 3.294401 3.263148 3.218669 3.172158 3.108018 3.047356 2.986715 2.946961 2.908818 2.845991 2.773888 2.711084 2.659244 2.598116 2.527148 2.466894 2.402857 2.331711 2.273366 2.205519 2.141291 2.077690 2.014413 1.947936 1.886583 1.824820 1.765016 1.705229 1.647275 1.590168 1.534716 1.480952 1.428131 1.376410 1.326632 1.277633 1.229400 1.182590 1.135462 1.090173 1.042403 0.995353 0.947074 0.897498 0.845996 0.792136 0.736395 0.678306 0.616918 0.553120 0.487267 0.418203 0.347414 0.274643
3.578777 3.550283 3.513461 3.472762 3.430706 3.377203 3.340248 3.304902 3.272192 3.249123 3.221747 3.181681 3.121354 3.054323 2.972581 2.907516 2.855538 2.822263 2.770711 2.682894 2.601106 2.551097 2.496103 2.411645 2.340397 2.282007 2.201876 2.130219 2.063451 1.989681 1.918421 1.847367 1.777271 1.703005 1.633288 1.563806 1.495109 1.427110 1.359953 1.293283 1.228227 1.164563 1.101854 1.040461 0.980633 0.922820 0.865800 0.809970 0.756198 0.703115 0.650473 0.599344 0.548729 0.497778 0.446943 0.396287 0.344203 0.290931 0.237096 0.180772 0.121408 0.060978 -0.001487 -0.066478
3.579054 3.554428 3.521645 3.484499 3.445784 3.394627 3.358065 3.321824 3.287318 3.263018 3.236159 3.200336 3.147549 3.089046 3.012266 2.944309 2.884057 2.847530 2.805022 2.729416 2.647062 2.586411 2.535215 2.462350 2.386278 2.326725 2.254332 2.179996 2.117245 2.044108 1.975358 1.906094 1.838025 1.765890 1.698565 1.631226 1.565058 1.499298 1.434765 1.370750 1.308329 1.247568 1.187661 1.129053 1.072276 1.016978 0.962628 0.909587 0.857887 0.805732 0.756170 0.706350 0.656817 0.606744 0.556475 0.505373 0.452573 0.398260 0.341943 0.283648 0.222416 0.159707 0.093929 0.026135
3.588044 3.564593 3.532993 3.497611 3.460084 3.409648 3.373139 3.336684 3.301181 3.275786 3.248160 3.212614 3.161119 3.105034 3.030609 2.962520 2.899689 2.860553 2.818700 2.746550 2.665643 2.601265 2.548702 2.479711 2.403025 2.340965 2.271167 2.195477 2.133125 2.060085 1.991364 1.922121 1.854308 1.782145 1.715063 1.647817 1.581965 1.516087 1.451835 1.388078 1.325777 1.265405 1.205525 1.147382 1.090996 1.035879 0.981986 0.929412 0.878025 0.827440 0.777111 0.727811 0.678534 0.628563 0.577748 0.527090 0.474284 0.419330 0.363462 0.305044 0.243457 0.180405 0.114171 0.045542
3.639508 3.621489 3.595539 3.565565 3.533077 3.486695 3.453454 3.418832 3.384303 3.359577 3.333101 3.301072 3.255179 3.207369 3.139985 3.074762 3.008918 2.967016 2.929332 2.866943 2.792461 2.724757 2.671022 2.611351 2.538320 2.474868 2.411164 2.338560 2.278573 2.210581 2.144951 2.080557 2.016603 1.949249 1.887213 1.824763 1.764122 1.703929 1.645233 1.587815 1.531705 1.477579 1.423740 1.371934 1.321629 1.271856 1.223127 1.175758 1.127962 1.081718 1.033436 0.985183 0.936419 0.886216 0.834021 0.779326 0.722952 0.664350 0.602448 0.538045 0.471371 0.401893 0.330181 0.256656
3.506883 3.493456 3.472654 3.448198 3.420951 3.381459 3.352617 3.322235 3.292153 3.270175 3.246116 3.216846 3.175273 3.131048 3.069237 3.008957 2.948145 2.908152 2.871826 2.812800 2.742187 2.678011 2.626165 2.568443 2.497922 2.436568 2.374774 2.303371 2.245412 2.177970 2.113773 2.050250 1.987107 1.920499 1.858570 1.796766 1.736421 1.676586 1.618408 1.560977 1.504705 1.450241 1.397118 1.344959 1.294823 1.245249 1.196903 1.150233 1.102876 1.056569 1.010602 0.964241 0.916938 0.868254 0.818003 0.765703 0.711939 0.655756 0.596264 0.534839 0.471142 0.404512 0.335643 0.264980
3.704307 3.675596 3.638126 3.596647 3.554376 3.498943 3.462184 3.427077 3.393806 3.371276 3.343797 3.303243 3.241101 3.174050 3.091812 3.027701 2.975798 2.942801 2.890785 2.801794 2.721665 2.673328 2.617534 2.533424 2.464929 2.406795 2.327828 2.258710 2.192852 2.122192 2.052767 1.984898 1.917314 1.846293 1.780170 1.714381 1.649326 1.585550 1.522746 1.460836 1.400680 1.342114 1.284254 1.228138 1.173775 1.120093 1.067992 1.016863 0.966520 0.916693 0.866635 0.817068 0.767879 0.717457 0.666197 0.612759 0.558134 0.501404 0.442198 0.380545 0.316095 0.249279 0.180312 0.108845
3.580474 3.557294 3.526049 3.490671 3.453345 3.403534 3.367843 3.332438 3.298779 3.274955 3.248770 3.213906 3.162043 3.104631 3.028997 2.961771 2.902060 2.866215 2.824509 2.749503 2.667578 2.607553 2.557284 2.485046 2.408732 2.350298 2.278338 2.203937 2.142064 2.069037 2.001009 1.931976 1.864508 1.792848 1.726071 1.659161 1.593662 1.528444 1.464465 1.401166 1.339498 1.279330 1.220147 1.162450 1.106255 1.051681 0.998070 0.945714 0.894167 0.844391 0.793575 0.744041 0.694951 0.645185 0.594663 0.543413 0.490281 0.435450 0.378843 0.319669 0.257780 0.193638 0.127500 0.058858
3.479866 3.457913 3.428076 3.394221 3.357969 3.310068 3.274129 3.238509 3.204454 3.179649 3.153134 3.119557 3.070887 3.016606 2.943905 2.876046 2.813609 2.774662 2.734943 2.665853 2.585287 2.519744 2.468096 2.401522 2.324289 2.261791 2.193456 2.117120 2.054735 1.981182 1.911845 1.841826 1.773192 1.700043 1.631539 1.563020 1.495425 1.428203 1.362133 1.296539 1.232138 1.169525 1.107716 1.047249 0.988286 0.931127 0.875062 0.820229 0.766947 0.714856 0.664132 0.613429 0.563477 0.513256 0.463515 0.414286 0.362955 0.310606 0.256745 0.200330 0.142025 0.081872 0.019545 -0.044990
3.573890 3.558104 3.534885 3.507989 3.478799 3.436979 3.407184 3.376114 3.345002 3.322286 3.296693 3.264571 3.218635 3.170930 3.106233 3.046140 2.986739 2.947454 2.907718 2.842894 2.770757 2.710007 2.657608 2.594528 2.524437 2.464562 2.399495 2.329076 2.270228 2.202460 2.138205 2.074551 2.011360 1.944740 1.883497 1.821634 1.761857 1.702059 1.644103 1.587128 1.531656 1.477829 1.425024 1.373608 1.323808 1.274670 1.226569 1.179992 1.132514 1.087334 1.039938 0.992885 0.945034 0.895538 0.844131 0.790338 0.734931 0.677321 0.616079 0.552789 0.487539 0.419022 0.348423 0.276098
3.575401 3.560051 3.536936 3.509887 3.480108 3.436975 3.405306 3.371811 3.338366 3.313969 3.288151 3.258081 3.215917 3.172051 3.108771 3.045364 2.978791 2.934730 2.898232 2.841411 2.771122 2.701471 2.645372 2.590006 2.519880 2.453796 2.392538 2.321091 2.260728 2.194069 2.128323 2.064674 2.000842 1.933785 1.871927 1.809523 1.749057 1.688864 1.630385 1.572911 1.516682 1.462273 1.408795 1.356853 1.306622 1.256742 1.208221 1.161505 1.113550 1.066978 1.019975 0.972729 0.924831 0.875566 0.824167 0.770452 0.715285 0.657810 0.596811 0.533890 0.468611 0.400479 0.330011 0.257788
3.525488 3.498523 3.463670 3.424818 3.384655 3.333247 3.296761 3.261509 3.228101 3.203894 3.175657 3.136004 3.077806 3.013551 2.934623 2.869738 2.815817 2.780227 2.729917 2.645436 2.564200 2.511021 2.456220 2.374247 2.301436 2.242142 2.163236 2.090142 2.023763 1.948901 1.877320 1.805400 1.734687 1.659627 1.589068 1.518478 1.448893 1.379421 1.311049 1.242932 1.176484 1.111305 1.047022 0.984146 0.922430 0.862953 0.804368 0.746839 0.691098 0.636616 0.582960 0.530349 0.478399 0.426827 0.375657 0.324432 0.272254 0.219246 0.165313 0.109437 0.051394 -0.008135 -0.069861 -0.133507
3.617949 3.594118 3.562016 3.525800 3.487799 3.436897 3.400944 3.365406 3.331480 3.307728 3.281306 3.245908 3.193142 3.135276 3.059017 2.991907 2.932051 2.896081 2.853907 2.778541 2.697021 2.637293 2.586221 2.514389 2.439156 2.380173 2.308785 2.235359 2.173391 2.101570 2.033847 1.966091 1.899184 1.828502 1.762842 1.697119 1.632597 1.568656 1.506092 1.444154 1.383926 1.325319 1.267559 1.211346 1.156769 1.103312 1.051168 1.000350 0.949793 0.899654 0.851143 0.802225 0.753637 0.703868 0.653020 0.601084 0.547496 0.491894 0.434029 0.373607 0.310677 0.245319 0.177761 0.107855
3.668030 3.646753 3.617327 3.583603 3.548176 3.498873 3.464558 3.429651 3.395446 3.371486 3.344952 3.310465 3.259561 3.205637 3.132906 3.067198 3.005716 2.967932 2.927144 2.855647 2.777074 2.716014 2.664281 2.596086 2.522544 2.463101 2.394250 2.322504 2.261849 2.192340 2.126437 2.061074 1.996193 1.928134 1.865240 1.802026 1.740553 1.679538 1.620075 1.561680 1.504617 1.449642 1.394975 1.342494 1.291284 1.240829 1.191452 1.143384 1.095205 1.047770 0.999827 0.951117 0.902425 0.852251 0.800080 0.745779 0.689338 0.631418 0.569771 0.505654 0.439483 0.370231 0.299179 0.226266
3.562637 3.544825 3.519242 3.489744 3.457753 3.413157 3.381040 3.348256 3.316406 3.293675 3.268759 3.237057 3.190612 3.140326 3.071679 3.007772 2.947314 2.910132 2.872199 2.805313 2.728418 2.666200 2.616922 2.552358 2.477822 2.419396 2.353141 2.279953 2.221519 2.151182 2.086160 2.020429 1.955832 1.887512 1.823824 1.760534 1.698219 1.637084 1.577048 1.517765 1.460050 1.403967 1.348853 1.295205 1.243293 1.192573 1.142665 1.094343 1.045807 0.998453 0.951170 0.903612 0.856109 0.807141 0.756839 0.704730 0.651045 0.595466 0.536658 0.475481 0.412369 0.346230 0.278019 0.207735
3.543522 3.526016 3.500765 3.471235 3.439087 3.394100 3.360558 3.325738 3.291551 3.266594 3.240621 3.209962 3.166615 3.120175 3.053939 2.988132 2.921048 2.877783 2.841222 2.782535 2.708867 2.638150 2.582951 2.526043 2.453161 2.386879 2.324382 2.250766 2.189509 2.120650 2.053463 1.987542 1.922115 1.852874 1.788050 1.723928 1.660594 1.598327 1.537253 1.476884 1.417764 1.360499 1.304230 1.249329 1.196331 1.144100 1.093257 1.044043 0.994613 0.946775 0.898699 0.851107 0.803175 0.754281 0.704351 0.653329 0.600319 0.545040 0.487215 0.427110 0.364456 0.299085 0.231727 0.162128
3.562491 3.533476 3.495621 3.453579 3.409882 3.354360 3.314627 3.276785 3.242327 3.218869 3.193116 3.156673 3.100626 3.035862 2.952210 2.880368 2.821766 2.789298 2.746075 2.664061 2.575928 2.517400 2.468132 2.390108 2.311224 2.252976 2.177004 2.101215 2.036875 1.961425 1.890902 1.819123 1.749069 1.674430 1.604695 1.534473 1.465783 1.396889 1.329276 1.262070 1.196356 1.132139 1.068730 1.006725 0.946090 0.887568 0.829765 0.773414 0.718535 0.665216 0.611821 0.559753 0.508558 0.457454 0.406641 0.355676 0.303682 0.250916 0.197093 0.141126 0.082899 0.023120 -0.038928 -0.102973
3.626593 3.601226 3.567359 3.529114 3.488620 3.434674 3.395593 3.357417 3.321189 3.296425 3.270405 3.236612 3.185196 3.128036 3.049801 2.977222 2.911744 2.874988 2.836677 2.764833 2.679475 2.613116 2.563016 2.495423 2.415847 2.354315 2.285134 2.208888 2.146453 2.073614 2.004803 1.935828 1.867991 1.796165 1.729240 1.662182 1.596563 1.531330 1.467350 1.404065 1.342441 1.282384 1.223063 1.165483 1.109478 1.054660 1.001141 0.949055 0.897395 0.847440 0.796159 0.746518 0.697297 0.647360 0.596975 0.545316 0.491707 0.436808 0.379512 0.319576 0.257535 0.192845 0.126109 0.057451
3.542690 3.524270 3.498299 3.468703 3.436877 3.392914 3.361318 3.329213 3.297650 3.274500 3.248354 3.214492 3.165628 3.113300 3.044750 2.983057 2.925369 2.887798 2.845665 2.775039 2.699337 2.640931 2.589207 2.520257 2.447978 2.389525 2.320022 2.248067 2.187595 2.116799 2.050543 1.983823 1.918156 1.848718 1.783638 1.719139 1.655558 1.593040 1.531595 1.470692 1.411428 1.353816 1.297193 1.242051 1.188443 1.136249 1.084974 1.035264 0.985802 0.937615 0.889303 0.841425 0.793345 0.744252 0.693977 0.642646 0.589334 0.534089 0.475968 0.415764 0.353031 0.287667 0.220342 0.150700
3.620610 3.603776 3.579397 3.550970 3.520513 3.476894 3.446382 3.414409 3.382751 3.359884 3.334357 3.301771 3.254994 3.206301 3.139517 3.078426 3.018266 2.979347 2.939785 2.873817 2.800488 2.739785 2.687624 2.623669 2.553299 2.494246 2.428095 2.358418 2.299370 2.231948 2.167899 2.104882 2.041735 1.975808 1.914846 1.853768 1.794346 1.735576 1.678330 1.622403 1.567470 1.514644 1.462571 1.412108 1.363306 1.314762 1.267530 1.221482 1.175032 1.128752 1.083068 1.036115 0.988523 0.938853 0.887390 0.832774 0.777026 0.718922 0.657411 0.593498 0.527356 0.458908 0.387757 0.315262
3.545283 3.529018 3.505433 3.477896 3.447940 3.405366 3.374359 3.341902 3.309538 3.285639 3.259658 3.227799 3.183031 3.135848 3.070873 3.008650 2.946491 2.905411 2.866684 2.803921 2.730743 2.665906 2.612914 2.551737 2.479253 2.417176 2.352720 2.279892 2.220165 2.150916 2.085166 2.019680 1.954964 1.886551 1.822962 1.759457 1.697259 1.635748 1.575639 1.516303 1.458430 1.402264 1.347078 1.293374 1.241360 1.190255 1.140229 1.091807 1.043112 0.995579 0.947831 0.900431 0.852267 0.803043 0.752427 0.699757 0.645459 0.588900 0.529311 0.467604 0.403071 0.336170 0.266915 0.195853
3.520045 3.489319 3.449689 3.405851 3.360123 3.303003 3.261222 3.221704 3.185673 3.160711 3.133556 3.095929 3.038634 2.971915 2.886013 2.811582 2.751112 2.717428 2.673349 2.589955 2.498644 2.437475 2.387404 2.308060 2.225763 2.165693 2.088070 2.009147 1.942814 1.864169 1.791067 1.715958 1.643157 1.565130 1.491417 1.418182 1.344905 1.272614 1.200693 1.128931 1.058727 0.989668 0.921087 0.854474 0.788089 0.724378 0.661278 0.599565 0.539595 0.480534 0.423652 0.366476 0.311356 0.256676 0.203255 0.149602 0.096408 0.043199 -0.010490 -0.066103 -0.121003 -0.177703 -0.237224 -0.297427
3.694213 3.670779 3.638994 3.603101 3.565597 3.514591 3.479829 3.445561 3.412585 3.390009 3.364048 3.328162 3.273576 3.215190 3.138961 3.074219 3.017125 2.982915 2.939344 2.861363 2.781740 2.726545 2.675670 2.601958 2.529771 2.473268 2.401151 2.330857 2.269808 2.200450 2.134716 2.069628 2.004857 1.937068 1.874792 1.811823 1.750731 1.689820 1.630627 1.572634 1.516155 1.461739 1.407316 1.355089 1.304229 1.254080 1.205149 1.156877 1.109199 1.061991 1.014220 0.965612 0.916584 0.865882 0.813577 0.758623 0.701724 0.643502 0.581800 0.517100 0.450380 0.381424 0.309304 0.235831
3.487882 3.468113 3.440797 3.409586 3.376061 3.330755 3.297131 3.263255 3.230310 3.206027 3.179549 3.146195 3.098377 3.045995 2.976236 2.911394 2.850500 2.811688 2.771283 2.702987 2.624940 2.561772 2.509954 2.443426 2.368094 2.307045 2.238700 2.164063 2.102456 2.030080 1.962076 1.893451 1.825914 1.754329 1.686794 1.620179 1.554024 1.488779 1.424478 1.360837 1.298216 1.237605 1.177676 1.119461 1.062647 1.007504 0.953515 0.900881 0.849801 0.798658 0.749649 0.700419 0.651666 0.602691 0.553683 0.504440 0.453426 0.401097 0.347059 0.291264 0.232660 0.171647 0.109202 0.044344
3.606747 3.589183 3.563994 3.534968 3.503614 3.459187 3.427668 3.395159 3.362958 3.339698 3.313916 3.281213 3.234024 3.184557 3.117411 3.055082 2.994421 2.955358 2.915802 2.849441 2.775410 2.713724 2.661569 2.597433 2.526342 2.466537 2.400563 2.329807 2.270414 2.202255 2.137570 2.073601 2.009957 1.943077 1.881542 1.819436 1.759325 1.699174 1.640956 1.583700 1.527907 1.473935 1.420639 1.368981 1.318921 1.269428 1.221175 1.174140 1.126802 1.081250 1.033459 0.986063 0.937861 0.888146 0.836413 0.782574 0.726835 0.668979 0.607612 0.543655 0.477683 0.408667 0.337875 0.265031
3.576376 3.561217 3.538574 3.512111 3.482980 3.440724 3.410023 3.377969 3.345943 3.322632 3.297340 3.266672 3.223022 3.177521 3.113780 3.051661 2.988616 2.947690 2.910773 2.850246 2.778018 2.712184 2.659774 2.601440 2.529382 2.467157 2.405089 2.332702 2.274361 2.206508 2.142058 2.078080 2.014871 1.948168 1.886428 1.824495 1.764467 1.704767 1.646650 1.589432 1.533783 1.479755 1.426737 1.375127 1.325189 1.275956 1.227671 1.180943 1.133548 1.088143 1.040100 0.992712 0.944397 0.894686 0.843112 0.789114 0.733434 0.675538 0.613970 0.550019 0.484482 0.415306 0.344375 0.271433
3.621891 3.582825 3.534100 3.481281 3.428455 3.364584 3.322031 3.284224 3.251480 3.229926 3.202487 3.157232 3.085360 3.002922 2.907362 2.839029 2.793366 2.764721 2.703506 2.599456 2.512820 2.470751 2.409540 2.312601 2.244218 2.182182 2.094325 2.023069 1.949267 1.873842 1.797060 1.722215 1.648086 1.569234 1.494652 1.420797 1.346850 1.274209 1.201680 1.129142 1.058732 0.988985 0.920324 0.852634 0.786350 0.722116 0.658772 0.596531 0.535708 0.476284 0.418673 0.362508 0.306862 0.251497 0.196589 0.142103 0.088004 0.032162 -0.021514 -0.077472 -0.135202 -0.193294 -0.253580 -0.315428
3.617026 3.582948 3.539740 3.492344 3.444225 3.384403 3.343520 3.305682 3.271808 3.248961 3.221731 3.180095 3.115135 3.041246 2.951514 2.882025 2.830356 2.799653 2.746476 2.652016 2.564680 2.515600 2.460386 2.371143 2.297810 2.238575 2.155411 2.082315 2.013248 1.937731 1.864180 1.790936 1.718895 1.642387 1.570267 1.498599 1.427117 1.357097 1.287344 1.217865 1.150212 1.083735 1.018169 0.953895 0.891004 0.830162 0.770209 0.711444 0.654300 0.597986 0.543328 0.489841 0.436871 0.384170 0.331608 0.279067 0.226288 0.171956 0.117893 0.061796 0.003094 -0.056448 -0.118308 -0.182208
3.609349 3.579745 3.541422 3.498868 3.455096 3.399011 3.359849 3.322542 3.288035 3.264381 3.237331 3.198655 3.139480 3.072850 2.988776 2.919274 2.863003 2.830027 2.782687 2.696831 2.610525 2.555773 2.503712 2.421976 2.345993 2.287558 2.209279 2.135071 2.069433 1.994586 1.923500 1.851962 1.781824 1.707325 1.637453 1.567783 1.498956 1.430908 1.363660 1.296804 1.231774 1.168099 1.105238 1.043878 0.983958 0.925917 0.868853 0.813065 0.758698 0.705416 0.652460 0.600973 0.550078 0.499035 0.447838 0.396461 0.343889 0.289989 0.235235 0.178130 0.118325 0.056998 -0.006380 -0.072202
3.599397 3.573737 3.539715 3.501537 3.461626 3.409104 3.371824 3.335328 3.300764 3.276624 3.249760 3.213472 3.159048 3.098657 3.019957 2.951307 2.891776 2.856440 2.813098 2.734873 2.651004 2.591742 2.540740 2.465902 2.389244 2.330221 2.256599 2.181977 2.118814 2.045137 1.975978 1.906122 1.837692 1.765057 1.697101 1.629407 1.562523 1.496586 1.431642 1.367139 1.304343 1.243175 1.182718 1.123878 1.066505 1.010924 0.956217 0.902916 0.850625 0.798719 0.748280 0.698264 0.648641 0.598750 0.548298 0.497181 0.444462 0.390264 0.334243 0.275913 0.214909 0.152152 0.086697 0.019190
3.587653 3.565469 3.535228 3.500947 3.464638 3.415465 3.380092 3.344680 3.310485 3.286120 3.259483 3.225113 3.174637 3.119592 3.045955 2.978845 2.917150 2.879463 2.838720 2.767138 2.686637 2.624003 2.572721 2.503941 2.428049 2.367744 2.298233 2.223859 2.162276 2.090192 2.022411 1.954340 1.887390 1.816460 1.750420 1.684252 1.619421 1.555237 1.492274 1.429887 1.369139 1.310087 1.251788 1.195150 1.140102 1.086474 1.033813 0.982598 0.931934 0.882668 0.832809 0.783955 0.735195 0.685649 0.635435 0.583959 0.530978 0.476028 0.418666 0.359054 0.296780 0.232185 0.165496 0.096253
3.574470 3.555452 3.528595 3.497887 3.464778 3.418787 3.385438 3.351239 3.317643 3.293331 3.266978 3.234159 3.187009 3.136582 3.067582 3.002574 2.939588 2.899666 2.860515 2.794634 2.718047 2.653106 2.600603 2.536996 2.462879 2.400945 2.334869 2.261317 2.200782 2.130532 2.063827 1.997443 1.931862 1.862463 1.797481 1.733425 1.670109 1.607772 1.546633 1.486207 1.427235 1.370070 1.313713 1.259080 1.205870 1.153788 1.102900 1.053528 1.004190 0.956121 0.907730 0.859751 0.811475 0.762281 0.711707 0.659801 0.606294 0.550444 0.491760 0.431056 0.367677 0.301383 0.233433 0.162979
3.560420 3.544197 3.520443 3.492887 3.462778 3.419766 3.388407 3.355591 3.322825 3.298751 3.272679 3.241211 3.196884 3.150452 3.085748 3.023032 2.959559 2.917679 2.879444 2.818256 2.745738 2.679574 2.625565 2.565918 2.494304 2.430987 2.367480 2.295205 2.235224 2.166864 2.101093 2.036259 1.971891 1.903975 1.840553 1.777805 1.715983 1.655262 1.595775 1.537114 1.479753 1.424253 1.369688 1.316641 1.265243 1.214620 1.165177 1.117421 1.069147 1.021952 0.974740 0.927432 0.879361 0.830238 0.779330 0.726864 0.672486 0.615982 0.556151 0.494225 0.429765 0.362685 0.293048 0.221675
3.545912 3.532286 3.511342 3.486630 3.459298 3.419114 3.389671 3.358210 3.326482 3.302783 3.277156 3.246786 3.204907 3.161961 3.101153 3.040937 2.977490 2.934044 2.896288 2.838931 2.770386 2.703832 2.648336 2.591654 2.522840 2.458584 2.396746 2.326150 2.266658 2.200065 2.135096 2.071758 2.008539 1.941941 1.880454 1.818416 1.758529 1.698737 1.640724 1.583667 1.527756 1.473733 1.420829 1.369245 1.319429 1.270098 1.221842 1.175403 1.128180 1.082855 1.035338 0.988486 0.940598 0.891313 0.840138 0.786736 0.731883 0.674463 0.613619 0.550639 0.485246 0.416928 0.346472 0.274163
3.531440 3.520175 3.501748 3.479719 3.454965 3.417450 3.389871 3.359840 3.329062 3.305873 3.280819 3.251499 3.211865 3.171949 3.114668 3.056838 2.993857 2.949429 2.911920 2.857510 2.792569 2.726494 2.669697 2.614827 2.548993 2.484441 2.423512 2.354953 2.295802 2.230786 2.166658 2.104691 2.042520 1.977248 1.916700 1.856077 1.797339 1.739078 1.682522 1.626916 1.572270 1.519686 1.468339 1.418025 1.369557 1.321412 1.274317 1.229141 1.182522 1.136483 1.090801 1.044303 0.996611 0.947165 0.895432 0.840974 0.785215 0.727053 0.664996 0.601040 0.534869 0.465875 0.394127 0.321493
3.517388 3.508361 3.492241 3.472743 3.450364 3.415285 3.389374 3.360935 3.331187 3.308596 3.284174 3.255925 3.218423 3.181003 3.126943 3.071310 3.009058 2.964335 2.927012 2.874693 2.812860 2.748033 2.690157 2.636358 2.573221 2.509222 2.448581 2.382248 2.323644 2.259760 2.196696 2.135928 2.074742 2.010735 1.951264 1.891735 1.834439 1.777320 1.722088 1.667734 1.614431 1.563094 1.513266 1.464001 1.416852 1.369759 1.323661 1.279609 1.233328 1.187723 1.142401 1.095951 1.048450 0.998691 0.946208 0.890211 0.833395 0.774469 0.711002 0.645716 0.578723 0.508781 0.436159 0.363153
3.589220 3.570797 3.544962 3.515890 3.484616 3.440621 3.409646 3.377801 3.345583 3.321555 3.293813 3.257841 3.207082 3.154792 3.087585 3.027945 2.970530 2.931103 2.886119 2.814495 2.741446 2.683909 2.629845 2.560162 2.490201 2.430713 2.361124 2.290260 2.229486 2.159743 2.093788 2.028018 1.963195 1.894505 1.830686 1.767220 1.704918 1.643391 1.583207 1.523678 1.465995 1.409868 1.354357 1.300921 1.248723 1.197601 1.147532 1.098840 1.050068 1.002513 0.954468 0.906333 0.858053 0.808396 0.757706 0.704887 0.650064 0.593428 0.533325 0.471058 0.406518 0.338896 0.269422 0.198340
3.587505 3.568597 3.542241 3.512438 3.480393 3.435686 3.404079 3.371652 3.339122 3.315057 3.287602 3.252119 3.201722 3.149316 3.081162 3.020214 2.961914 2.922711 2.878721 2.807615 2.733260 2.674634 2.621118 2.551961 2.480967 2.421256 2.351953 2.280540 2.219661 2.149661 2.083361 2.017288 1.952167 1.883183 1.819173 1.755246 1.692748 1.630671 1.570119 1.510203 1.452074 1.395539 1.339646 1.285746 1.233197 1.181749 1.131310 1.082375 1.033391 0.985843 0.937396 0.889334 0.840874 0.791462 0.740739 0.688175 0.633766 0.577494 0.517742 0.455974 0.391908 0.324707 0.255748 0.184859
3.585818 3.566478 3.539539 3.509033 3.476326 3.430858 3.398522 3.365522 3.332647 3.308543 3.281336 3.246323 3.196369 3.143823 3.074781 3.012538 2.953239 2.914234 2.871327 2.800725 2.725192 2.665330 2.612277 2.543795 2.471738 2.411808 2.342772 2.270776 2.209824 2.139491 2.072989 2.006653 1.941170 1.871932 1.807365 1.743235 1.680407 1.617988 1.557029 1.496760 1.438108 1.381266 1.325025 1.270649 1.217672 1.165949 1.115161 1.065780 1.016665 0.968708 0.920215 0.872017 0.823751 0.774270 0.723707 0.671514 0.617354 0.561234 0.502094 0.440763 0.377006 0.310332 0.241660 0.171143
3.584176 3.564367 3.536864 3.505642 3.472255 3.426107 3.393070 3.359419 3.326215 3.301998 3.275038 3.240529 3.191018 3.138405 3.068503 3.004924 2.944601 2.905698 2.863817 2.793883 2.717215 2.656073 2.603426 2.535714 2.462572 2.402294 2.333673 2.260988 2.200017 2.129410 2.062608 1.995974 1.930242 1.860653 1.795550 1.731311 1.667840 1.605306 1.544006 1.483349 1.424263 1.366972 1.310360 1.255503 1.202220 1.150056 1.099008 1.049354 0.999878 0.951610 0.903023 0.854754 0.806447 0.757132 0.706476 0.654540 0.600681 0.544925 0.486171 0.425303 0.361797 0.295632 0.227474 0.157136
3.582551 3.562322 3.534272 3.502372 3.468297 3.421403 3.387607 3.353349 3.319721 3.295457 3.268752 3.234744 3.185647 3.132992 3.062364 2.997402 2.935940 2.897069 2.856300 2.787065 2.709333 2.646725 2.594536 2.527650 2.453441 2.392777 2.324671 2.251212 2.190226 2.119299 2.052311 1.985314 1.919311 1.849437 1.784198 1.719436 1.655550 1.592706 1.530959 1.469925 1.410491 1.352733 1.295728 1.240493 1.186741 1.134179 1.082791 1.032862 0.983048 0.934594 0.885748 0.837540 0.789107 0.739701 0.689349 0.637462 0.583839 0.528343 0.470127 0.409578 0.346412 0.280825 0.212862 0.142939
3.580941 3.560310 3.531705 3.499184 3.464388 3.416704 3.382187 3.347256 3.313257 3.288887 3.262404 3.228932 3.180311 3.127635 3.056267 2.989914 2.927286 2.888440 2.848803 2.780299 2.701564 2.637382 2.585639 2.519712 2.444436 2.383216 2.315628 2.241422 2.180449 2.109237 2.042006 1.974689 1.908421 1.838212 1.772826 1.707474 1.643382 1.580085 1.517998 1.456575 1.396648 1.338507 1.281137 1.225371 1.171291 1.118400 1.066618 1.016283 0.966334 0.917104 0.868435 0.820089 0.771663 0.722154 0.671958 0.620363 0.566882 0.511684 0.453767 0.393614 0.330869 0.265485 0.198062 0.128361
3.579365 3.558319 3.529239 3.496040 3.460538 3.412072 3.376818 3.341229 3.306778 3.282285 3.256110 3.223133 3.174944 3.122250 3.050230 2.982530 2.918596 2.879698 2.841185 2.773541 2.693855 2.628012 2.576634 2.511822 2.435394 2.373629 2.306675 2.231695 2.170715 2.099156 2.031713 1.964036 1.897559 1.827036 1.761376 1.695665 1.631261 1.567549 1.505046 1.443250 1.382918 1.324286 1.266533 1.210387 1.155907 1.102630 1.050370 0.999825 0.949441 0.899460 0.851174 0.802640 0.753978 0.704743 0.654410 0.602966 0.549875 0.494849 0.437215 0.377401 0.314952 0.249930 0.182932 0.113456
3.577833 3.556373 3.526783 3.492966 3.456769 3.407507 3.371480 3.335204 3.300256 3.275662 3.249717 3.217288 3.169622 3.116995 3.044332 2.975182 2.909963 2.870924 2.833583 2.766816 2.686216 2.618623 2.567658 2.504048 2.426462 2.363992 2.297777 2.221886 2.160980 2.089126 2.021420 1.953426 1.886727 1.815875 1.749906 1.683839 1.619052 1.555033 1.492148 1.429938 1.369181 1.310167 1.252000 1.195417 1.140442 1.086869 1.034252 0.983199 0.932571 0.883356 0.833707 0.784995 0.736414 0.687010 0.636771 0.585544 0.532578 0.477794 0.420483 0.360956 0.298760 0.234179 0.167472 0.098473
3.576306 3.554503 3.524412 3.489999 3.453071 3.403003 3.366139 3.329209 3.293772 3.269036 3.243404 3.211439 3.164265 3.111792 3.038552 2.967929 2.901274 2.862047 2.825897 2.760156 2.678729 2.609200 2.558579 2.496335 2.417526 2.354284 2.288893 2.212131 2.151233 2.079126 2.011211 1.942873 1.875934 1.804732 1.738339 1.672011 1.606895 1.542534 1.479259 1.416658 1.355535 1.296060 1.237497 1.180415 1.125028 1.071058 1.018148 0.966706 0.915676 0.866377 0.816327 0.767396 0.718644 0.669337 0.619131 0.568024 0.515207 0.460519 0.403486 0.344351 0.282577 0.218138 0.151885 0.083171
3.574837 3.552658 3.522052 3.487102 3.449400 3.398542 3.360866 3.323222 3.287257 3.262389 3.236953 3.205588 3.158948 3.106551 3.032791 2.960746 2.892605 2.853175 2.818203 2.753498 2.671311 2.599763 2.549498 2.488613 2.408668 2.344633 2.280076 2.202349 2.141546 2.069118 2.001001 1.932294 1.865166 1.793633 1.726985 1.660302 1.594814 1.530085 1.466396 1.403361 1.341894 1.281980 1.222995 1.165501 1.109707 1.055331 1.001947 0.950248 0.898759 0.849306 0.798838 0.749646 0.700871 0.651494 0.601257 0.550475 0.497637 0.443135 0.386455 0.327488 0.265899 0.201736 0.135880 0.067538
3.525962 3.502115 3.469997 3.433800 3.394917 3.343063 3.303578 3.263917 3.225302 3.197292 3.168790 3.135412 3.088136 3.035554 2.962427 2.889407 2.818178 2.773819 2.735571 2.672334 2.591479 2.516146 2.460164 2.399413 2.320755 2.251308 2.185020 2.106551 2.041873 1.968238 1.896772 1.825553 1.755910 1.681048 1.611578 1.541539 1.472905 1.403832 1.336276 1.268929 1.203194 1.139135 1.075441 1.013603 0.952928 0.894324 0.836635 0.780162 0.725045 0.672030 0.618733 0.566751 0.515347 0.464704 0.413808 0.362630 0.310559 0.257309 0.202863 0.146292 0.088308 0.027910 -0.034324 -0.098484
3.538980 3.515909 3.484709 3.449296 3.411432 3.360610 3.322426 3.283921 3.246569 3.219477 3.191495 3.158009 3.110247 3.057571 2.984662 2.913361 2.844321 2.801569 2.762992 2.698316 2.617600 2.545164 2.490391 2.428223 2.350151 2.282866 2.216210 2.138743 2.074891 2.001777 1.931232 1.860966 1.791990 1.718307 1.649492 1.580691 1.512878 1.445438 1.379184 1.313294 1.248925 1.186260 1.124158 1.063809 1.004722 0.947519 0.891396 0.836534 0.782758 0.730478 0.678658 0.627711 0.577224 0.527370 0.476734 0.426004 0.373702 0.320303 0.265439 0.208128 0.148924 0.087687 0.024229 -0.041430
3.551576 3.529233 3.498902 3.464311 3.427353 3.377591 3.340525 3.303168 3.266903 3.240668 3.213211 3.179639 3.131486 3.078784 3.006187 2.936475 2.869546 2.828074 2.789172 2.723200 2.642857 2.573153 2.519371 2.455890 2.378578 2.313237 2.246339 2.169850 2.106767 2.034199 1.964615 1.895284 1.827061 1.754408 1.686227 1.618777 1.551787 1.485925 1.420930 1.356352 1.293335 1.232011 1.171370 1.112460 1.054948 0.999087 0.944289 0.890979 0.838391 0.787181 0.736417 0.686185 0.636623 0.586932 0.536733 0.485945 0.433670 0.379731 0.324131 0.266248 0.205781 0.144244 0.078843 0.011926
3.563743 3.542104 3.512538 3.478805 3.442801 3.393939 3.357991 3.321714 3.286445 3.261032 3.233935 3.200387 3.151948 3.099203 3.027104 2.958846 2.893846 2.853562 2.814251 2.747154 2.667366 2.600126 2.547222 2.482597 2.406111 2.342589 2.275367 2.199831 2.137620 2.065610 1.996972 1.928501 1.861049 1.789410 1.722745 1.655809 1.590524 1.525255 1.461428 1.398251 1.336507 1.276496 1.217293 1.159671 1.103642 1.048993 0.995586 0.943514 0.892115 0.842392 0.791883 0.742672 0.693542 0.644096 0.593941 0.543013 0.490434 0.435991 0.379435 0.320726 0.259321 0.195441 0.129896 0.061757
3.575489 3.554584 3.525751 3.492869 3.457702 3.409742 3.374858 3.339570 3.305245 3.280497 3.253817 3.220295 3.171639 3.118924 3.047349 2.980546 2.917250 2.878018 2.838358 2.770208 2.691164 2.626214 2.574049 2.508400 2.432804 2.370994 2.303424 2.228902 2.167502 2.096044 2.028383 1.960701 1.894073 1.823415 1.757683 1.691836 1.627422 1.563476 1.500843 1.438899 1.378397 1.319729 1.261823 1.205544 1.150788 1.097416 1.045122 0.994243 0.943904 0.894032 0.845348 0.796685 0.748084 0.698749 0.648507 0.597187 0.543940 0.489096 0.431610 0.371870 0.309477 0.244746 0.177781 0.108555
3.586844 3.566580 3.538458 3.506456 3.472207 3.425045 3.391171 3.356842 3.323290 3.299274 3.272935 3.239394 3.190599 3.137948 3.067030 3.001571 2.939954 2.901560 2.861507 2.792456 2.714347 2.651479 2.599909 2.533433 2.458822 2.398434 2.330557 2.257026 2.196443 2.125572 2.058842 1.992016 1.926159 1.856506 1.791277 1.726879 1.663201 1.600694 1.539180 1.478416 1.419220 1.361758 1.305095 1.250065 1.196589 1.144336 1.093096 1.043385 0.993820 0.945532 0.896941 0.848696 0.800278 0.750984 0.700485 0.648551 0.594914 0.539182 0.480587 0.419963 0.356599 0.290746 0.222759 0.152426
3.597770 3.578242 3.550837 3.519633 3.486202 3.439900 3.407018 3.373509 3.340789 3.317357 3.291340 3.257782 3.208916 3.156415 3.086163 3.022098 2.961960 2.924278 2.883867 2.814064 2.736888 2.676027 2.624888 2.557698 2.484146 2.425060 2.356936 2.284482 2.224504 2.154270 2.088403 2.022391 1.957344 1.888625 1.824730 1.760983 1.698462 1.636838 1.576461 1.516871 1.458896 1.402623 1.347082 1.293238 1.240923 1.189762 1.139637 1.090805 1.042099 0.994553 0.946440 0.898628 0.850391 0.800898 0.749981 0.697344 0.643141 0.586666 0.527049 0.465275 0.401106 0.334087 0.264922 0.193716
3.608332 3.589504 3.562817 3.532433 3.499841 3.454340 3.422352 3.389718 3.357707 3.334816 3.309089 3.275579 3.226625 3.174381 3.104800 3.042083 2.983293 2.946229 2.905469 2.835171 2.758953 2.699880 2.649036 2.581257 2.508881 2.450865 2.382554 2.311143 2.251767 2.182188 2.117144 2.051986 1.987674 1.919912 1.856988 1.794165 1.732707 1.672103 1.612765 1.554291 1.497456 1.442392 1.387951 1.335247 1.284122 1.233879 1.184709 1.136717 1.088683 1.041416 0.994154 0.946543 0.898247 0.848669 0.797365 0.743965 0.688928 0.631637 0.570977 0.508222 0.443139 0.375452 0.304909 0.232779
3.618512 3.600396 3.574531 3.544857 3.513107 3.468435 3.437265 3.405398 3.374153 3.351756 3.326315 3.292788 3.243747 3.191881 3.122974 3.061642 3.004062 2.967601 2.926458 2.855761 2.780551 2.723185 2.672521 2.604193 2.533099 2.476048 2.407484 2.337258 2.278263 2.209506 2.145143 2.080884 2.017203 1.950381 1.888529 1.826478 1.766265 1.706450 1.648065 1.590726 1.535060 1.481070 1.427710 1.376099 1.325966 1.276788 1.228398 1.181195 1.133801 1.088201 1.040122 0.992461 0.944090 0.894301 0.842384 0.788225 0.732378 0.674462 0.612790 0.548872 0.482952 0.413887 0.343195 0.269933
3.628312 3.610904 3.586000 3.556946 3.526011 3.482146 3.451898 3.420724 3.390203 3.368285 3.343076 3.309572 3.260381 3.209028 3.140748 3.080824 3.024377 2.988415 2.946920 2.876034 2.801737 2.746009 2.695305 2.626642 2.556876 2.500637 2.431873 2.362845 2.304055 2.236204 2.172374 2.109032 2.045964 1.980179 1.919045 1.857910 1.798577 1.739856 1.682509 1.626286 1.571699 1.518835 1.466454 1.415976 1.366695 1.318422 1.270788 1.224209 1.177533 1.130849 1.084402 1.036554 0.988057 0.937894 0.885603 0.830580 0.773840 0.715174 0.652552 0.587707 0.520926 0.451043 0.379708 0.305504
3.307463 3.287052 3.258176 3.226413 3.191305 3.146031 3.110860 3.076252 3.042718 3.017586 2.990307 2.957382 2.910134 2.856148 2.785267 2.717219 2.655759 2.616184 2.576221 2.507245 2.426317 2.359577 2.308506 2.241381 2.162032 2.098108 2.028759 1.949313 1.885636 1.808852 1.737125 1.663144 1.591567 1.514468 1.441592 1.369258 1.295572 1.223579 1.151507 1.079481 1.009119 0.939723 0.870479 0.803154 0.736172 0.671050 0.607204 0.544154 0.483596 0.425023 0.369329 0.311814 0.254529 0.199355 0.145291 0.093969 0.040788 -0.011101 -0.060643 -0.113469 -0.167335 -0.221396 -0.278831 -0.336771
3.375698 3.354984 3.326352 3.294170 3.259166 3.213419 3.178427 3.143637 3.110021 3.085052 3.058093 3.024841 2.977294 2.923618 2.852444 2.785008 2.723334 2.683886 2.643818 2.575099 2.494554 2.428508 2.377179 2.310244 2.231762 2.168620 2.099434 2.021219 1.958131 1.882526 1.811801 1.739299 1.668962 1.593367 1.522098 1.451279 1.379964 1.309902 1.240266 1.170741 1.102722 1.036045 0.969737 0.905262 0.841454 0.779721 0.719069 0.659416 0.602010 0.546496 0.492669 0.438162 0.384171 0.331758 0.279734 0.229502 0.177627 0.125748 0.074907 0.021320 -0.034250 -0.090420 -0.149469 -0.209966
3.436155 3.415358 3.386903 3.354523 3.319587 3.273386 3.238524 3.203650 3.169958 3.145129 3.118353 3.084946 3.037088 2.983669 2.912413 2.845360 2.783448 2.744236 2.704196 2.635579 2.555425 2.490062 2.438511 2.371799 2.294114 2.231692 2.162789 2.085727 2.023155 1.948749 1.878981 1.807915 1.738633 1.664526 1.595118 1.525461 1.456842 1.388052 1.320625 1.253374 1.187600 1.123330 1.059717 0.997726 0.936888 0.878014 0.820118 0.763457 0.708586 0.655194 0.603091 0.550848 0.499234 0.448577 0.397984 0.348148 0.296767 0.244484 0.192046 0.137191 0.079856 0.021399 -0.039780 -0.102740
3.489917 3.469173 3.440736 3.408277 3.373476 3.326766 3.292064 3.257165 3.223386 3.198700 3.172039 3.138590 3.090449 3.037249 2.965989 2.899285 2.837143 2.798065 2.758055 2.689535 2.609893 2.545048 2.493369 2.426840 2.350035 2.288146 2.219581 2.143598 2.081630 2.008276 1.939417 1.869710 1.801501 1.728769 1.660647 1.592673 1.525610 1.458888 1.393424 1.328322 1.264633 1.202661 1.141347 1.081678 1.023423 0.966883 0.911500 0.857303 0.804517 0.753080 0.701964 0.651504 0.601734 0.552011 0.501841 0.451976 0.400306 0.347388 0.293107 0.236641 0.177451 0.116732 0.053362 -0.012055
3.537965 3.517329 3.488817 3.456369 3.421617 3.374489 3.339951 3.305078 3.271201 3.246683 3.220116 3.186647 3.138150 3.085240 3.014002 2.947569 2.885261 2.846336 2.806401 2.737823 2.658693 2.594364 2.542597 2.476284 2.400349 2.338834 2.270770 2.195763 2.134291 2.062048 1.994030 1.925639 1.858385 1.786997 1.720444 1.653643 1.588491 1.523292 1.459625 1.396459 1.334755 1.274831 1.215656 1.158130 1.102083 1.047599 0.994104 0.942140 0.890870 0.841189 0.790995 0.741757 0.692963 0.643486 0.593682 0.543020 0.490665 0.436572 0.380426 0.322123 0.261116 0.197861 0.132435 0.064820
3.581218 3.560642 3.532140 3.499715 3.465024 3.417477 3.383079 3.348284 3.314333 3.289976 3.263500 3.229930 3.181254 3.128554 3.057244 2.991135 2.928747 2.889889 2.850039 2.781420 2.702841 2.638939 2.587100 2.521041 2.445921 2.384812 2.317129 2.243128 2.182055 2.110890 2.043729 1.976506 1.910228 1.840052 1.774758 1.709500 1.645373 1.582192 1.520141 1.458795 1.398933 1.340922 1.283531 1.227866 1.173862 1.121033 1.069343 1.019085 0.969108 0.920043 0.871363 0.823001 0.774432 0.725079 0.674772 0.623203 0.569777 0.514511 0.456473 0.396396 0.333414 0.267977 0.200611 0.130905
3.620576 3.600107 3.571634 3.539166 3.504572 3.456611 3.422399 3.387723 3.353664 3.329444 3.303018 3.269406 3.220371 3.167953 3.096727 3.030916 2.968379 2.929624 2.889872 2.821097 2.743095 2.679648 2.627823 2.561896 2.487636 2.427001 2.359513 2.286475 2.225906 2.155787 2.089369 2.023261 1.957922 1.888991 1.824921 1.761035 1.698325 1.636520 1.575968 1.516306 1.458173 1.401812 1.346136 1.292222 1.239899 1.188407 1.138200 1.089268 1.040444 0.992788 0.944323 0.896221 0.847793 0.798258 0.747161 0.694350 0.639779 0.583219 0.523474 0.461293 0.396852 0.329539 0.260096 0.188566
3.656907 3.636587 3.608235 3.575698 3.541142 3.492791 3.458845 3.424176 3.390038 3.365985 3.339586 3.305942 3.256601 3.204492 3.133180 3.067710 3.005085 2.966337 2.926760 2.857814 2.780362 2.717456 2.665643 2.599758 2.526317 2.466210 2.398796 2.326861 2.266640 2.197542 2.131798 2.066897 2.002356 1.934571 1.872092 1.809087 1.748074 1.687226 1.628049 1.570017 1.513305 1.458671 1.404300 1.352024 1.301129 1.250898 1.201954 1.153942 1.106237 1.058938 1.011272 0.962882 0.914228 0.864201 0.812600 0.758340 0.702425 0.644711 0.583448 0.519513 0.453502 0.384734 0.313482 0.240732
3.690915 3.670824 3.642669 3.610054 3.575568 3.526847 3.493077 3.458550 3.424254 3.400386 3.373993 3.340326 3.290674 3.238887 3.167504 3.102334 3.039639 3.001089 2.961558 2.892296 2.815442 2.753072 2.701482 2.635420 2.562883 2.503435 2.435828 2.365060 2.305101 2.237052 2.171976 2.108246 2.044407 1.977787 1.916302 1.854657 1.794551 1.735151 1.677290 1.620847 1.565404 1.512357 1.459177 1.408454 1.358681 1.309542 1.261527 1.214307 1.167719 1.120401 1.073259 1.024419 0.975148 0.924495 0.872300 0.816901 0.759480 0.700875 0.638425 0.572666 0.505707 0.435845 0.363101 0.289704
3.723188 3.703543 3.675767 3.643045 3.608699 3.559565 3.526075 3.491574 3.457098 3.433477 3.406859 3.373365 3.323331 3.272106 3.200488 3.135625 3.072773 3.034532 2.995129 2.925337 2.849166 2.787478 2.736100 2.669598 2.597980 2.539576 2.471298 2.401873 2.342140 2.274989 2.210680 2.148042 2.084903 2.019421 1.959155 1.898602 1.839820 1.781372 1.724551 1.669793 1.615389 1.563940 1.511690 1.462450 1.413533 1.365441 1.318352 1.271413 1.226115 1.178759 1.131732 1.081819 1.031678 0.980234 0.927719 0.871206 0.811968 0.753441 0.690144 0.622589 0.555176 0.484564 0.410980 0.337195
3.654739 3.628542 3.593491 3.554647 3.514070 3.458732 3.419277 3.379137 3.338036 3.308611 3.276460 3.236802 3.181451 3.123244 3.046280 2.974355 2.907016 2.861654 2.815903 2.740600 2.657595 2.588855 2.531352 2.458949 2.379223 2.312182 2.238993 2.160114 2.093445 2.017443 1.944282 1.870723 1.799347 1.722895 1.651806 1.580303 1.510032 1.440062 1.371273 1.302705 1.236009 1.171220 1.106482 1.043525 0.982595 0.922730 0.863600 0.806591 0.750518 0.695693 0.640195 0.587611 0.533982 0.481690 0.428324 0.375383 0.321066 0.264355 0.207812 0.149079 0.087440 0.022821 -0.043094 -0.112710
3.640335 3.615191 3.581434 3.543829 3.504379 3.450679 3.412158 3.372987 3.333352 3.304795 3.273756 3.235256 3.181255 3.124123 3.048230 2.977481 2.910921 2.866904 2.822325 2.748467 2.666221 2.598321 2.541931 2.470932 2.392011 2.326078 2.254019 2.175973 2.110478 2.035370 1.963384 1.891048 1.820712 1.745475 1.675284 1.605222 1.536120 1.467597 1.400083 1.332971 1.267691 1.204211 1.141024 1.079637 1.019978 0.961651 0.904085 0.848435 0.793598 0.740071 0.685893 0.634054 0.581685 0.530249 0.477810 0.425149 0.371028 0.314823 0.257825 0.198813 0.136856 0.072077 0.005605 -0.064171
3.626019 3.601913 3.569424 3.533111 3.494811 3.442619 3.405033 3.366897 3.328692 3.301104 3.271112 3.233827 3.181105 3.125053 3.050307 2.980640 2.914991 2.872281 2.828867 2.756368 2.674884 2.607870 2.552620 2.482975 2.404867 2.340052 2.269134 2.191975 2.127543 2.053379 1.982579 1.911459 1.842127 1.768151 1.699230 1.630208 1.562250 1.495108 1.428928 1.363210 1.299289 1.237183 1.175425 1.115471 1.057175 1.000356 0.944305 0.889981 0.836307 0.783711 0.731155 0.680079 0.628871 0.578209 0.526496 0.474160 0.420210 0.364156 0.307011 0.247714 0.185253 0.120406 0.053718 -0.016095
3.611746 3.588764 3.557569 3.522455 3.485284 3.434637 3.398061 3.360915 3.324094 3.297536 3.268599 3.232522 3.181019 3.126066 3.052355 2.983886 2.919165 2.877734 2.835492 2.764279 2.683662 2.617547 2.563355 2.494978 2.417750 2.354099 2.284273 2.208002 2.144741 2.071433 2.001812 1.931869 1.863587 1.790810 1.723176 1.655195 1.588861 1.522606 1.457776 1.393424 1.330858 1.270018 1.209713 1.151277 1.094241 1.038742 0.984094 0.931184 0.878712 0.827360 0.775953 0.725785 0.675647 0.625484 0.574381 0.522106 0.468456 0.412764 0.355333 0.295519 0.233093 0.167958 0.101028 0.031365
3.597583 3.575712 3.545791 3.511908 3.475906 3.426663 3.391125 3.355067 3.319589 3.293960 3.266204 3.231285 3.181059 3.127167 3.054606 2.987203 2.923489 2.883281 2.842151 2.772140 2.692460 2.627378 2.574244 2.506985 2.430689 2.368220 2.299402 2.224149 2.161920 2.089632 2.021103 1.952448 1.885110 1.813552 1.746933 1.680229 1.614908 1.550144 1.486592 1.423650 1.362322 1.302804 1.243819 1.186703 1.131122 1.076869 1.023652 0.971935 0.920680 0.870982 0.820308 0.771014 0.721619 0.671985 0.621260 0.569322 0.515772 0.460357 0.402617 0.342574 0.280015 0.214779 0.147595 0.077929
3.583530 3.562772 3.534081 3.501466 3.466539 3.418769 3.384233 3.349232 3.315102 3.290512 3.263827 3.230103 3.181200 3.128289 3.056842 2.990591 2.927942 2.888942 2.848915 2.780073 2.701337 2.637267 2.585255 2.519036 2.443735 2.382427 2.314598 2.240365 2.179204 2.107874 2.040477 1.973057 1.906653 1.836280 1.770759 1.705332 1.641101 1.577616 1.515345 1.453798 1.393745 1.335464 1.277881 1.222086 1.167812 1.114791 1.062784 1.012348 0.962228 0.912650 0.864112 0.815635 0.767001 0.717523 0.667221 0.615533 0.562156 0.506832 0.448901 0.388728 0.325881 0.260538 0.193057 0.123315
3.569596 3.549985 3.522519 3.491081 3.457341 3.410941 3.377427 3.343522 3.310628 3.287183 3.261626 3.229044 3.181380 3.129546 3.059262 2.993987 2.932536 2.894687 2.855747 2.788044 2.710289 2.647308 2.596383 2.531131 2.456844 2.396732 2.329801 2.256675 2.196517 2.126164 2.059897 1.993613 1.928213 1.859061 1.794278 1.730365 1.667199 1.605034 1.544094 1.483848 1.424982 1.367954 1.311769 1.257167 1.204178 1.152302 1.101565 1.052294 1.003280 0.955433 0.907340 0.859532 0.811608 0.762437 0.712283 0.660788 0.607442 0.552302 0.494074 0.433691 0.370808 0.305293 0.237614 0.167629
3.555872 3.537299 3.510975 3.480839 3.448178 3.403149 3.370686 3.337917 3.306246 3.283925 3.259508 3.228069 3.181665 3.130851 3.061667 2.997538 2.937310 2.900495 2.862669 2.795986 2.719285 2.657436 2.607554 2.543237 2.469951 2.411091 2.345069 2.273086 2.213894 2.144558 2.079372 2.014295 1.949819 1.881838 1.818590 1.755427 1.693584 1.632452 1.572748 1.513777 1.456131 1.400257 1.345509 1.291983 1.240357 1.189522 1.139969 1.091858 1.043899 0.997075 0.949854 0.902831 0.855346 0.806451 0.756346 0.705118 0.651687 0.596664 0.538154 0.477595 0.414770 0.348995 0.280909 0.211078
3.542176 3.524722 3.499604 3.470639 3.439129 3.395387 3.364014 3.332376 3.301871 3.280747 3.257457 3.227142 3.182041 3.132217 3.064242 3.001085 2.942163 2.906428 2.869650 2.803974 2.728344 2.667735 2.618851 2.555448 2.483178 2.425523 2.360373 2.289469 2.231283 2.163012 2.098901 2.035062 1.971408 1.904578 1.842195 1.780488 1.719593 1.659684 1.601320 1.543618 1.487084 1.432386 1.378931 1.326449 1.276137 1.226375 1.177814 1.130984 1.083865 1.037712 0.991787 0.945369 0.898259 0.849402 0.799503 0.748158 0.694814 0.639780 0.581102 0.520258 0.457586 0.391403 0.323142 0.252867
3.528737 3.512321 3.488305 3.460562 3.430166 3.387680 3.357395 3.326939 3.297576 3.277641 3.255553 3.226341 3.182513 3.133640 3.066860 3.004706 2.947198 2.912424 2.876750 2.811965 2.737464 2.678168 2.630249 2.567680 2.496442 2.440089 2.375697 2.306007 2.248747 2.181537 2.118471 2.055754 1.993017 1.927357 1.866581 1.805475 1.746227 1.686889 1.629713 1.573288 1.517919 1.464375 1.412207 1.360690 1.311631 1.262840 1.215383 1.169496 1.123337 1.078844 1.032758 0.986837 0.940200 0.891420 0.841610 0.790305 0.736695 0.681705 0.622899 0.561806 0.499333 0.432721 0.363954 0.293589
3.588757 3.568176 3.539808 3.507252 3.472570 3.424997 3.390691 3.355859 3.321916 3.297565 3.271123 3.237559 3.188738 3.136095 3.064846 2.998854 2.936385 2.897590 2.857772 2.789151 2.710598 2.646814 2.595051 2.528870 2.453936 2.393059 2.325222 2.251436 2.190418 2.119491 2.052465 1.985412 1.919347 1.849430 1.784209 1.719418 1.655566 1.592649 1.530917 1.469887 1.410390 1.352688 1.295741 1.240446 1.186720 1.134134 1.082726 1.032740 0.982888 0.934337 0.885217 0.836677 0.788152 0.738725 0.688146 0.635934 0.582079 0.526510 0.467938 0.406971 0.343744 0.277729 0.209810 0.139640
3.584366 3.563804 3.535325 3.502840 3.468152 3.420560 3.386224 3.351433 3.317494 3.293138 3.266673 3.233098 3.184349 3.131717 3.060412 2.994335 2.931909 2.893113 2.853285 2.784577 2.706009 2.642195 2.590445 2.524213 2.449238 2.388224 2.320463 2.246552 2.185584 2.114507 2.047338 1.980161 1.913993 1.843966 1.778702 1.713632 1.649598 1.586494 1.524583 1.463367 1.403652 1.345751 1.288533 1.233022 1.179083 1.126404 1.074786 1.024574 0.974673 0.925942 0.877002 0.828550 0.780012 0.730665 0.680293 0.628462 0.574866 0.519439 0.461307 0.400736 0.337706 0.271931 0.204312 0.134264
3.575404 3.554813 3.526335 3.493941 3.459246 3.411801 3.377335 3.342543 3.308573 3.284201 3.257686 3.224150 3.175438 3.122734 3.051546 2.985408 2.922954 2.884072 2.844165 2.775678 2.697021 2.632986 2.581161 2.515223 2.439870 2.378666 2.311017 2.236786 2.175731 2.104412 2.037177 1.969754 1.903368 1.833058 1.767542 1.702124 1.637938 1.574471 1.512234 1.450650 1.390565 1.332303 1.274721 1.218841 1.164661 1.111566 1.059737 1.009270 0.959257 0.909629 0.861473 0.813111 0.764736 0.715342 0.665150 0.613816 0.560740 0.505592 0.448005 0.388358 0.325907 0.261069 0.194080 0.124771
3.558007 3.537394 3.508991 3.476524 3.441873 3.394586 3.360108 3.325291 3.291402 3.266958 3.240448 3.206912 3.158361 3.105503 3.034322 2.968054 2.905674 2.866834 2.826980 2.758416 2.679524 2.615344 2.563703 2.497526 2.421746 2.360561 2.292698 2.218059 2.156813 2.085050 2.017536 1.949668 1.882904 1.812119 1.746098 1.680218 1.615446 1.551326 1.488442 1.426302 1.365469 1.306497 1.248283 1.191788 1.136851 1.083187 1.030788 0.979789 0.929503 0.880467 0.831216 0.782849 0.734677 0.685488 0.635624 0.585025 0.532530 0.478464 0.422225 0.363641 0.302219 0.238706 0.173292 0.105339
3.520906 3.500464 3.471567 3.439399 3.404485 3.357662 3.323275 3.288412 3.254721 3.230182 3.203589 3.169953 3.121609 3.068405 2.997138 2.930919 2.868564 2.829924 2.789601 2.721215 2.642056 2.577668 2.526165 2.459366 2.382902 2.321945 2.253222 2.178257 2.116342 2.043665 1.975546 1.906730 1.839056 1.767234 1.700185 1.633010 1.566778 1.501492 1.437166 1.373395 1.311006 1.250301 1.190471 1.132107 1.075368 1.020482 0.966509 0.913769 0.861939 0.810311 0.761309 0.711582 0.663210 0.614801 0.565913 0.515960 0.464720 0.412593 0.358790 0.301671 0.242763 0.182615 0.119407 0.054134
3.430481 3.411020 3.380418 3.349270 3.313766 3.268044 3.233853 3.198790 3.165795 3.141170 3.114240 3.079892 3.032737 2.977801 2.906401 2.840595 2.778423 2.740107 2.698072 2.630336 2.551318 2.486183 2.434854 2.366302 2.289157 2.228417 2.157740 2.082202 2.018642 1.944248 1.874710 1.804126 1.734426 1.660228 1.591178 1.521435 1.452349 1.383502 1.315957 1.248642 1.182760 1.118057 1.054191 0.991685 0.930751 0.872019 0.813876 0.756907 0.700455 0.646339 0.592910 0.539635 0.489090 0.439362 0.390868 0.339872 0.289365 0.238951 0.187645 0.132483 0.079240 0.022552 -0.035105 -0.094721
3.214457 3.194757 3.161535 3.129340 3.092464 3.047750 3.014377 2.979049 2.946524 2.922202 2.896279 2.860982 2.817302 2.757561 2.683928 2.618208 2.558486 2.520718 2.476720 2.406100 2.327871 2.262876 2.213803 2.137818 2.060495 2.002346 1.926450 1.849742 1.784580 1.706574 1.635618 1.561294 1.487639 1.409197 1.336747 1.263456 1.187735 1.112590 1.038938 0.965552 0.891754 0.820222 0.748771 0.677050 0.609010 0.540322 0.473017 0.407303 0.343267 0.281040 0.220034 0.160738 0.101055 0.040557 -0.014763 -0.070763 -0.125378 -0.177968 -0.231244 -0.284983 -0.330436 -0.382215 -0.435940 -0.485696
2.746750 2.717313 2.679413 2.632431 2.594948 2.546687 2.513078 2.481538 2.443310 2.421759 2.402784 2.367694 2.330595 2.259705 2.183192 2.114448 2.067054 2.023075 1.984069 1.895095 1.822090 1.760429 1.721586 1.623497 1.545505 1.498695 1.412079 1.334588 1.271118 1.187983 1.119056 1.037328 0.956861 0.874640 0.799666 0.721838 0.637077 0.549803 0.467764 0.385982 0.295328 0.216100 0.130519 0.044267 -0.032059 -0.121853 -0.205916 -0.286008 -0.355360 -0.435943 -0.513189 -0.576418 -0.660636 -0.752236 -0.818524 -0.908605 -0.980575 -1.036334 -1.109249 -1.166824 -1.203616 -1.252988 -1.310159 -1.344377
1.857195 1.793813 1.741714 1.643647 1.620207 1.547030 1.503205 1.495967 1.431396 1.419683 1.423578 1.389010 1.362691 1.266112 1.198566 1.121514 1.113323 1.029224 1.017287 0.874372 0.825307 0.767277 0.756349 0.610465 0.526236 0.508601 0.406452 0.331262 0.275326 0.197177 0.136816 0.043322 -0.047502 -0.126636 -0.200566 -0.281172 -0.376032 -0.481942 -0.570326 -0.662578 -0.787327 -0.866434 -1.004535 -1.079648 -1.160202 -1.286264 -1.394738 -1.494837 -1.553730 -1.662762 -1.762962 -1.798507 -1.922756 -2.096316 -1.870437 -2.423948 -2.529755 -2.542268 -2.681253 -2.761370 -2.773468 -2.825659 -2.904120 -2.919499
0.422728 0.276184 0.186286 -0.031573 0.045340 -0.146560 -0.226757 -0.156672 -0.283112 -0.273639 -0.205153 -0.254305 -0.256708 -0.416395 -0.451592 -0.534195 -0.446100 -0.650742 -0.593924 -0.862847 -0.845169 -0.907234 -0.859559 -1.098879 -1.200610 -1.160622 -1.286335 -1.350805 -1.398036 -1.427802 -1.480929 -1.585806 -1.694468 -1.752777 -1.824576 -1.901769 -2.004564 -2.137551 -2.220921 -2.327269 -2.516661 -2.571865 -2.965273 -2.835490 -2.909260 -3.085586 -3.221439 -3.345517 -3.358644 -3.501433 -3.623438 -3.577855 -3.770096 -4.082615 -3.482391 -4.843849 -4.972872 -4.799999 -5.079464 -5.214987 -5.161359 -5.227904 -5.351885 -5.350877
3.596504 3.576812 3.551925 3.513661 3.482388 3.433290 3.400623 3.366649 3.329267 3.305716 3.279228 3.247937 3.195711 3.147694 3.076004 3.010684 2.945990 2.906482 2.871024 2.800946 2.719321 2.661041 2.609416 2.542686 2.465386 2.410187 2.337862 2.269873 2.206617 2.134706 2.069815 2.003283 1.935945 1.866772 1.803169 1.738321 1.674177 1.612475 1.548722 1.489563 1.429757 1.371064 1.313278 1.257585 1.203057 1.150138 1.100094 1.046096 0.993996 0.939964 0.885001 0.826736 0.778285 0.725636 0.675790 0.617305 0.559711 0.505318 0.444661 0.374545 0.311886 0.242685 0.170482 0.103899
3.603186 3.582839 3.556117 3.521521 3.486679 3.438287 3.406417 3.371068 3.338221 3.314390 3.287880 3.255850 3.204538 3.153153 3.077829 3.012514 2.951291 2.916558 2.875675 2.803636 2.721321 2.664500 2.612110 2.541690 2.467539 2.412398 2.337935 2.269994 2.206779 2.135794 2.067523 2.002437 1.935008 1.866002 1.799712 1.734751 1.671086 1.608907 1.547451 1.486368 1.427126 1.370192 1.312712 1.256854 1.203397 1.151666 1.100600 1.050158 1.001739 0.952761 0.904814 0.856231 0.806886 0.755670 0.705523 0.651633 0.596849 0.542658 0.484805 0.422841 0.361664 0.297963 0.229639 0.161570
3.599820 3.578578 3.551470 3.517355 3.481578 3.433008 3.401040 3.365073 3.333519 3.309200 3.283784 3.250120 3.199484 3.146456 3.069408 3.004511 2.945731 2.911285 2.868010 2.793743 2.712407 2.657610 2.604381 2.531160 2.458505 2.405771 2.326990 2.261026 2.197373 2.126742 2.058600 1.993257 1.925612 1.857229 1.791369 1.726531 1.663548 1.601866 1.541079 1.481384 1.421593 1.366230 1.311127 1.254170 1.203549 1.151760 1.102164 1.052982 1.006264 0.959798 0.915124 0.870875 0.823587 0.774577 0.723569 0.670309 0.617411 0.563679 0.504027 0.446254 0.382925 0.318140 0.250358 0.180228
3.593932 3.573735 3.545829 3.512262 3.477295 3.429299 3.396144 3.360738 3.327960 3.303697 3.278412 3.243502 3.193705 3.140417 3.067066 3.001765 2.942032 2.905198 2.862648 2.790887 2.712049 2.653388 2.600729 2.530500 2.456357 2.400734 2.326188 2.256555 2.194017 2.123320 2.056186 1.989624 1.922979 1.854015 1.789092 1.724345 1.661215 1.599489 1.538585 1.479180 1.419299 1.363904 1.309346 1.252282 1.201824 1.150171 1.100890 1.051685 1.003990 0.958128 0.913463 0.869790 0.823732 0.775183 0.723282 0.670362 0.617336 0.562299 0.501602 0.443675 0.378923 0.311954 0.243852 0.172229
3.591197 3.571341 3.542903 3.510302 3.475669 3.428051 3.393956 3.359062 3.325287 3.301102 3.275061 3.240952 3.191636 3.138820 3.067941 3.001856 2.940132 2.901751 2.861287 2.792085 2.713914 2.651250 2.599614 2.532752 2.457258 2.398197 2.328974 2.255719 2.194537 2.123450 2.057044 1.989712 1.923918 1.854300 1.789662 1.725233 1.661557 1.599494 1.538173 1.478072 1.418596 1.362165 1.306541 1.250358 1.198333 1.146612 1.096258 1.046546 0.997416 0.950410 0.903696 0.857472 0.810341 0.761259 0.709546 0.657113 0.603383 0.547280 0.487187 0.427311 0.362923 0.295530 0.227234 0.155657
3.591792 3.571326 3.542948 3.510482 3.475828 3.428257 3.393877 3.359079 3.325152 3.300817 3.274386 3.240914 3.191949 3.139336 3.068255 3.002144 2.939717 2.900986 2.861287 2.792576 2.714132 2.650316 2.598803 2.532753 2.457533 2.396942 2.329235 2.255205 2.194512 2.123398 2.056687 1.989608 1.923701 1.853904 1.788945 1.724402 1.660583 1.597946 1.536330 1.475543 1.416253 1.358838 1.302219 1.246801 1.193456 1.141281 1.090037 1.040046 0.990284 0.942027 0.893482 0.845183 0.796902 0.747387 0.696350 0.643960 0.590058 0.533949 0.474971 0.413954 0.350199 0.283719 0.215391 0.144532
3.590654 3.570087 3.541668 3.509138 3.474440 3.426833 3.392500 3.357685 3.323781 3.299450 3.273026 3.239416 3.190594 3.137996 3.066618 3.000615 2.938212 2.899410 2.859636 2.790862 2.712371 2.648610 2.596905 2.530733 2.455747 2.394924 2.327242 2.253349 2.192515 2.121470 2.054503 1.987511 1.921501 1.851640 1.786514 1.721823 1.657930 1.595090 1.533424 1.472478 1.413114 1.355433 1.298578 1.243296 1.189680 1.137159 1.085811 1.035801 0.985910 0.937338 0.888406 0.839940 0.791464 0.741772 0.690962 0.638690 0.584731 0.528711 0.470072 0.409127 0.345572 0.279573 0.211221 0.140740
3.587662 3.567119 3.538634 3.506175 3.471465 3.423890 3.389540 3.354804 3.320807 3.296463 3.270004 3.236454 3.187702 3.135023 3.063736 2.997704 2.935218 2.896386 2.856673 2.787968 2.709484 2.645635 2.593888 2.527843 2.452718 2.391847 2.324130 2.250272 2.189297 2.118267 2.051263 1.984164 1.918113 1.848152 1.783026 1.718177 1.654195 1.591311 1.529545 1.468468 1.409012 1.351211 1.294254 1.238925 1.185166 1.132534 1.081081 1.031100 0.981119 0.932515 0.883645 0.835130 0.786683 0.737128 0.686592 0.634456 0.580580 0.524899 0.466366 0.405620 0.342133 0.276271 0.208279 0.137720
3.581823 3.561266 3.532779 3.500351 3.465656 3.418091 3.383737 3.348916 3.314964 3.290620 3.264120 3.230549 3.181861 3.129154 3.057885 2.991807 2.929366 2.890510 2.850723 2.782049 2.703494 2.639603 2.587777 2.521677 2.446588 2.385510 2.317851 2.243783 2.182797 2.111644 2.044431 1.977206 1.910995 1.840832 1.775531 1.710338 1.646243 1.583051 1.521018 1.459703 1.399895 1.341836 1.284540 1.228982 1.174906 1.122074 1.070389 1.020043 0.970209 0.921175 0.872448 0.824053 0.775615 0.726184 0.675892 0.624231 0.570690 0.515459 0.457387 0.397091 0.334086 0.268870 0.201129 0.131488
3.568497 3.547900 3.519474 3.486984 3.452288 3.404912 3.370487 3.335622 3.301744 3.277334 3.250844 3.217385 3.168679 3.115913 3.044650 2.978470 2.916067 2.877220 2.837416 2.768712 2.690010 2.625988 2.574147 2.508058 2.432656 2.371402 2.303698 2.229350 2.168251 2.096724 2.029381 1.961715 1.895208 1.824747 1.759052 1.693353 1.629015 1.565237 1.502757 1.441010 1.380614 1.322000 1.264312 1.208118 1.153633 1.100417 1.048355 0.997645 0.947638 0.897888 0.849663 0.801643 0.753236 0.704057 0.653839 0.602832 0.549924 0.494832 0.437642 0.378408 0.316364 0.251872 0.185297 0.116554
3.591771 3.571544 3.543678 3.511589 3.477310 3.430198 3.396077 3.361311 3.327571 3.303186 3.276729 3.243362 3.194870 3.142829 3.071756 3.006087 2.943297 2.904514 2.864876 2.797066 2.718532 2.654592 2.602674 2.537338 2.462215 2.401332 2.333816 2.259954 2.199106 2.128230 2.061280 1.994430 1.928496 1.858776 1.793459 1.729034 1.665339 1.602661 1.541085 1.480374 1.421074 1.363502 1.306820 1.251745 1.198255 1.145827 1.094629 1.044912 0.995148 0.946826 0.898109 0.849959 0.801638 0.752298 0.701539 0.649325 0.595495 0.539550 0.481081 0.420431 0.356821 0.290988 0.222845 0.152586
3.582696 3.562160 3.533789 3.501395 3.466778 3.419289 3.384959 3.350200 3.316226 3.291927 3.265416 3.231905 3.183214 3.130577 3.059391 2.993356 2.930920 2.892054 2.852236 2.783688 2.705114 2.641291 2.589423 2.523402 2.448315 2.387296 2.319626 2.245611 2.184638 2.113510 2.046356 1.979161 1.912997 1.842873 1.777599 1.712425 1.648357 1.585285 1.523286 1.462012 1.402276 1.344282 1.287015 1.231453 1.177465 1.124696 1.073122 1.022914 0.972910 0.924112 0.875377 0.827030 0.778536 0.729152 0.678658 0.626978 0.573659 0.518212 0.460247 0.399951 0.336894 0.271455 0.203990 0.134074
3.573956 3.553033 3.524105 3.491299 3.456233 3.408403 3.373743 3.338731 3.304619 3.280104 3.253496 3.219736 3.170854 3.117769 3.046220 2.979896 2.917459 2.878593 2.838670 2.769705 2.690818 2.626830 2.575077 2.508738 2.433303 2.372100 2.304256 2.229991 2.168878 2.097372 2.029997 1.962464 1.895944 1.825511 1.759953 1.694254 1.630046 1.566263 1.503862 1.442128 1.381842 1.323344 1.265638 1.209570 1.155037 1.101868 1.049722 0.999151 0.948959 0.898978 0.850633 0.802127 0.753471 0.704290 0.654049 0.602670 0.549690 0.494661 0.436883 0.377190 0.314853 0.249917 0.182824 0.113568
3.565709 3.544170 3.514687 3.481307 3.445763 3.397573 3.362471 3.327123 3.292767 3.267916 3.241070 3.207049 3.157835 3.104418 3.032423 2.965819 2.903156 2.864376 2.824281 2.755123 2.675687 2.611468 2.559757 2.493363 2.417302 2.356031 2.287947 2.213138 2.152000 2.080043 2.012495 1.944526 1.877686 1.806892 1.740867 1.674723 1.610222 1.545924 1.483051 1.420838 1.360044 1.300968 1.242727 1.186161 1.131138 1.077449 1.024972 0.973797 0.923312 0.874118 0.824146 0.775365 0.726703 0.677524 0.627574 0.576315 0.523591 0.468984 0.411642 0.352226 0.290586 0.226110 0.159645 0.091240
3.557923 3.535715 3.505607 3.471518 3.435413 3.386885 3.351193 3.315402 3.280761 3.255506 3.228370 3.194058 3.144481 3.090674 3.018224 2.951219 2.888212 2.849481 2.809281 2.740019 2.659874 2.595243 2.543637 2.477296 2.400460 2.339035 2.270796 2.195512 2.134268 2.061677 1.994034 1.925539 1.858397 1.787248 1.720984 1.654194 1.589386 1.524452 1.461106 1.398386 1.336992 1.277294 1.218540 1.161392 1.105854 1.051584 0.998617 0.946922 0.895996 0.846451 0.795930 0.747039 0.698171 0.649011 0.599161 0.547968 0.495604 0.441293 0.384246 0.325368 0.264492 0.200828 0.134888 0.067236
3.550647 3.527704 3.496798 3.462037 3.425295 3.376336 3.340015 3.303702 3.268748 3.242984 3.215491 3.180854 3.131026 3.076654 3.003727 2.936288 2.872859 2.834005 2.793734 2.724438 2.643565 2.578312 2.526880 2.460631 2.382928 2.321300 2.253021 2.176952 2.115830 2.042612 1.974844 1.905815 1.838301 1.766775 1.700017 1.632881 1.567318 1.502107 1.438225 1.374902 1.312902 1.252578 1.193317 1.135407 1.079264 1.024366 0.970943 0.918704 0.867284 0.815847 0.766242 0.717052 0.668002 0.618780 0.568996 0.517902 0.465710 0.411811 0.355105 0.296831 0.236491 0.173437 0.108429 0.041650
3.543918 3.520260 3.488373 3.452909 3.415471 3.365976 3.328914 3.292138 3.256760 3.230511 3.202621 3.167747 3.117600 3.062539 2.989183 2.921102 2.857306 2.818181 2.777876 2.708368 2.626838 2.560898 2.509618 2.443460 2.364880 2.302919 2.234691 2.157914 2.096907 2.023005 1.955213 1.885453 1.817768 1.745698 1.678308 1.610932 1.544610 1.479073 1.414614 1.350647 1.288028 1.226938 1.167015 1.108435 1.051546 0.996196 0.942104 0.889232 0.837228 0.786069 0.735165 0.685569 0.636270 0.587069 0.537351 0.486065 0.434128 0.380634 0.324417 0.266483 0.207339 0.145849 0.080617 0.014792
3.537752 3.513437 3.480287 3.444213 3.406003 3.355896 3.317993 3.280773 3.244893 3.218206 3.189939 3.154845 3.104474 3.048310 2.974684 2.905786 2.841687 2.802110 2.761869 2.691973 2.609923 2.543017 2.492103 2.425830 2.346429 2.283948 2.216143 2.138318 2.077752 2.003092 1.935376 1.864800 1.796928 1.724255 1.656785 1.588740 1.522071 1.455625 1.390519 1.325675 1.262460 1.200730 1.139983 1.080620 1.022938 0.966901 0.912166 0.858511 0.806068 0.754493 0.702828 0.652731 0.603051 0.553765 0.504084 0.452733 0.400991 0.348122 0.292022 0.234797 0.176626 0.115559 0.051566 -0.013103
3.532239 3.507354 3.472606 3.436044 3.396953 3.346089 3.307300 3.269799 3.233242 3.206198 3.177569 3.142314 3.091892 3.034219 2.960521 2.890494 2.826308 2.786011 2.745841 2.675214 2.592936 2.524956 2.474425 2.407806 2.327817 2.264602 2.197388 2.118475 2.058523 1.983047 1.915577 1.844017 1.776052 1.702675 1.634872 1.566501 1.498756 1.431987 1.366127 1.300327 1.236445 1.174045 1.112205 1.052010 0.993432 0.936874 0.881262 0.826735 0.773884 0.721362 0.669269 0.618681 0.568535 0.519045 0.469310 0.417948 0.366409 0.314200 0.258610 0.201593 0.145111 0.084724 0.021433 -0.041896
3.527324 3.502020 3.465384 3.428404 3.388350 3.336614 3.296880 3.259155 3.221840 3.194661 3.165725 3.130356 3.080001 3.020336 2.946777 2.875349 2.811302 2.769942 2.730019 2.658188 2.575940 2.506773 2.456768 2.389514 2.309177 2.244861 2.178617 2.098531 2.039452 1.963217 1.896035 1.823278 1.755426 1.681132 1.613309 1.544550 1.476060 1.408410 1.341699 1.274652 1.210170 1.147173 1.083894 1.022960 0.963236 0.906166 0.849521 0.794059 0.740956 0.688168 0.634905 0.583402 0.532608 0.482975 0.433404 0.381877 0.330393 0.279229 0.224095 0.167286 0.112774 0.053216 -0.009344 -0.071522
3.608687 3.589469 3.562392 3.531693 3.498955 3.453440 3.421820 3.389839 3.358650 3.336360 3.310670 3.276208 3.225504 3.171449 3.100839 3.039460 2.983165 2.947081 2.903828 2.830008 2.753994 2.698520 2.646828 2.575253 2.504469 2.447346 2.376646 2.306351 2.245959 2.176380 2.110822 2.045468 1.980733 1.912630 1.849113 1.786149 1.724216 1.663440 1.603798 1.545017 1.487750 1.432347 1.377635 1.324579 1.273232 1.222537 1.173140 1.125049 1.076549 1.029175 0.981827 0.934183 0.885789 0.836103 0.784809 0.731557 0.676594 0.619373 0.558991 0.496167 0.430851 0.363239 0.293017 0.221003
3.600157 3.580485 3.552969 3.521722 3.488354 3.442198 3.409721 3.376896 3.344842 3.321934 3.296054 3.261894 3.211778 3.158048 3.087173 3.024209 2.966073 2.929344 2.887274 2.814966 2.737892 2.679807 2.628404 2.558503 2.486007 2.427917 2.358129 2.286554 2.226114 2.155924 2.089895 2.023885 1.958719 1.890005 1.825952 1.762235 1.699622 1.638068 1.577663 1.518089 1.460054 1.403815 1.348271 1.294447 1.242235 1.190933 1.140834 1.092086 1.043235 0.995539 0.947551 0.899704 0.851380 0.801861 0.750941 0.698177 0.643680 0.587057 0.527601 0.465639 0.401077 0.334050 0.264702 0.193372
3.591852 3.571781 3.543808 3.512078 3.478113 3.431358 3.398041 3.364281 3.331442 3.307940 3.281805 3.247923 3.198415 3.145133 3.074013 3.009612 2.949628 2.912084 2.871060 2.800274 2.722372 2.661793 2.610436 2.542133 2.468313 2.409081 2.340163 2.267435 2.206833 2.136127 2.069691 2.003027 1.937430 1.868080 1.803129 1.739049 1.675832 1.613521 1.552413 1.492031 1.433184 1.376164 1.319821 1.265265 1.212252 1.160183 1.109451 1.060052 1.010753 0.962690 0.914218 0.866185 0.817820 0.768389 0.717745 0.665524 0.611455 0.555576 0.496618 0.435411 0.371697 0.305429 0.236889 0.166211
3.583764 3.563356 3.534966 3.502703 3.468193 3.420840 3.386697 3.352142 3.318463 3.294321 3.267943 3.234295 3.185407 3.132563 3.061320 2.995598 2.933749 2.895258 2.855160 2.785975 2.707534 2.644455 2.592768 2.526152 2.451281 2.390666 2.322663 2.248946 2.188083 2.117009 2.049997 1.982898 1.916795 1.846845 1.781585 1.716658 1.652627 1.589752 1.527985 1.466858 1.407225 1.349418 1.292361 1.236945 1.183068 1.130530 1.079029 1.028966 0.979235 0.930582 0.881711 0.833439 0.785028 0.735738 0.685259 0.633471 0.579932 0.524474 0.466276 0.405862 0.342708 0.277183 0.209349 0.139480
3.575968 3.555133 3.526402 3.493660 3.458611 3.410677 3.375749 3.340428 3.305900 3.281127 3.254422 3.220998 3.172682 3.120334 3.049072 2.982196 2.918507 2.878933 2.839563 2.772051 2.693331 2.627803 2.575535 2.510577 2.435051 2.372856 2.305770 2.231154 2.169889 2.098562 2.030976 1.963362 1.896894 1.826349 1.760714 1.694981 1.630633 1.566826 1.504320 1.442513 1.382152 1.323571 1.265724 1.209585 1.154976 1.101706 1.049528 0.998826 0.948536 0.898533 0.850233 0.801619 0.753102 0.703768 0.653596 0.602137 0.548986 0.493963 0.436509 0.376711 0.314200 0.249391 0.182379 0.113064
3.568376 3.547223 3.518115 3.484895 3.449336 3.400873 3.365195 3.329102 3.293760 3.268324 3.241334 3.208109 3.160313 3.108535 3.037316 2.969395 2.903860 2.863034 2.824326 2.758531 2.679828 2.611809 2.558649 2.495532 2.419542 2.355529 2.289419 2.214065 2.152239 2.080792 2.012590 1.944613 1.877672 1.806521 1.740368 1.674114 1.609176 1.544677 1.481513 1.419000 1.357917 1.298629 1.240052 1.183149 1.127788 1.073910 1.021065 0.969592 0.918765 0.869605 0.819562 0.770704 0.722094 0.672670 0.622587 0.571585 0.518698 0.464082 0.407249 0.348065 0.286180 0.221758 0.155618 0.087021
3.561045 3.539571 3.510094 3.476464 3.440398 3.391431 3.355059 3.318156 3.282014 3.255931 3.228659 3.195505 3.148302 3.097137 3.026070 2.957150 2.889839 2.847607 2.809346 2.745459 2.666987 2.596498 2.542228 2.480986 2.404752 2.338729 2.273558 2.197657 2.135144 2.063720 1.994844 1.926477 1.859087 1.787441 1.720900 1.654010 1.588685 1.523389 1.459554 1.396325 1.334591 1.274612 1.215305 1.157669 1.101614 1.047026 0.993555 0.941325 0.889999 0.840337 0.789958 0.740788 0.691900 0.642472 0.592273 0.541606 0.489178 0.434747 0.378416 0.319861 0.258614 0.194857 0.129281 0.061355
3.553964 3.532185 3.502352 3.468308 3.431808 3.382343 3.345292 3.307664 3.270754 3.243955 3.216274 3.183291 3.136611 3.086041 3.015287 2.945576 2.876434 2.832680 2.794677 2.732713 2.654769 2.581940 2.526134 2.466931 2.390731 2.322516 2.258233 2.181890 2.118589 2.047340 1.977724 1.909078 1.841278 1.769088 1.702036 1.634663 1.568544 1.502864 1.438412 1.374558 1.312185 1.251478 1.191462 1.133161 1.076286 1.021066 0.966925 0.914088 0.862053 0.810510 0.761247 0.711766 0.662606 0.613134 0.562836 0.512375 0.460235 0.406105 0.350245 0.292237 0.231331 0.168225 0.103511 0.036099
3.547098 3.525064 3.494965 3.460487 3.423523 3.373631 3.335935 3.297540 3.259865 3.232388 3.204365 3.171464 3.125248 3.075397 3.004992 2.934538 2.863643 2.818233 2.780351 2.720352 2.643269 2.568048 2.510422 2.453370 2.377485 2.306783 2.243479 2.166889 2.102622 2.031584 1.961227 1.892355 1.824081 1.751452 1.683521 1.616081 1.549146 1.483187 1.418129 1.353640 1.290600 1.229243 1.168594 1.109496 1.051984 0.996171 0.941315 0.887676 0.835145 0.784089 0.733455 0.683684 0.634172 0.584558 0.534147 0.483903 0.431801 0.378037 0.322625 0.265218 0.204704 0.142997 0.078135 0.011316
3.540497 3.518185 3.487793 3.452967 3.415610 3.365303 3.326922 3.287846 3.249392 3.221209 3.192815 3.159940 3.114238 3.065132 2.995242 2.924186 2.851491 2.804206 2.766427 2.708399 2.632415 2.554817 2.495148 2.440210 2.364943 2.291631 2.229246 2.152482 2.087201 2.016576 1.945352 1.876312 1.807645 1.734506 1.666493 1.598244 1.531159 1.464325 1.398673 1.333541 1.269901 1.207966 1.146584 1.086857 1.028637 0.972139 0.916720 0.862241 0.809060 0.757713 0.706734 0.656500 0.606680 0.556680 0.506308 0.456001 0.404357 0.350522 0.295660 0.238632 0.178564 0.116521 0.053019 -0.013126
3.569954 3.551096 3.524313 3.493407 3.460045 3.413922 3.380448 3.346414 3.313199 3.289375 3.263163 3.229842 3.181313 3.128389 3.056937 2.990386 2.927575 2.888005 2.847391 2.777617 2.697977 2.633027 2.579833 2.512452 2.435794 2.372823 2.303565 2.227513 2.164824 2.091624 2.022438 1.952605 1.884514 1.812141 1.744307 1.676554 1.610241 1.544558 1.479828 1.415789 1.353365 1.292605 1.232513 1.174366 1.117583 1.062274 1.007926 0.955070 0.902659 0.851670 0.799558 0.749074 0.698525 0.647618 0.595754 0.542409 0.487678 0.430898 0.371773 0.310335 0.245983 0.179937 0.110226 0.038867
3.572452 3.553215 3.526005 3.494813 3.461129 3.414711 3.381052 3.346806 3.313466 3.289475 3.263234 3.229825 3.181254 3.128452 3.056992 2.990562 2.927797 2.888409 2.847998 2.778484 2.699056 2.634362 2.581475 2.514403 2.438022 2.375490 2.306593 2.230929 2.168628 2.095900 2.027158 1.957874 1.890221 1.818349 1.751103 1.683844 1.618104 1.552900 1.488788 1.425375 1.363525 1.303373 1.243944 1.186334 1.130125 1.075372 1.021604 0.969296 0.917476 0.866986 0.815663 0.765625 0.715410 0.665152 0.613643 0.560734 0.506103 0.449870 0.390902 0.329777 0.265750 0.199056 0.130589 0.059402
3.574933 3.555336 3.527757 3.496195 3.462221 3.415517 3.381630 3.347229 3.313706 3.289625 3.263280 3.229860 3.181270 3.128468 3.057087 2.990719 2.928018 2.888791 2.848567 2.779319 2.700102 2.635657 2.583057 2.516281 2.440278 2.378125 2.309542 2.234437 2.172456 2.100187 2.031874 1.963184 1.895939 1.824566 1.757903 1.691182 1.625946 1.561317 1.497772 1.434910 1.373653 1.314111 1.255246 1.198203 1.142644 1.088490 1.035355 0.983643 0.932252 0.882264 0.831637 0.782155 0.732581 0.682354 0.631221 0.578706 0.524494 0.468535 0.409872 0.349004 0.285221 0.219086 0.150694 0.080007
3.577425 3.557438 3.529535 3.497581 3.463363 3.416324 3.382189 3.347646 3.313951 3.289768 3.263367 3.229872 3.181202 3.128468 3.057132 2.990913 2.928285 2.889228 2.849179 2.780156 2.701245 2.636934 2.584680 2.518168 2.442541 2.380832 2.312609 2.237878 2.176321 2.104457 2.036622 1.968480 1.901657 1.830791 1.764638 1.698514 1.633781 1.569675 1.506735 1.444463 1.383811 1.324804 1.266588 1.210111 1.155176 1.101522 1.048917 0.997848 0.947031 0.896591 0.847602 0.798423 0.749448 0.699527 0.648770 0.596615 0.542809 0.487054 0.428591 0.368031 0.304591 0.238782 0.170766 0.100416
3.579944 3.559559 3.531266 3.498991 3.464456 3.417061 3.382800 3.348049 3.314184 3.289878 3.263450 3.229899 3.181223 3.128496 3.057192 2.991051 2.928560 2.889670 2.849762 2.781010 2.702298 2.638299 2.586289 2.520062 2.444791 2.383480 2.315612 2.241360 2.180185 2.108758 2.041347 1.973788 1.907364 1.836968 1.771341 1.705812 1.641550 1.578010 1.515704 1.454038 1.393925 1.335533 1.277901 1.222002 1.167655 1.114449 1.062602 1.012039 0.961735 0.911992 0.863450 0.814792 0.766127 0.716671 0.666130 0.614310 0.560843 0.505430 0.447264 0.386918 0.323895 0.258398 0.190547 0.120737
3.582452 3.561701 3.533049 3.500411 3.465572 3.417897 3.383389 3.348526 3.314477 3.290050 3.263538 3.229958 3.181191 3.128557 3.057293 2.991247 2.928852 2.890107 2.850350 2.781827 2.703364 2.639612 2.587915 2.521955 2.447036 2.386143 2.318610 2.244826 2.184024 2.113027 2.046108 1.979113 1.913082 1.843182 1.778081 1.713131 1.649279 1.586372 1.524610 1.463576 1.404007 1.346223 1.289210 1.233821 1.180110 1.127549 1.076134 1.026112 0.976434 0.927931 0.879242 0.831100 0.782831 0.733651 0.683550 0.631994 0.578777 0.523460 0.465611 0.405581 0.342969 0.277710 0.210416 0.140864
3.584967 3.563826 3.534762 3.501839 3.466664 3.418666 3.383958 3.348958 3.314728 3.290221 3.263605 3.229963 3.181208 3.128557 3.057365 2.991426 2.929184 2.890565 2.850954 2.782686 2.704443 2.640939 2.589559 2.523935 2.449297 2.388826 2.321643 2.248290 2.187859 2.117328 2.050842 1.984491 1.918811 1.849379 1.784758 1.720466 1.657022 1.594724 1.533566 1.473113 1.414081 1.356891 1.300413 1.245629 1.192494 1.140496 1.089542 1.040183 0.991033 0.943171 0.894948 0.847264 0.799508 0.750411 0.700542 0.649340 0.596498 0.541544 0.483968 0.424207 0.361848 0.296953 0.229877 0.160927
3.587493 3.565958 3.536556 3.503223 3.467834 3.419466 3.384594 3.349390 3.314983 3.290391 3.263658 3.230045 3.181171 3.128559 3.057483 2.991609 2.929460 2.891028 2.851568 2.783514 2.705551 2.642317 2.591163 2.525913 2.451568 2.391580 2.324648 2.251776 2.191716 2.121673 2.055545 1.989708 1.924571 1.855628 1.791312 1.727814 1.664941 1.603040 1.542508 1.482617 1.424128 1.367574 1.311748 1.257415 1.204903 1.153287 1.103099 1.054123 1.005614 0.958333 0.910626 0.863392 0.816062 0.767211 0.717586 0.666723 0.613971 0.559294 0.502015 0.442651 0.380618 0.315994 0.249176 0.180587
3.590009 3.568088 3.538339 3.504678 3.468918 3.420253 3.385191 3.349869 3.315238 3.290586 3.263747 3.230086 3.181184 3.128609 3.057564 2.991803 2.929797 2.891471 2.852216 2.784377 2.706589 2.643680 2.592834 2.527934 2.453885 2.394248 2.327671 2.255305 2.195556 2.125975 2.060324 1.995115 1.930262 1.861829 1.798048 1.735151 1.672870 1.611407 1.551424 1.492085 1.434220 1.378193 1.322963 1.269201 1.217248 1.166173 1.116452 1.068167 1.020111 0.973483 0.926234 0.879392 0.832497 0.783989 0.734490 0.684051 0.631450 0.577089 0.520084 0.460792 0.399223 0.334824 0.268373 0.200195
3.592514 3.570259 3.540064 3.506055 3.470057 3.421079 3.385824 3.350289 3.315527 3.290750 3.263834 3.230158 3.181134 3.128651 3.057661 2.992036 2.930109 2.891966 2.852843 2.785205 2.707662 2.645024 2.594512 2.529955 2.456100 2.396965 2.330704 2.258785 2.199440 2.130299 2.065078 2.000484 1.936018 1.867993 1.805019 1.742531 1.680878 1.619719 1.560353 1.501551 1.444223 1.388829 1.334201 1.280904 1.229548 1.179016 1.129838 1.082103 1.034609 0.988504 0.941677 0.895277 0.848737 0.800478 0.751174 0.700899 0.648737 0.594537 0.537733 0.478827 0.417612 0.353634 0.287435 0.219428
