-1.2018198073e+00
-1.0139191193e+00
-8.6160382014e-01
-7.9090786883e-01
-7.1438068907e-01
-6.7632206681e-01
-6.3405487381e-01
-5.8803946363e-01
-5.6944928796e-01
-5.4077153462e-01
-4.9961877140e-01
-4.7533670195e-01
-4.6042036143e-01
-4.3394086416e-01
-4.1082366194e-01
-3.9087642051e-01
-3.6778094038e-01
-3.4325235118e-01
-3.1812612427e-01
-2.9020803806e-01
-2.5402521658e-01
-2.1951380304e-01
-1.9055943007e-01
-1.6004933418e-01
-1.3307309009e-01
-1.0968264507e-01
-8.5356625777e-02
-6.2380016116e-02
-3.9231069001e-02
-1.5673152949e-02
7.8082589548e-03
3.1323009357e-02
5.4941672530e-02
7.8338330505e-02
1.0727038941e-01
1.3567288716e-01
1.5915510098e-01
1.8224482135e-01
2.0540880086e-01
2.2848866874e-01
2.5196069885e-01
2.7529443099e-01
2.9857613712e-01
3.2187693493e-01
3.4505580479e-01
3.6837950811e-01
3.9155002294e-01
4.1465164341e-01
4.3797610912e-01
4.6127396268e-01
4.8456000496e-01
5.0786051584e-01
5.3106408906e-01
5.5426725695e-01
5.7751534268e-01
6.0077671591e-01
6.2403050549e-01
6.4730438612e-01
6.7060271842e-01
6.9385064803e-01
7.1706452232e-01
7.4026688626e-01
7.6351111906e-01
7.8653267969e-01
8.0971062747e-01
8.3290231779e-01
8.5608165595e-01
8.7921345018e-01
9.0220877805e-01
9.2487114438e-01
9.4795854015e-01
9.7067519428e-01
9.9234851949e-01
